/*--------------------------------*- C++ -*----------------------------------*\
  =========                 |
  \\      /  F ield         | OpenFOAM: The Open Source CFD Toolbox
   \\    /   O peration     | Website:  https://openfoam.org
    \\  /    A nd           | Version:  8
     \\/     M anipulation  |
\*---------------------------------------------------------------------------*/
FoamFile
{
    version     2.0;
    format      ascii;
    class       volScalarField;
    location    "8.4";
    object      p;
}
// * * * * * * * * * * * * * * * * * * * * * * * * * * * * * * * * * * * * * //

dimensions      [0 2 -2 0 0 0 0];

internalField   nonuniform List<scalar> 
3080
(
4.07108e-05
3.83125e-05
4.04944e-05
4.07148e-05
3.95381e-05
4.05216e-05
4.05708e-05
2.23364e-05
4.0451e-05
4.0576e-05
4.0726e-05
4.06034e-05
3.73718e-05
3.93414e-05
4.07309e-05
3.87771e-05
4.05635e-05
4.06399e-05
4.07201e-05
4.01928e-05
2.68293e-05
4.02843e-05
3.99909e-05
2.39028e-05
3.97186e-05
3.90328e-05
4.05099e-05
3.89346e-05
4.07154e-05
3.91526e-05
3.48152e-05
2.44405e-05
3.90947e-05
2.57279e-05
3.05099e-05
4.07422e-05
4.03135e-05
3.1349e-05
4.0601e-05
3.91536e-05
4.06926e-05
4.0619e-05
4.06669e-05
4.06361e-05
3.88362e-05
4.0727e-05
4.04359e-05
4.07092e-05
4.06728e-05
3.84006e-05
4.06344e-05
3.32177e-05
4.00848e-05
4.05454e-05
3.90941e-05
4.05232e-05
4.0489e-05
2.75986e-06
3.11766e-05
4.05284e-05
3.02707e-06
3.3612e-06
4.21995e-06
4.05641e-05
3.85132e-06
4.25659e-06
4.06044e-05
4.05836e-05
2.1509e-06
5.72148e-06
4.05789e-05
3.58991e-06
2.84308e-05
7.23821e-06
4.06631e-05
2.75219e-05
4.0659e-05
5.0878e-06
4.06055e-05
4.06714e-05
3.84261e-05
4.05917e-05
8.75773e-06
3.44856e-05
4.02433e-05
6.60029e-06
4.03708e-05
9.96675e-06
1.0886e-05
4.03878e-05
8.11899e-06
1.02801e-05
1.26472e-06
9.11312e-06
9.961e-06
4.04712e-05
9.64009e-06
1.13854e-05
1.2423e-05
4.05979e-05
4.0569e-05
2.48163e-06
2.76638e-06
2.76956e-05
4.03379e-05
3.94058e-05
4.06516e-05
1.11608e-05
1.05298e-05
1.14964e-05
1.28037e-05
1.39598e-05
4.06241e-05
4.78112e-06
5.2659e-06
2.34829e-05
4.02909e-05
1.63106e-06
1.83431e-06
1.19487e-05
1.30338e-05
4.05463e-05
4.02774e-05
5.71899e-06
6.28284e-06
4.06746e-05
4.06753e-05
1.51617e-05
1.65143e-05
3.89235e-05
6.66104e-06
7.30406e-06
4.05432e-05
7.6073e-06
8.3294e-06
4.07291e-05
4.04508e-05
4.0697e-05
1.65909e-05
1.80531e-05
1.67382e-05
1.58571e-05
4.0648e-05
8.55254e-06
9.35341e-06
3.86874e-05
4.06674e-05
1.43089e-05
1.55922e-05
3.48453e-06
3.85804e-06
4.06831e-05
4.04672e-05
4.05208e-05
4.06742e-05
1.80478e-05
1.95956e-05
2.95001e-05
3.23793e-06
4.05272e-05
1.82535e-05
1.9606e-05
2.12876e-05
3.91924e-05
1.82087e-06
1.73729e-05
4.07023e-05
4.04895e-05
4.72043e-06
1.57239e-05
1.71261e-05
4.04209e-05
2.35598e-05
1.97807e-05
3.08055e-05
6.22803e-06
2.29453e-05
2.09428e-05
4.06802e-05
3.36281e-07
3.5253e-07
2.76068e-07
1.21757e-05
1.8883e-05
2.74754e-05
4.04504e-05
2.14112e-05
7.7461e-06
1.71574e-05
1.86615e-05
4.06049e-05
1.31908e-05
4.03371e-05
2.45811e-05
4.06561e-05
1.37471e-05
1.49812e-05
4.06519e-05
2.00974e-05
2.18513e-05
2.14034e-06
2.39588e-06
9.26738e-06
2.38806e-05
1.42031e-05
2.04748e-05
2.2261e-05
2.04465e-05
2.3093e-05
4.06627e-05
9.58757e-06
1.04751e-05
4.01454e-05
4.06852e-05
3.89332e-05
4.05252e-05
1.5218e-05
2.33901e-05
2.12119e-05
1.07878e-05
4.4063e-06
4.85911e-06
2.36303e-05
1.10058e-05
1.20119e-05
4.03277e-05
3.99582e-05
4.04596e-05
5.34077e-06
5.8727e-06
2.59447e-05
4.03813e-05
2.39094e-05
2.22004e-05
4.03087e-05
2.42422e-05
2.45281e-05
6.28084e-06
6.89182e-06
4.07131e-05
1.24243e-05
1.3549e-05
4.03774e-05
2.31073e-05
4.73287e-07
4.8286e-07
5.63345e-07
2.33936e-05
4.05776e-05
7.22304e-06
7.91311e-06
3.68893e-05
2.1239e-05
1.3249e-06
1.50498e-06
3.77696e-05
2.07129e-05
8.16908e-06
8.93803e-06
2.52005e-05
4.07026e-05
1.90328e-05
2.06351e-05
2.13875e-05
1.97254e-05
2.1886e-05
2.02069e-05
4.06591e-05
2.03811e-05
1.87771e-05
4.05293e-05
1.47807e-05
1.61045e-05
1.63628e-05
2.144e-05
4.03759e-05
1.9366e-05
1.78276e-05
4.07109e-05
1.83435e-05
1.68666e-05
2.39252e-05
1.73189e-05
1.59081e-05
2.53683e-05
2.08852e-05
1.92518e-05
2.12511e-05
1.18022e-05
1.57833e-05
1.44873e-05
2.0791e-05
1.61977e-05
1.76393e-05
1.78757e-05
1.47568e-05
1.35386e-05
2.82015e-05
3.7733e-07
2.54229e-07
3.10807e-07
2.03293e-05
1.9363e-05
1.37335e-05
1.25942e-05
1.28168e-05
1.27103e-05
1.16501e-05
1.98746e-05
1.83043e-05
1.78426e-05
4.05277e-05
1.16836e-05
1.07029e-05
2.39567e-05
1.63188e-05
2.62094e-05
1.98565e-05
1.01401e-05
9.27823e-06
1.88573e-05
1.76446e-05
1.91767e-05
4.06817e-05
1.93887e-05
1.38299e-05
1.47922e-05
8.60405e-06
7.8602e-06
1.68135e-05
1.54387e-05
1.88562e-05
1.73468e-05
7.58606e-06
6.92075e-06
1.32679e-05
6.56144e-06
5.97551e-06
1.22547e-05
1.48417e-05
1.7334e-05
1.33682e-05
1.45715e-05
5.0145e-06
4.5471e-06
4.04222e-05
1.07307e-05
2.10013e-05
3.97933e-06
3.5904e-06
3.30465e-05
1.78328e-05
1.63904e-05
1.83501e-05
4.0698e-05
9.20855e-06
4.0648e-05
2.17858e-06
2.44837e-06
3.78949e-05
4.05182e-05
1.58091e-05
7.68671e-06
6.16182e-06
2.27549e-05
4.63038e-06
4.04336e-05
3.07837e-06
1.62962e-05
1.49616e-05
4.05201e-05
1.68276e-05
3.81569e-05
2.53027e-05
1.37756e-05
4.04174e-05
2.73607e-05
1.52706e-05
1.40133e-05
4.04822e-05
3.8991e-05
4.06694e-05
4.07271e-05
1.06507e-05
9.74936e-06
1.53026e-05
1.68142e-06
1.12402e-05
1.4246e-05
1.30672e-05
4.06714e-05
1.86216e-05
2.02109e-05
2.52364e-05
9.1122e-06
8.32917e-06
4.06026e-05
1.42818e-05
2.23847e-05
2.44954e-05
4.05903e-05
9.7179e-06
2.19591e-05
4.0654e-05
1.32226e-05
1.21229e-05
3.92852e-05
8.19512e-06
1.27632e-05
1.21989e-05
1.11785e-05
4.0404e-05
2.49955e-05
5.5269e-06
5.02027e-06
3.93081e-05
6.6719e-06
1.17462e-05
1.1172e-05
1.02311e-05
4.06621e-05
4.03258e-05
5.14401e-06
1.534e-07
2.21178e-07
1.63366e-07
4.06431e-05
1.40217e-06
1.2424e-06
4.07279e-05
1.02235e-05
9.63252e-06
8.81029e-06
2.94548e-06
2.63678e-06
4.0703e-05
3.95875e-05
4.03488e-05
4.03282e-05
3.98917e-05
2.28545e-06
2.0419e-06
4.05145e-05
3.6e-06
4.31734e-06
4.7624e-06
1.06527e-06
1.18378e-06
1.07855e-06
4.06407e-05
5.25204e-06
5.77631e-06
6.19214e-06
6.7955e-06
7.13626e-06
7.81882e-06
8.0823e-06
8.84375e-06
8.7009e-06
4.06149e-05
8.09708e-06
7.39247e-06
1.35595e-06
1.49501e-06
7.54929e-07
7.40728e-07
8.28908e-07
3.51472e-05
1.32764e-05
1.44717e-05
3.84252e-05
4.05481e-05
4.06882e-05
7.07591e-06
6.45016e-06
4.06626e-05
3.82564e-05
3.71928e-05
4.07304e-05
1.85414e-05
2.01136e-05
7.1789e-06
4.05365e-05
4.05181e-05
4.05606e-05
1.46805e-06
1.63124e-06
1.16689e-05
1.26853e-05
4.00057e-05
6.05045e-06
5.50437e-06
1.36987e-05
2.63423e-05
1.4712e-05
4.06873e-05
3.75405e-05
4.06548e-05
4.06928e-05
4.06913e-05
3.87566e-05
4.0524e-05
4.04044e-05
5.65324e-06
1.37329e-06
4.06563e-05
4.0083e-05
3.72084e-05
4.06646e-05
2.43332e-05
4.04e-05
4.49989e-06
4.07179e-06
4.05226e-05
3.48633e-05
4.05262e-05
2.04019e-06
4.0522e-05
4.06373e-05
4.06243e-05
2.61519e-05
4.05333e-05
3.3855e-06
3.75102e-06
4.11651e-06
3.95985e-05
4.05136e-05
3.46169e-06
3.11258e-06
4.06427e-05
4.04748e-05
4.05024e-05
4.57811e-06
4.03843e-05
3.09214e-06
3.96818e-05
4.05353e-05
6.08736e-06
9.49241e-06
1.03722e-05
3.97407e-05
4.06968e-05
1.19071e-05
1.0909e-05
7.60567e-06
1.34447e-05
1.23281e-05
4.06099e-05
1.59988e-05
1.46845e-05
1.75366e-05
1.61105e-05
1.90767e-05
1.75522e-05
9.12611e-06
4.04905e-05
2.67182e-05
4.0669e-05
3.99573e-05
1.06468e-05
4.07173e-05
4.06634e-05
1.73595e-06
2.30193e-05
1.79726e-06
2.00761e-06
4.02264e-05
4.05266e-05
3.8414e-05
4.06592e-05
1.62238e-05
1.77407e-05
1.92628e-05
4.07103e-05
2.25568e-05
2.08306e-05
3.94005e-05
2.40787e-05
3.98289e-05
4.06672e-05
4.05322e-05
3.96379e-05
4.04151e-05
4.06253e-05
4.06789e-05
4.05054e-05
4.0646e-05
3.64389e-05
4.04766e-05
2.8245e-05
4.06614e-05
4.06513e-05
3.98704e-05
3.96746e-05
3.95072e-05
4.06631e-05
3.83307e-05
4.00649e-05
4.0608e-05
4.01571e-05
4.0519e-05
4.06563e-05
4.05149e-05
2.58177e-05
4.04893e-05
4.0646e-05
3.8596e-05
4.05887e-05
4.07056e-05
2.17848e-05
4.05476e-05
4.05893e-05
4.06295e-05
4.06537e-05
4.0202e-05
2.15146e-06
4.06682e-05
2.557e-06
4.0658e-05
3.92971e-05
2.7282e-05
2.28723e-05
3.995e-05
4.06547e-05
4.0536e-05
4.07064e-05
4.0601e-05
4.06758e-05
4.06645e-05
4.0683e-05
4.07051e-05
4.06351e-05
4.0134e-05
4.068e-05
4.04017e-05
4.06128e-05
4.01506e-05
2.43673e-05
4.05296e-05
4.06419e-05
3.57075e-05
4.05411e-05
4.06351e-05
3.84916e-05
3.97413e-05
3.52984e-05
4.05367e-05
4.06664e-05
4.02225e-05
4.06816e-05
4.05865e-05
4.05375e-05
4.00209e-05
4.06785e-05
3.97376e-05
4.0531e-05
4.03449e-05
4.07106e-05
4.05408e-05
4.06218e-05
2.43119e-06
2.17752e-06
4.05787e-05
3.96298e-05
4.05472e-05
3.95661e-05
4.0696e-05
4.06926e-05
4.05108e-05
4.05784e-05
2.38526e-05
4.06838e-05
4.0525e-05
4.06849e-05
4.07021e-05
4.04942e-05
4.07076e-05
4.06586e-05
4.06355e-05
4.06611e-05
4.06507e-05
4.05079e-05
4.05225e-05
4.06916e-05
4.06537e-05
4.06635e-05
4.07009e-05
4.05328e-05
4.056e-05
4.06146e-05
4.06621e-05
4.06315e-05
4.05992e-05
4.05841e-05
4.05401e-05
4.06988e-05
4.04885e-05
4.06047e-05
3.92461e-05
4.07104e-05
4.00358e-05
4.06506e-05
4.04982e-05
4.00277e-05
4.00726e-05
4.06466e-05
2.73989e-05
4.0677e-05
3.99256e-05
4.05279e-05
4.06657e-05
4.05044e-05
4.07114e-05
4.05927e-05
4.06752e-05
4.06414e-05
4.06943e-05
4.04965e-05
4.06859e-05
3.97221e-05
4.01816e-05
4.06825e-05
4.06787e-05
4.06033e-05
4.01011e-05
4.05415e-05
4.05492e-05
4.06963e-05
3.94167e-05
4.04245e-05
4.07225e-05
4.06312e-05
4.05973e-05
4.0591e-05
4.05077e-05
4.05312e-05
4.07148e-05
4.06668e-05
4.05401e-05
4.06755e-05
4.05056e-05
4.05636e-05
4.07089e-05
3.99275e-05
2.17713e-06
4.0662e-05
4.00206e-05
4.05483e-05
4.06621e-05
4.0516e-05
4.06686e-05
4.06621e-05
4.06792e-05
4.06108e-05
4.04626e-05
4.05794e-05
3.91637e-05
4.07163e-05
4.06744e-05
4.06823e-05
4.04211e-05
4.0646e-05
4.05408e-05
4.07058e-05
4.06847e-05
4.07357e-05
4.04674e-05
4.06945e-05
4.05144e-05
4.05656e-05
4.069e-05
3.97235e-05
2.60362e-06
4.05843e-05
4.06104e-05
3.98442e-05
4.02751e-05
4.06526e-05
3.97145e-05
4.06385e-05
4.05159e-05
4.05179e-05
4.07051e-05
4.05108e-05
4.07057e-05
4.0594e-05
4.03321e-05
2.36852e-05
4.01811e-05
4.01822e-05
4.05523e-05
4.06448e-05
4.07052e-05
4.07129e-05
4.0707e-05
4.05375e-05
4.06582e-05
4.07224e-05
4.01463e-05
4.07337e-05
4.01875e-05
4.06967e-05
4.07292e-05
4.06325e-05
4.06232e-05
4.05148e-05
4.07004e-05
4.06849e-05
4.06533e-05
4.07334e-05
4.04828e-05
4.05586e-05
4.05448e-05
4.07086e-05
4.0693e-05
4.05453e-05
4.06501e-05
4.0681e-05
4.06265e-05
2.2359e-05
4.07082e-05
4.04357e-05
4.03987e-05
4.06374e-05
4.06632e-05
4.06841e-05
4.07063e-05
4.02394e-05
4.07209e-05
4.05294e-05
4.04915e-05
4.0542e-05
4.05764e-05
4.06247e-05
4.06009e-05
4.06842e-05
4.04949e-05
4.0724e-05
4.06254e-05
4.06198e-05
4.07031e-05
4.03943e-05
4.05619e-05
4.0618e-05
4.06428e-05
4.07351e-05
4.0714e-05
4.05793e-05
4.04974e-05
4.06657e-05
4.05274e-05
4.06495e-05
4.07312e-05
4.05048e-05
4.04891e-05
4.0624e-05
4.05432e-05
4.04217e-05
4.04719e-05
4.0549e-05
4.07355e-05
4.06891e-05
4.06441e-05
4.00584e-05
4.04394e-05
4.05325e-05
2.88858e-06
2.59352e-06
4.06484e-05
4.07054e-05
4.0493e-05
4.01874e-05
4.0098e-05
3.08166e-06
4.06141e-05
4.05938e-05
4.07124e-05
4.05497e-05
4.05051e-05
4.06121e-05
4.04034e-05
4.00168e-05
4.06204e-05
3.99898e-05
4.00495e-05
4.01612e-05
4.071e-05
4.07113e-05
4.00022e-05
4.04709e-05
4.04714e-05
4.04102e-05
4.07232e-05
4.01245e-05
3.98777e-05
4.07016e-05
4.06801e-05
4.04928e-05
3.51309e-05
4.06962e-05
4.03062e-05
4.05695e-05
4.00485e-05
4.06886e-05
3.99455e-05
4.02403e-05
4.07136e-05
3.99246e-05
4.01924e-05
4.05223e-05
4.06655e-05
4.06203e-05
3.93331e-05
3.99183e-05
4.01049e-05
4.01465e-05
4.07157e-05
4.0484e-05
4.05469e-05
4.02548e-05
4.01717e-05
4.05011e-05
4.04507e-05
4.04255e-05
4.04387e-05
4.00307e-05
4.02152e-05
3.98335e-05
3.57101e-06
4.06848e-05
4.05063e-05
4.06135e-05
3.36401e-06
3.02884e-06
4.02363e-05
2.94162e-06
2.63538e-06
4.04248e-05
3.94075e-05
4.06868e-05
4.06901e-05
4.04685e-05
4.06846e-05
4.02938e-05
4.04555e-05
4.05783e-05
4.06666e-05
4.02707e-05
4.07068e-05
4.04564e-05
4.04822e-05
4.03052e-05
4.03525e-05
3.47927e-06
3.85398e-06
2.2333e-05
4.03442e-05
4.01184e-05
4.05632e-05
4.02705e-05
4.03753e-05
4.03741e-05
4.0702e-05
4.05702e-05
3.92106e-05
4.01968e-05
3.94707e-05
4.03175e-05
4.08232e-05
4.0225e-05
4.0615e-05
4.0422e-05
3.68233e-06
4.04638e-05
3.93878e-05
4.02865e-05
4.01629e-05
4.03431e-05
4.02378e-05
4.06633e-06
4.05062e-05
4.06588e-05
3.97406e-05
4.03397e-05
4.35423e-06
3.94004e-06
3.98445e-05
4.03236e-05
2.03884e-06
1.80966e-06
2.2233e-05
4.06908e-05
4.00209e-05
4.03333e-05
4.56825e-06
3.98074e-05
4.06871e-05
3.99887e-05
4.04834e-05
4.04323e-05
4.40586e-06
4.85959e-06
4.05494e-05
5.07323e-06
4.02248e-05
4.02501e-05
3.98512e-05
4.02491e-05
5.21201e-06
5.57854e-06
4.05101e-05
5.37011e-06
4.8768e-06
4.06588e-05
6.08582e-06
5.34932e-06
5.88219e-06
5.0218e-06
5.52747e-06
3.95264e-05
6.59366e-06
4.06752e-05
5.82148e-06
6.39393e-06
6.73346e-06
7.09972e-06
2.25166e-05
6.29491e-06
6.907e-06
7.6062e-06
2.48697e-05
7.41741e-06
6.76581e-06
8.11337e-06
7.92739e-06
7.23643e-06
8.25362e-06
8.62084e-06
8.43465e-06
7.70435e-06
9.12768e-06
9.63533e-06
8.1759e-06
8.9455e-06
9.77662e-06
8.64832e-06
9.45731e-06
1.01428e-05
8.33061e-06
9.11293e-06
1.06493e-05
9.96943e-06
9.12101e-06
1.11567e-05
9.59593e-06
1.04841e-05
1.1665e-05
1.12978e-05
1.0999e-05
1.00711e-05
1.06451e-05
9.74441e-06
1.21726e-05
1.05454e-05
1.15129e-05
1.20266e-05
1.10195e-05
1.26791e-05
1.25378e-05
1.14911e-05
1.3183e-05
1.3049e-05
1.19628e-05
1.36919e-05
1.24346e-05
1.35602e-05
1.23095e-05
6.73535e-06
2.37528e-05
2.43172e-05
2.2835e-05
2.05473e-05
2.22014e-05
2.87522e-06
2.58055e-06
1.148e-05
1.25255e-05
6.38444e-06
5.81321e-06
1.38366e-05
2.26915e-05
2.10729e-05
9.77576e-06
2.03923e-05
1.29079e-05
2.36845e-05
1.40731e-05
3.72747e-06
2.44673e-05
1.74218e-05
1.58969e-05
9.99104e-07
8.57039e-07
2.16216e-05
2.28843e-06
1.12951e-05
1.09881e-05
1.00612e-05
2.07436e-05
1.91141e-05
2.22009e-05
1.41973e-05
1.81511e-05
1.66745e-05
2.92952e-05
1.96906e-05
1.81319e-05
6.75483e-06
8.25329e-06
9.45254e-06
8.64429e-06
7.40513e-06
1.40632e-05
1.28994e-05
2.32053e-05
4.36053e-06
3.94767e-06
2.18225e-05
5.22239e-06
2.42094e-05
2.66336e-05
5.36864e-06
4.87651e-06
2.66625e-05
1.92645e-06
1.70833e-06
2.5047e-05
8.42688e-06
7.69755e-06
2.8346e-05
2.17842e-05
1.81431e-05
1.89435e-05
1.97002e-05
1.91894e-05
1.76592e-05
2.20258e-05
1.66632e-05
1.53009e-05
2.02171e-05
1.97712e-05
1.33235e-05
2.12621e-05
2.0739e-05
2.49959e-05
1.92615e-05
1.86262e-05
1.77503e-05
1.338e-05
1.5349e-05
2.44653e-05
1.95804e-05
1.43351e-05
1.62203e-05
1.91035e-05
2.13363e-05
1.72433e-05
1.67357e-05
2.18965e-05
2.00489e-05
1.38531e-05
1.56095e-05
1.5097e-05
1.87593e-05
1.61228e-05
1.66352e-05
1.45846e-05
1.5745e-05
1.99091e-05
1.71779e-05
1.48005e-05
1.82548e-05
2.08094e-05
1.57234e-05
2.39972e-05
2.37203e-05
1.43268e-05
2.23287e-05
2.02939e-05
2.1594e-05
1.71469e-05
1.6869e-05
1.50841e-05
1.38414e-05
1.76579e-05
2.22975e-05
1.62295e-05
1.83801e-05
2.37106e-05
1.8679e-05
1.66172e-05
1.5254e-05
1.52727e-05
2.41005e-05
1.47061e-05
1.66973e-05
2.32701e-05
1.52144e-05
2.24165e-05
2.05615e-05
2.50326e-05
2.27992e-05
2.18987e-05
1.8168e-05
2.43368e-05
2.27501e-05
2.43253e-05
2.33643e-05
2.24482e-05
2.05117e-05
4.02084e-05
2.11599e-05
2.13833e-05
2.09539e-05
2.15358e-05
4.03905e-05
4.05096e-05
4.0361e-05
2.3228e-05
4.05189e-05
4.06844e-05
4.03155e-05
2.02019e-05
4.03456e-05
4.02955e-05
4.06528e-05
4.04787e-05
4.0545e-05
2.39634e-05
4.00546e-05
2.13116e-05
4.0285e-05
4.04091e-05
4.03359e-05
3.99832e-05
4.01519e-05
3.89211e-05
2.06834e-05
2.36317e-05
4.03365e-05
4.01671e-05
2.36172e-05
4.03859e-05
4.02715e-05
2.08498e-05
4.0424e-05
4.01914e-05
4.06863e-05
4.06825e-05
4.06902e-05
4.04599e-05
4.02591e-05
4.05044e-05
4.04933e-05
3.85763e-05
4.0259e-05
4.02251e-05
4.05031e-05
3.93572e-05
1.85667e-05
1.70722e-05
4.04361e-05
4.05252e-05
4.07502e-05
4.06585e-05
2.29731e-05
4.01815e-05
4.06158e-05
4.0171e-05
4.01031e-05
4.07024e-05
3.95272e-05
4.04664e-05
4.00931e-05
4.0399e-05
4.0403e-05
4.01307e-05
4.04165e-05
3.98324e-05
4.06642e-05
4.0441e-05
4.05827e-05
4.03748e-05
4.02124e-05
4.00998e-05
4.03745e-05
4.04705e-05
4.03649e-05
4.05262e-05
4.05995e-05
4.0495e-05
4.05351e-05
4.05605e-05
4.04835e-05
3.98354e-05
4.03645e-05
4.05178e-05
4.04534e-05
2.12295e-05
1.95827e-05
4.05555e-05
4.04342e-05
4.00748e-05
4.0385e-05
4.04126e-05
4.05261e-05
4.05481e-05
4.06043e-05
4.03891e-05
4.05543e-05
2.09154e-05
4.0368e-05
4.0659e-05
4.03298e-05
4.05815e-05
3.97404e-05
4.06909e-05
3.97719e-05
4.04067e-05
4.05008e-05
4.0212e-05
4.03206e-05
4.0675e-05
4.01004e-05
4.00981e-05
4.05081e-05
4.06672e-05
4.03857e-05
4.06409e-05
4.06694e-05
4.0705e-05
2.54869e-05
4.06456e-05
4.07176e-05
4.07061e-05
4.05709e-05
4.04822e-05
4.04551e-05
4.05159e-05
4.05254e-05
4.07108e-05
4.06672e-05
4.05638e-05
4.04415e-05
4.04925e-05
4.07211e-05
4.06976e-05
4.06864e-05
4.06688e-05
4.03918e-05
4.07017e-05
4.06667e-05
4.06928e-05
4.03762e-05
4.00828e-05
4.04857e-05
4.05123e-05
1.70263e-05
1.56374e-05
4.06581e-05
4.07031e-05
4.04967e-05
4.04616e-05
4.03326e-05
4.05325e-05
2.08818e-05
1.92396e-05
4.05471e-05
3.94835e-05
4.04223e-05
2.49085e-05
4.06674e-05
4.04269e-05
2.17274e-05
2.00714e-05
9.85997e-07
4.05232e-05
4.04086e-05
4.04407e-05
4.07114e-05
4.07001e-05
4.05075e-05
4.05154e-05
4.06914e-05
4.05454e-05
4.06586e-05
4.04279e-05
4.06095e-05
4.06655e-05
3.99766e-05
4.05242e-05
4.05468e-05
4.05107e-05
4.0452e-05
4.07013e-05
4.05236e-05
4.05148e-05
4.05992e-05
4.06268e-05
4.05312e-05
4.06834e-05
4.06994e-05
4.06972e-05
4.01698e-05
4.06949e-05
4.01054e-05
4.07064e-05
4.06657e-05
3.98562e-05
3.96289e-05
4.06683e-05
4.07102e-05
4.05137e-05
4.05265e-05
4.06298e-05
4.04079e-05
4.07029e-05
4.00283e-05
4.05802e-05
4.05565e-05
4.04306e-05
4.01363e-05
4.06688e-05
4.05271e-05
4.07077e-05
4.05605e-05
2.02334e-05
1.86307e-05
4.04343e-05
4.0538e-05
4.06346e-05
1.5492e-05
1.4218e-05
3.98711e-05
1.99245e-05
4.04329e-05
4.06122e-05
4.07053e-05
4.04888e-05
4.05594e-05
4.06984e-05
4.06388e-05
4.04047e-05
4.06302e-05
4.0416e-05
4.06825e-05
4.05689e-05
4.05661e-05
2.04078e-05
4.05412e-05
4.06534e-05
4.04946e-05
4.07111e-05
3.99121e-05
4.05531e-05
4.05482e-05
4.07222e-05
4.04702e-05
3.95205e-05
4.04685e-05
3.9268e-05
4.03736e-05
4.05035e-05
4.05689e-05
4.05851e-05
4.05927e-05
4.0659e-05
4.05909e-05
4.06111e-05
4.02782e-05
4.05399e-05
4.033e-05
4.06546e-05
4.06977e-05
4.07141e-05
4.04873e-05
4.07071e-05
4.06993e-05
4.05828e-05
4.05282e-05
4.07252e-05
4.06108e-05
4.05236e-05
4.07094e-05
4.04841e-05
4.04365e-05
2.19925e-05
4.06872e-05
4.0675e-05
4.06329e-05
4.07032e-05
4.06733e-05
4.04015e-05
4.04878e-05
4.04438e-05
4.06914e-05
4.0628e-05
4.06734e-05
4.01865e-05
4.06932e-05
4.03471e-05
4.06541e-05
4.05529e-05
4.06877e-05
4.06742e-05
4.06725e-05
4.05055e-05
4.05072e-05
4.05144e-05
4.06913e-05
4.05219e-05
4.05257e-05
4.02854e-05
4.0001e-05
4.06796e-05
4.06545e-05
4.05327e-05
4.0627e-05
4.04069e-05
3.96346e-05
1.98575e-05
1.82863e-05
4.05823e-05
4.06026e-05
1.94125e-05
4.05832e-05
4.03283e-05
4.07161e-05
4.0479e-05
4.07087e-05
4.05723e-05
4.0625e-05
4.05505e-05
2.13952e-05
1.97203e-05
4.07199e-05
4.06927e-05
4.06221e-05
4.0555e-05
4.06961e-05
4.06442e-05
4.05588e-05
4.06054e-05
4.05545e-05
4.05759e-05
4.0547e-05
1.99095e-05
4.05402e-05
4.05824e-05
4.05689e-05
4.06901e-05
4.04761e-05
4.07116e-05
3.9741e-05
4.06885e-05
4.05813e-05
2.83816e-05
4.07079e-05
4.04903e-05
4.07121e-05
4.05644e-05
4.05198e-05
4.01196e-05
4.07157e-05
4.07021e-05
4.04618e-05
4.07233e-05
3.9914e-05
4.06885e-05
4.05684e-05
4.05035e-05
4.05734e-05
4.04995e-05
4.06949e-05
4.06835e-05
4.06376e-05
4.03386e-05
4.05126e-05
4.06786e-05
4.07137e-05
4.05526e-05
3.98738e-05
4.04607e-05
4.07264e-05
4.05608e-05
4.02273e-05
4.05372e-05
4.07042e-05
4.07169e-05
4.06981e-05
4.07195e-05
4.06754e-05
4.04477e-05
4.05498e-05
4.06965e-05
4.05592e-05
4.07164e-05
4.07206e-05
4.06857e-05
4.04934e-05
4.05881e-05
4.06957e-05
4.0711e-05
4.07206e-05
4.07212e-05
4.05425e-05
4.05065e-05
4.05363e-05
4.0434e-05
4.07068e-05
4.06367e-05
4.06862e-05
4.06892e-05
4.05973e-05
4.04554e-05
4.0567e-05
4.0641e-05
4.04012e-05
4.06056e-05
1.9223e-05
1.76829e-05
4.06836e-05
4.06716e-05
4.05425e-05
2.02981e-05
4.04824e-05
4.06642e-05
1.29353e-05
1.18583e-05
4.06768e-05
4.05242e-05
4.06914e-05
4.06145e-05
4.06028e-05
4.06752e-05
4.04852e-05
4.05852e-05
4.05661e-05
4.05438e-05
4.0481e-05
4.05807e-05
4.06505e-05
4.05548e-05
4.04527e-05
4.04739e-05
4.07135e-05
3.99943e-05
4.05959e-05
4.0282e-05
4.02302e-05
3.98019e-05
4.05056e-05
4.02532e-05
4.06726e-05
4.05191e-05
4.02703e-05
3.98661e-05
4.05644e-05
4.05311e-05
4.07096e-05
4.06738e-05
4.06142e-05
4.00243e-05
4.05048e-05
4.05741e-05
4.07168e-05
4.06816e-05
4.05354e-05
4.06753e-05
4.0558e-05
4.0649e-05
4.06727e-05
4.03874e-05
4.03851e-05
4.0672e-05
3.97517e-05
4.05481e-05
4.0591e-05
4.02446e-05
3.96512e-05
4.03906e-05
4.08719e-06
4.00668e-05
4.07232e-05
4.06759e-05
1.88325e-05
1.73196e-05
4.07134e-05
1.84385e-05
4.06395e-05
3.97713e-05
4.06002e-05
4.06171e-05
4.07108e-05
4.05568e-05
4.05402e-05
2.07361e-05
1.91048e-05
4.05781e-05
4.05429e-05
1.13976e-05
1.04389e-05
4.06471e-05
4.06902e-05
4.05503e-05
3.95864e-05
4.06608e-05
4.06274e-05
3.98828e-05
4.06527e-05
4.072e-05
1.94399e-05
3.98397e-05
4.05633e-05
4.06429e-05
4.06955e-05
1.87611e-05
4.06503e-05
5.58994e-06
4.07151e-05
4.00347e-05
4.04298e-05
4.06875e-05
4.0587e-05
4.04026e-05
4.04857e-05
4.06804e-05
4.06702e-05
4.06616e-05
4.06548e-05
4.02524e-05
4.06392e-05
4.06582e-05
4.06934e-05
4.06417e-05
4.05238e-05
4.06939e-05
4.06097e-05
7.10584e-06
4.06003e-05
4.04744e-05
4.07061e-05
4.05349e-05
4.07136e-05
1.81992e-05
1.67277e-05
1.7896e-05
4.06676e-05
4.06424e-05
4.05932e-05
2.62237e-06
4.04992e-05
4.07068e-05
4.07015e-05
4.05718e-05
9.86579e-06
9.02552e-06
4.07134e-05
4.069e-05
8.62485e-06
4.06516e-05
4.05184e-05
4.06936e-05
-1.14648e-07
-1.48177e-07
-1.25711e-07
4.05666e-05
4.07064e-05
4.06737e-05
3.99523e-05
4.05628e-05
4.04851e-05
4.06681e-05
4.0079e-05
2.55307e-05
4.04754e-05
4.04324e-05
1.72433e-05
4.04663e-05
3.95442e-05
4.05196e-05
4.06871e-05
4.06632e-05
4.0691e-05
4.01881e-05
4.05339e-05
1.19162e-06
1.08056e-06
1.01462e-05
4.05706e-05
4.05338e-05
2.62301e-05
4.06045e-05
4.05292e-05
4.06554e-05
4.06895e-05
4.06479e-05
1.78063e-05
1.63626e-05
4.06227e-05
4.06731e-05
4.06051e-05
4.06591e-05
4.06286e-05
4.05657e-05
4.0632e-05
2.0369e-05
1.87627e-05
4.04791e-05
4.06005e-05
4.06497e-05
4.07117e-05
4.06131e-05
4.07157e-05
4.0683e-05
4.06636e-05
4.05385e-05
4.01093e-05
4.07065e-05
4.06829e-05
4.04441e-05
4.05195e-05
4.05106e-05
4.06222e-05
4.04972e-05
1.57257e-05
4.07173e-05
2.93253e-06
3.25804e-06
4.05998e-05
1.69136e-05
1.71766e-05
1.57761e-05
4.04453e-05
4.06578e-05
4.02573e-05
4.0589e-05
4.06692e-05
4.06179e-05
4.04763e-05
4.06398e-05
4.06318e-05
4.07252e-05
4.03197e-05
4.07083e-05
4.05018e-05
4.06639e-05
1.89083e-05
4.05753e-05
3.99441e-05
4.06697e-05
4.0326e-05
4.07083e-05
4.052e-05
4.03879e-05
4.06281e-05
4.06801e-05
1.56199e-06
1.36736e-06
4.00174e-05
1.63753e-05
4.01852e-05
4.06352e-05
4.07205e-05
4.04934e-05
4.05704e-05
4.05666e-05
4.06758e-05
4.07157e-05
1.97348e-05
1.81623e-05
1.84036e-05
4.05085e-05
4.07155e-05
4.06392e-05
4.07184e-05
3.9918e-05
4.06765e-05
4.06436e-05
4.07158e-05
4.05627e-05
4.05528e-05
4.05426e-05
3.99057e-05
1.6271e-05
1.49361e-05
4.07116e-05
4.06694e-05
4.0671e-05
4.06219e-05
4.05681e-05
4.05271e-05
4.06353e-05
4.07248e-05
4.06783e-05
4.06713e-05
4.0479e-05
4.06746e-05
4.0562e-05
1.53892e-05
4.06506e-05
1.56363e-05
1.43513e-05
4.05165e-05
3.98392e-05
4.05214e-05
4.06638e-05
4.07297e-05
4.07156e-05
4.05644e-05
1.93455e-05
1.78031e-05
1.79294e-05
4.06649e-05
4.06591e-05
1.48515e-05
1.52458e-05
1.39903e-05
4.01651e-05
4.05562e-05
4.05117e-05
4.05162e-05
4.05361e-05
4.06019e-05
4.06687e-05
4.05905e-05
4.06629e-05
3.948e-05
1.43763e-05
4.04799e-05
4.07167e-05
4.06702e-05
1.46102e-05
1.34032e-05
4.06997e-05
4.06718e-05
4.06718e-05
1.87139e-05
1.72068e-05
3.94071e-05
4.05474e-05
3.93259e-05
4.05177e-05
3.95248e-05
3.96018e-05
4.01196e-05
4.07226e-05
1.42218e-05
1.30452e-05
2.43024e-05
1.73884e-05
3.95611e-05
4.07078e-05
1.33323e-05
1.3587e-05
1.2459e-05
1.95254e-05
2.11718e-05
2.0921e-05
2.27788e-05
1.6882e-05
1.832e-05
1.68405e-05
4.0712e-05
4.01352e-05
4.05576e-05
2.39041e-05
4.05206e-05
4.06852e-05
1.28548e-05
1.31985e-05
1.21009e-05
4.07179e-05
4.06496e-05
4.06437e-05
3.72249e-05
2.96977e-05
4.07234e-05
4.05083e-05
4.07178e-05
1.53505e-06
1.2313e-05
4.05346e-05
1.25656e-05
1.15168e-05
4.06443e-05
3.96454e-05
4.06702e-05
1.64047e-05
1.76886e-05
1.62521e-05
1.18408e-05
3.83598e-05
1.21748e-05
1.11562e-05
4.03532e-05
4.05249e-05
4.05829e-05
4.05261e-05
3.9804e-05
4.05363e-05
4.07138e-05
4.06545e-05
4.0676e-05
1.15417e-05
1.0572e-05
4.04428e-05
4.0549e-05
3.03886e-05
4.07217e-05
1.72926e-05
1.58853e-05
4.03188e-05
3.78691e-05
1.07922e-05
1.11508e-05
1.02112e-05
4.04889e-05
4.06973e-05
4.07245e-05
4.0696e-05
4.07227e-05
4.04798e-05
3.94517e-05
4.03808e-05
4.05505e-05
1.58672e-05
4.05749e-05
4.07185e-05
1.03192e-05
4.07238e-05
4.06604e-05
1.38853e-06
4.05457e-05
4.05721e-05
4.0521e-05
4.05914e-05
4.05573e-05
4.05583e-05
2.43966e-05
1.53589e-05
4.07033e-05
4.06572e-05
1.67758e-05
1.54053e-05
3.9364e-05
4.06823e-05
4.06302e-05
4.07005e-05
1.00008e-05
9.1497e-06
4.06346e-05
4.05179e-05
4.07034e-05
4.06792e-05
4.05326e-05
4.05782e-05
4.05971e-05
4.05678e-05
4.07145e-05
9.27162e-06
4.02187e-05
2.76394e-05
9.61931e-06
8.79801e-06
2.44717e-05
4.05605e-05
3.28471e-05
4.05284e-05
3.97722e-05
3.97648e-05
1.48811e-05
8.79665e-06
1.61598e-05
1.48369e-05
3.81045e-05
4.07219e-05
4.02544e-05
4.06785e-05
4.05259e-05
4.06719e-05
8.46154e-06
7.72881e-06
4.05259e-05
4.01611e-05
4.05866e-05
4.07184e-05
4.05445e-05
7.74941e-06
4.05071e-05
1.43426e-05
8.08111e-06
7.37812e-06
1.57601e-05
1.44651e-05
4.05256e-05
4.07117e-05
4.07047e-05
4.06081e-05
7.275e-06
4.06587e-05
7.44105e-06
6.78698e-06
4.0556e-05
4.05267e-05
4.07004e-05
4.05804e-05
4.05458e-05
7.05663e-06
6.43282e-06
1.51242e-05
1.38777e-05
4.05989e-05
4.05345e-05
4.05163e-05
4.07213e-05
6.22805e-06
4.06523e-05
6.41771e-06
5.84313e-06
4.06271e-05
1.3868e-05
4.06087e-05
4.06716e-05
4.06746e-05
4.05491e-05
4.0605e-05
4.07181e-05
5.74765e-06
6.0334e-06
5.4888e-06
4.06809e-05
1.33589e-05
4.04538e-05
4.06882e-05
1.47336e-05
1.35176e-05
4.05831e-05
4.05432e-05
4.05313e-05
4.70513e-06
4.03665e-05
4.86327e-06
4.40707e-06
1.28212e-05
1.41024e-05
1.29347e-05
2.00044e-05
2.17147e-05
4.05782e-05
4.48967e-06
4.06342e-06
4.03312e-05
4.20899e-06
4.00019e-05
4.06768e-05
2.1336e-05
2.32435e-05
4.061e-05
2.6263e-05
3.87894e-05
3.97367e-05
3.8164e-06
3.43814e-06
2.40756e-05
3.5957e-05
4.06694e-05
4.05076e-05
4.05733e-05
4.05407e-05
1.23459e-05
1.98268e-06
1.75744e-06
4.05845e-05
1.37106e-05
1.25735e-05
3.45117e-06
3.10449e-06
4.06767e-05
4.05017e-05
4.0538e-05
4.05318e-05
4.06733e-05
3.17251e-06
1.18043e-05
4.05588e-05
4.05835e-05
1.30794e-05
1.19909e-05
4.07242e-05
4.05829e-05
4.06592e-05
4.06446e-05
2.14717e-06
1.88737e-06
4.04812e-05
4.05962e-05
4.06353e-05
4.06005e-05
4.0599e-05
4.066e-05
4.05172e-05
1.26874e-05
1.16292e-05
4.02029e-05
4.06796e-05
4.05758e-05
3.89502e-05
4.00227e-05
1.13329e-05
4.06837e-05
4.07264e-05
1.08226e-05
2.42469e-05
2.61257e-06
2.325e-05
1.20555e-05
1.10461e-05
4.06391e-05
8.68703e-07
4.0706e-05
3.7833e-05
4.0438e-05
3.87807e-05
4.07283e-05
1.0283e-05
4.05743e-05
1.16625e-05
1.06834e-05
4.05455e-05
2.31074e-05
4.0552e-05
1.10278e-05
1.00974e-05
3.96758e-05
3.56762e-05
4.056e-05
9.81193e-06
4.05757e-05
9.30073e-06
5.42774e-07
3.51406e-07
4.0457e-05
4.05413e-05
1.05234e-05
9.63322e-06
4.06395e-05
4.05592e-05
4.0586e-05
4.05399e-05
4.05526e-05
4.0713e-05
8.76075e-06
4.06203e-05
1.01334e-05
9.27243e-06
3.91937e-05
4.07156e-05
4.06811e-05
4.06828e-05
4.06654e-05
4.0657e-05
4.06622e-05
9.48633e-06
8.67426e-06
4.06249e-05
8.28894e-06
4.05744e-05
4.06883e-05
1.31246e-06
7.77918e-06
4.02693e-05
8.98648e-06
8.21476e-06
4.02172e-05
3.96766e-05
4.03812e-05
4.06873e-05
4.06814e-05
4.06595e-05
4.05643e-05
7.24086e-06
4.04311e-05
3.99685e-05
8.59736e-06
7.85467e-06
3.78748e-05
4.38269e-05
4.03591e-05
4.06979e-05
4.02233e-05
4.05941e-05
7.95314e-06
7.25937e-06
4.06208e-05
4.02102e-05
6.76601e-06
4.05414e-05
4.03136e-05
4.03269e-05
6.25315e-06
7.56787e-06
6.90446e-06
2.41744e-05
4.04412e-05
4.04155e-05
4.06057e-05
4.03145e-05
4.0667e-05
2.28779e-05
3.1667e-05
4.06782e-05
4.05727e-05
5.71905e-06
6.93389e-06
6.31948e-06
4.06136e-05
4.05749e-05
4.07083e-05
4.07216e-05
4.05906e-05
4.05093e-05
4.05868e-05
6.54531e-06
5.9611e-06
3.87745e-05
3.57957e-05
5.23826e-06
3.95768e-05
4.04539e-05
4.03718e-05
4.06801e-05
3.15655e-05
4.72035e-06
4.06275e-05
5.9027e-06
5.36737e-06
4.03558e-05
4.0685e-05
4.19326e-06
5.39753e-06
4.90254e-06
4.05016e-05
3.06659e-05
3.81986e-05
4.05604e-05
4.05686e-05
4.07003e-05
5.01086e-06
4.5448e-06
2.19828e-05
4.06205e-05
4.03688e-05
4.06063e-05
4.05473e-05
3.68642e-06
4.031e-05
4.34355e-06
3.92595e-06
4.06891e-05
4.05631e-05
3.15325e-06
4.03955e-05
4.06375e-05
2.63906e-05
3.96931e-06
3.58262e-06
4.06229e-05
4.0597e-05
4.03644e-05
2.66558e-06
4.03036e-05
8.59518e-07
8.30791e-07
9.42576e-07
4.02527e-05
3.28735e-06
2.94856e-06
2.138e-05
4.05729e-05
4.04528e-05
4.06129e-05
4.02874e-05
4.05776e-05
4.05745e-05
4.05307e-05
2.74946e-06
2.45133e-06
4.05244e-05
3.91687e-05
4.04948e-05
3.25597e-05
2.43978e-06
2.17401e-06
4.04856e-05
4.05686e-05
2.45279e-05
4.05432e-05
4.05298e-05
4.05266e-05
4.03298e-05
2.83134e-05
4.03773e-05
3.58006e-05
4.05529e-05
2.28226e-05
4.06777e-05
4.05572e-05
4.04012e-05
4.07259e-05
3.87122e-05
3.74051e-05
3.82636e-05
3.53661e-05
4.03095e-05
4.06835e-05
2.06043e-06
4.05165e-05
4.05305e-05
1.62497e-06
1.40783e-06
2.44495e-05
8.56346e-07
4.06091e-05
3.72651e-05
4.06536e-05
4.02736e-05
4.06661e-05
4.0464e-05
3.86516e-05
2.34365e-05
4.07205e-05
4.04445e-05
4.00989e-05
3.98944e-05
4.05515e-05
4.06701e-05
4.07056e-05
2.63918e-05
1.42763e-06
2.55604e-05
3.9048e-05
4.04511e-05
1.0816e-06
4.56639e-07
5.97514e-07
4.06544e-05
4.06986e-05
4.04586e-05
4.07046e-05
4.02968e-05
2.41369e-05
1.36412e-06
1.43144e-06
1.27066e-06
4.04627e-05
4.06872e-05
3.86946e-05
4.06959e-05
4.06415e-05
4.05358e-05
4.04137e-05
2.98825e-05
3.51063e-05
4.03883e-05
4.05806e-05
4.0529e-05
3.35635e-05
4.05397e-05
4.0657e-05
4.03596e-05
4.04793e-05
4.04968e-05
4.06525e-05
4.06695e-05
4.06356e-05
2.24306e-05
4.06511e-05
4.06077e-05
4.05383e-05
4.04486e-05
1.68434e-06
1.50906e-06
4.06653e-05
4.06605e-05
4.07808e-05
2.23761e-05
4.05615e-05
3.06521e-05
4.09612e-05
4.062e-05
4.02605e-05
4.04681e-05
3.74203e-05
4.04386e-05
4.03429e-05
2.34537e-05
4.03524e-05
1.71682e-06
4.06446e-05
3.73137e-05
2.17696e-05
4.06751e-05
4.07275e-05
4.07255e-05
4.01847e-05
4.02183e-05
4.04649e-05
4.06794e-05
4.04611e-05
4.01677e-05
2.19312e-05
2.95738e-05
2.1686e-05
4.04602e-05
3.57418e-05
4.06835e-05
4.02782e-05
3.8913e-05
2.47691e-05
4.03529e-05
2.23804e-05
4.06761e-05
4.03971e-05
3.84342e-05
4.04276e-05
4.05659e-05
4.0693e-05
4.07046e-05
4.0568e-05
4.07199e-05
4.07288e-05
4.07114e-05
4.04806e-05
3.78875e-05
4.04913e-05
4.04871e-05
4.04259e-05
3.79081e-05
4.04632e-05
4.04842e-05
2.16651e-05
3.82129e-05
4.06353e-05
2.72859e-05
3.86943e-05
4.06916e-05
3.90881e-05
4.05102e-05
2.34306e-05
4.06108e-05
2.37012e-05
4.03974e-05
4.04104e-05
4.07113e-05
4.0499e-05
4.07125e-05
4.04731e-05
4.04019e-05
4.05407e-05
3.75524e-05
4.06707e-05
3.71062e-05
4.04743e-05
4.07142e-05
4.07317e-05
4.07125e-05
4.07185e-05
4.06965e-05
4.05463e-05
4.03584e-05
4.03716e-05
4.03298e-05
4.06052e-05
2.42977e-05
4.03465e-05
4.0703e-05
4.06823e-05
4.06841e-05
3.69938e-05
4.07127e-05
4.0721e-05
4.04565e-05
4.04691e-05
4.04857e-05
2.23858e-05
4.04739e-05
1.70877e-07
2.0789e-07
1.89434e-07
2.35827e-05
4.07082e-05
4.06589e-05
4.04221e-05
4.07185e-05
4.05834e-05
4.06314e-05
4.06729e-05
4.07027e-05
4.05686e-05
4.04824e-05
4.062e-05
4.06961e-05
4.06784e-05
4.06861e-05
4.07081e-05
3.99182e-05
3.77326e-05
2.33855e-05
4.06919e-05
3.11816e-05
3.3028e-05
3.21016e-05
4.07065e-05
4.07019e-05
3.93568e-05
4.07054e-05
3.98719e-05
4.06958e-05
4.07005e-05
4.07025e-05
4.10725e-05
4.06973e-05
4.07033e-05
4.05622e-05
4.06937e-05
3.90538e-05
4.03806e-05
3.96297e-05
3.32676e-05
4.06991e-05
4.06544e-05
4.0185e-05
4.06932e-05
4.07112e-05
4.05601e-05
4.07014e-05
4.06886e-05
3.95078e-05
2.18098e-05
4.06913e-05
4.07033e-05
4.02856e-05
4.06878e-05
2.7129e-05
4.05986e-05
4.0552e-05
4.06977e-05
3.76448e-05
4.07142e-05
4.0659e-05
4.06777e-05
2.34745e-05
2.3081e-05
2.52564e-05
3.95074e-05
2.86402e-05
4.07203e-05
4.07108e-05
4.04712e-05
4.06328e-05
3.87575e-05
4.03616e-05
4.06682e-05
4.06789e-05
4.04067e-05
4.03062e-05
4.06072e-05
4.06942e-05
3.08424e-05
3.16702e-05
4.05956e-05
2.41108e-05
4.04438e-05
4.0269e-05
4.07308e-05
2.53103e-05
4.052e-05
4.06916e-05
4.06477e-05
3.6857e-05
4.06281e-05
4.06601e-05
4.07052e-05
2.71669e-05
3.44105e-05
4.06923e-05
3.68614e-05
3.51476e-05
4.07061e-05
4.07277e-05
3.79628e-05
2.45177e-05
4.06637e-05
4.06251e-05
4.0593e-05
4.0327e-05
4.05889e-05
4.06477e-05
4.04908e-05
-3.80642e-09
-8.55681e-08
3.60642e-08
4.06427e-05
4.07164e-05
3.26778e-05
4.00517e-05
4.06515e-05
3.80983e-05
4.04599e-05
3.98043e-05
3.83537e-05
4.05354e-05
3.74025e-05
4.06503e-05
3.30787e-05
4.02403e-05
3.62147e-05
4.07125e-05
4.04987e-05
4.04902e-05
4.06353e-05
4.068e-05
4.05826e-05
4.04409e-05
2.47381e-05
4.06276e-05
3.75009e-05
3.2746e-05
3.42193e-05
4.07321e-05
4.07233e-05
4.06417e-05
3.83334e-05
4.07328e-05
4.06877e-05
3.95151e-05
2.50636e-05
4.06195e-05
4.06323e-05
3.73944e-05
4.06814e-05
4.06477e-05
2.68932e-05
4.05704e-05
4.05903e-05
3.8138e-05
4.01057e-05
4.07203e-05
3.87267e-05
4.03298e-05
4.04961e-05
3.99999e-05
3.92148e-05
4.06632e-05
4.05682e-05
3.14677e-05
4.04704e-05
3.96833e-05
3.49877e-05
4.06772e-05
4.06665e-05
4.06712e-05
4.06262e-05
3.88404e-05
2.88379e-05
2.56225e-05
4.0677e-05
4.0494e-05
4.06931e-05
4.06009e-05
4.06222e-05
4.07016e-05
4.06644e-05
2.44055e-05
4.0381e-05
4.04411e-05
4.04915e-05
3.70052e-05
4.06817e-05
2.50822e-05
4.06418e-05
2.20942e-05
4.06984e-05
4.05784e-05
4.06462e-05
4.05046e-05
3.62662e-05
4.07082e-05
3.65336e-05
4.07287e-05
4.06912e-05
3.62976e-05
4.06544e-05
3.50435e-05
4.03857e-05
4.06857e-05
4.06952e-05
3.76097e-05
3.12298e-05
4.07047e-05
4.06514e-05
4.06638e-05
4.0708e-05
4.06234e-05
2.73772e-05
4.06178e-05
3.97015e-05
2.9518e-05
2.34244e-05
4.06984e-05
3.85609e-05
4.05365e-05
3.41807e-05
4.06968e-05
4.06888e-05
4.05741e-05
2.81277e-05
3.61398e-05
3.12604e-05
3.67949e-05
2.31005e-05
4.07265e-05
4.07177e-05
3.72202e-05
4.07013e-05
3.43424e-05
3.61071e-05
4.06848e-05
3.91677e-05
4.03978e-05
4.07272e-05
4.0753e-05
4.07104e-05
3.7833e-05
3.6055e-05
4.06938e-05
4.0674e-05
2.62905e-05
4.06854e-05
4.07167e-05
4.07096e-05
4.04257e-05
4.06655e-05
4.071e-05
2.71802e-05
4.05248e-05
3.70901e-05
2.22081e-05
4.05613e-05
2.27045e-05
4.06759e-05
3.65945e-05
4.07229e-05
4.07169e-05
1.37028e-06
1.71607e-07
1.31626e-06
4.06379e-05
4.07293e-05
4.07195e-05
2.49473e-05
4.07015e-05
4.06014e-05
3.77241e-05
4.05638e-05
4.07082e-05
2.3982e-05
4.07003e-05
4.01868e-05
4.06625e-05
3.71816e-05
4.05564e-05
4.06649e-05
4.0572e-05
4.06667e-05
4.05584e-05
4.07115e-05
4.07034e-05
4.07078e-05
4.04791e-05
4.04706e-05
3.96749e-05
3.82091e-05
4.06952e-05
4.05708e-05
3.78791e-05
4.06818e-05
4.05025e-05
-1.13759e-07
-4.52288e-08
-1.95671e-08
4.06509e-05
2.32285e-05
2.56315e-05
4.08436e-05
4.06548e-05
3.07124e-05
3.98218e-05
4.06918e-05
4.06071e-05
4.0579e-05
6.94978e-07
4.98622e-07
3.91801e-07
4.0726e-05
4.06028e-05
4.05842e-05
4.07636e-05
2.29568e-05
4.06471e-05
3.68648e-05
4.06223e-05
4.06943e-05
2.51394e-05
2.38045e-05
4.07134e-05
4.06825e-05
4.06852e-05
2.78933e-05
4.07009e-05
4.01731e-05
2.5739e-05
4.06564e-05
4.07016e-05
4.05943e-05
4.05898e-05
3.76117e-05
3.98024e-05
4.07224e-05
4.06719e-05
3.01785e-05
3.73014e-05
4.07489e-05
4.07045e-05
4.02591e-05
4.06665e-05
4.07092e-05
4.02835e-05
2.46142e-05
4.05708e-05
4.07058e-05
4.06952e-05
4.02086e-05
4.07017e-05
4.06627e-05
4.06646e-05
4.06995e-05
4.06907e-05
4.0605e-05
4.06046e-05
4.05691e-05
4.06296e-05
4.06615e-05
4.0701e-05
4.06967e-05
4.06897e-05
3.80292e-05
4.07009e-05
4.07042e-05
3.91709e-05
4.05239e-05
4.06355e-05
2.43472e-05
2.41671e-05
4.06683e-05
2.5639e-05
4.07079e-05
4.07109e-05
4.07078e-05
4.07027e-05
4.04586e-05
4.07895e-05
4.01714e-05
4.06775e-05
4.069e-05
4.06631e-05
3.39301e-05
4.05753e-05
4.0258e-05
4.06892e-05
4.0688e-05
3.90457e-05
2.26565e-05
4.06808e-05
4.06942e-05
4.06703e-05
4.0689e-05
4.00009e-05
4.02333e-05
3.67342e-05
3.77335e-05
4.05699e-05
4.06451e-05
4.01632e-05
4.06987e-05
3.9608e-05
4.07056e-05
4.06988e-05
4.06981e-05
4.06994e-05
4.06954e-05
4.03192e-05
4.03356e-05
4.00094e-05
3.9924e-05
4.04098e-05
4.04242e-05
4.0425e-05
4.07018e-05
4.06792e-05
4.06887e-05
4.06348e-05
4.0693e-05
-1.07418e-08
9.62565e-08
5.64079e-08
4.07043e-05
3.86962e-05
4.0706e-05
4.07067e-05
3.56276e-05
4.08026e-05
3.24488e-05
4.06823e-05
3.90243e-05
4.05638e-05
2.61543e-05
4.2975e-05
3.73714e-05
4.06006e-05
4.06063e-05
3.99737e-05
4.05758e-05
4.0454e-05
4.06632e-05
4.05843e-05
3.90623e-05
3.53704e-05
2.09897e-05
3.701e-05
3.71048e-05
3.74978e-05
3.88803e-05
2.49363e-05
3.72112e-05
4.07058e-05
4.06404e-05
3.42092e-05
4.02206e-05
3.61002e-05
3.61635e-05
4.0518e-05
4.07038e-05
4.06714e-05
3.67891e-05
4.0705e-05
4.03971e-05
4.07085e-05
4.06944e-05
4.07037e-05
4.06985e-05
4.07028e-05
4.06874e-05
4.05805e-05
4.06827e-05
4.06914e-05
4.06971e-05
4.06993e-05
3.21687e-05
)
;

boundaryField
{
    back
    {
        type            empty;
    }
    ingreso
    {
        type            zeroGradient;
    }
    salida
    {
        type            fixedValue;
        value           uniform 0;
    }
    front
    {
        type            empty;
    }
    defaultFaces
    {
        type            zeroGradient;
    }
}


// ************************************************************************* //
