/*--------------------------------*- C++ -*----------------------------------*\
  =========                 |
  \\      /  F ield         | OpenFOAM: The Open Source CFD Toolbox
   \\    /   O peration     | Website:  https://openfoam.org
    \\  /    A nd           | Version:  8
     \\/     M anipulation  |
\*---------------------------------------------------------------------------*/
FoamFile
{
    version     2.0;
    format      ascii;
    class       volVectorField;
    location    "4.8";
    object      U;
}
// * * * * * * * * * * * * * * * * * * * * * * * * * * * * * * * * * * * * * //

dimensions      [0 1 -1 0 0 0 0];

internalField   nonuniform List<vector> 
1642
(
(4.60882e-06 -5.41e-06 1.14035e-26)
(0.00204914 0.00503972 1.03479e-20)
(0.00234679 0.00486187 5.96263e-21)
(0.00215305 0.00396422 3.2778e-20)
(0.000886057 1.47856e-05 1.49553e-21)
(0.000712509 0.000131397 3.82158e-20)
(0.00108563 0.000160658 9.32311e-21)
(0.00107203 0.000246873 -5.15219e-24)
(0.000685212 0.000473345 9.07402e-21)
(0.000842581 0.00024824 2.41198e-20)
(0.00273482 0.0031291 -1.79688e-20)
(0.000341217 0.000938012 -1.95867e-20)
(0.000777869 0.000395129 2.3773e-20)
(0.000878139 0.000200358 -1.61816e-20)
(0.00048037 0.000395398 0)
(0.000684914 0.000487973 0)
(2.20003e-05 0.000245799 -1.27524e-20)
(-3.30034e-07 0.000208334 2.11264e-20)
(1.50513e-05 1.93715e-05 5.88298e-25)
(2.73479e-05 1.14996e-05 4.36418e-21)
(0.000895599 0.000126066 -6.18462e-21)
(0.000983704 0.000254641 7.09955e-21)
(0.000849532 0.000204237 0)
(0.00241078 6.39613e-05 -2.11617e-20)
(0.000341087 0.000238165 -3.52798e-20)
(2.87942e-05 0.000506033 -4.52574e-21)
(0.000817506 -0.000107404 1.38711e-20)
(0.000110333 0.000216979 0)
(0.00406066 0.00421514 5.64462e-22)
(0.00413787 0.00428308 2.16459e-22)
(0.00431173 0.00445372 -2.69692e-22)
(0.00103055 8.91949e-05 -1.08081e-20)
(0.000347225 0.0012323 0)
(4.09086e-05 -4.59501e-05 -4.6121e-21)
(0.000359162 0.000220008 1.07274e-20)
(0.000386262 0.000432633 -2.01029e-21)
(0.000903917 0.000374082 -3.51566e-20)
(0.00093898 2.76889e-05 3.35286e-22)
(0.000411573 0.000330078 -9.27177e-25)
(0.000906307 0.000244855 -1.05941e-20)
(0.000800699 0.000202301 0)
(1.89557e-05 4.527e-05 -2.48273e-21)
(3.4413e-05 8.59999e-06 0)
(0.000689926 0.00490621 -2.19654e-20)
(-0.00141186 2.13839e-05 -2.06471e-21)
(0.000743564 3.83693e-05 -2.3272e-21)
(0.000852813 1.5943e-05 6.92521e-22)
(0.000485337 0.00011118 -4.82737e-21)
(0.000357821 0.00012168 -1.35863e-20)
(0.000673187 0.000390062 -2.08024e-20)
(3.36759e-05 8.5529e-05 -5.1074e-21)
(0.000743717 0.000422914 -6.63401e-21)
(1.58633e-05 -6.22781e-06 3.62017e-21)
(0.00027499 0.00470658 0)
(0.00251531 0.003789 -1.60412e-20)
(0.000562675 0.000484774 1.04638e-21)
(0.00108052 0.000191623 -4.71075e-21)
(0.00019585 1.15075e-05 -7.03636e-21)
(0.00122265 0.000422153 -2.82326e-20)
(0.000355958 -0.000343146 0)
(0.000264355 0.000143837 0)
(0.000930355 5.51891e-05 -1.32216e-21)
(9.03798e-05 -7.42222e-05 3.87886e-21)
(0.0014233 0.000180107 -1.97992e-20)
(7.4002e-05 0.000423936 1.62714e-20)
(5.58312e-05 9.72009e-06 1.20922e-21)
(0.000109998 0.00012518 0)
(4.90854e-05 1.7752e-05 -4.92149e-21)
(0.000432373 0.000531484 5.46127e-21)
(6.05776e-06 6.20371e-05 -4.59331e-21)
(0.00031703 9.86337e-05 -1.31109e-20)
(7.63648e-05 0.000279453 -1.44539e-20)
(0.000247781 7.12783e-05 1.73828e-20)
(0.000865904 3.33533e-05 1.35024e-21)
(0.000475174 0.000624103 8.57691e-21)
(0.00130508 0.00156537 -2.23155e-21)
(0.00417452 0.00435562 9.51716e-25)
(0.00399722 0.00418684 0)
(0.00391069 0.00411617 -2.91128e-22)
(0.000428331 0.000180606 6.16759e-21)
(5.81452e-05 -1.71559e-07 2.47814e-21)
(3.45346e-05 2.04871e-05 1.70978e-20)
(0.00111334 0.000365784 -1.8284e-20)
(0.000951713 0.000463586 1.13551e-20)
(-0.00200556 0.000314633 0)
(0.000416107 0.00062029 -4.12249e-21)
(0.000410604 0.000538132 -1.57714e-20)
(9.52939e-06 -9.53203e-05 0)
(0.000555534 0.000592697 4.02525e-21)
(3.36553e-05 -3.25828e-05 -1.8608e-21)
(0.00105233 0.000124206 -7.40904e-21)
(0.000122368 0.000326548 2.99378e-20)
(0.000743102 0.000568462 -1.88923e-20)
(0.000451575 0.000460446 -8.17268e-21)
(0.000537439 0.000401841 -3.2285e-20)
(7.46004e-05 -0.000182214 -1.08025e-21)
(0.000793874 0.000156975 -2.6175e-20)
(0.000570566 0.00033694 2.77446e-20)
(0.000352184 0.000317211 1.63617e-20)
(0.000454352 0.000533513 -1.08774e-20)
(0.000409501 0.000606602 2.0249e-20)
(0.000511115 0.000779931 0)
(2.50405e-05 -0.000199236 9.05859e-21)
(0.0045791 0.00453115 -1.36795e-22)
(0.00439265 0.0043526 1.93734e-20)
(0.00430825 0.00427011 5.22534e-21)
(0.00423296 0.00398167 2.10133e-20)
(0.00416152 0.00391224 2.2059e-22)
(0.00441616 0.00413587 3.95289e-21)
(0.00424771 0.00395902 -1.26113e-22)
(0.0042322 0.00397916 6.55308e-21)
(0.00417322 0.00388482 -7.98267e-21)
(0.00441302 0.00415062 0)
(0.00442906 0.00412553 6.75432e-21)
(0.0042548 0.00395997 1.89791e-21)
(0.00425393 0.00395954 4.04178e-21)
(0.00442838 0.00412472 -1.29181e-21)
(0.00416695 0.00391499 0)
(0.00424005 0.00343701 0)
(0.00406556 0.00356941 9.15522e-21)
(0.00417437 0.00389032 -1.13384e-21)
(0.00386201 0.00291058 -2.57136e-20)
(0.00439742 0.00346856 0)
(0.000400977 0.000632575 4.00051e-21)
(0.000508485 0.000595147 0)
(0.000315787 -8.6624e-05 2.60437e-21)
(0.000949294 0.000240081 1.50512e-20)
(7.94396e-06 -6.17056e-05 0)
(0.000551969 0.000279541 5.11126e-21)
(0.000601271 0.000325612 -1.50582e-20)
(0.000415317 2.42781e-05 0)
(0.000215052 -0.000106773 -2.54207e-21)
(2.29262e-05 -4.24582e-05 -1.0907e-21)
(0.000787387 0.000139831 9.37674e-21)
(5.73259e-05 -1.03113e-05 -7.34672e-26)
(3.27992e-05 -5.761e-05 1.14273e-21)
(0.000614082 0.000278611 -2.81654e-21)
(0.000319315 -4.13433e-06 2.8008e-21)
(0.000609902 0.000223862 0)
(0.000676683 0.00033125 0)
(2.77175e-05 0.000386649 8.7119e-21)
(5.83717e-05 1.99967e-05 -1.64328e-21)
(9.68333e-05 7.54016e-05 0)
(0.000328988 6.02143e-05 1.18594e-20)
(0.000584973 0.000454197 4.09515e-20)
(6.55734e-05 0.00021936 1.53481e-20)
(0.000793476 0.000112847 0)
(4.86796e-05 0.000130718 2.11536e-20)
(0.000796894 0.000162659 -2.67623e-21)
(0.000699776 0.000184568 4.42498e-20)
(0.000280644 0.000187456 1.77736e-20)
(0.000847143 4.6284e-05 4.02243e-21)
(6.60523e-05 -1.57872e-05 -2.32411e-21)
(0.000317475 0.000236273 0)
(0.00106588 -0.000101541 1.27832e-20)
(0.000822567 0.000154311 0)
(0.000867495 0.000131253 -2.19758e-21)
(4.61447e-06 2.25069e-05 -1.46164e-20)
(6.60483e-06 -4.52062e-05 -6.93413e-23)
(-1.40906e-05 0.00029579 0)
(8.84887e-05 7.41471e-05 4.00655e-20)
(6.5941e-05 5.05838e-05 -4.26173e-21)
(0.000139014 -4.38922e-05 1.15601e-21)
(0.000889743 0.000260513 0)
(5.47899e-06 -2.9976e-05 0)
(0.000846052 6.54442e-05 0)
(0.000871911 8.4945e-05 0)
(5.28655e-05 -1.93959e-05 -2.57061e-21)
(0.000871121 6.14948e-06 -5.83593e-21)
(2.07911e-05 -0.000190969 -2.14615e-21)
(-1.61204e-05 0.000302502 -2.15932e-20)
(-2.74655e-06 0.000174998 -1.86639e-20)
(5.21684e-06 4.81823e-05 4.52526e-21)
(2.00502e-06 0.000147074 1.89584e-20)
(0.000671513 -1.45947e-05 -6.84944e-21)
(2.16201e-05 -0.000110738 2.04906e-21)
(0.000789136 0.000233995 1.08673e-20)
(0.000355503 0.000143666 1.59568e-20)
(0.000604578 0.000225306 0)
(0.000543336 0.000477546 -4.12926e-21)
(0.000966148 0.000377247 9.49012e-21)
(3.97255e-05 2.02859e-05 1.52947e-20)
(0.000768884 0.000779675 4.11296e-21)
(3.93028e-06 3.24857e-05 7.31933e-21)
(4.31846e-06 0.000121567 0)
(0.000545881 0.000310885 1.12618e-20)
(0.000620547 8.8136e-05 1.00005e-21)
(4.96911e-05 -9.63887e-06 -1.01576e-20)
(0.000197487 -0.000187877 1.38497e-21)
(0.000919397 0.000335614 1.63008e-24)
(0.000474021 0.000485775 9.12466e-26)
(0.000373141 0.000126063 -1.29769e-20)
(4.89075e-05 3.15497e-05 1.94672e-21)
(0.000302033 0.000277692 -8.55678e-21)
(0.00018933 -8.14239e-05 -2.44168e-21)
(0.000718926 -3.6072e-05 1.20612e-24)
(0.000398341 0.000621805 -9.65643e-22)
(5.04941e-05 -2.27028e-06 8.06689e-21)
(0.000297569 0.000430171 -2.0317e-20)
(0.000599951 0.000211636 3.45904e-20)
(6.36256e-05 1.05026e-05 -4.61818e-21)
(8.05283e-05 7.37129e-07 -2.89443e-22)
(0.000524217 0.000670077 -4.20512e-21)
(0.000629428 0.000435454 1.25797e-20)
(0.00102732 0.000134332 0)
(4.19719e-05 8.19971e-06 1.27893e-20)
(0.000398259 0.000220675 -9.63214e-21)
(0.00442263 0.00414711 -1.94221e-20)
(0.00418035 0.00390982 -8.53984e-21)
(0.00425426 0.00398271 -7.88613e-21)
(0.00442106 0.00415165 -1.18558e-20)
(0.00441782 0.00415357 0)
(0.00260488 0.0026424 4.74952e-21)
(0.00260427 0.00264118 -2.4995e-23)
(0.00417652 0.00390797 -8.64847e-21)
(0.00442229 0.00414869 6.72762e-21)
(0.00424685 0.00398035 -9.89486e-21)
(0.00442296 0.00414888 -6.63344e-21)
(0.0042523 0.00398137 8.09943e-21)
(0.00259348 0.00263317 0)
(0.00442142 0.00415422 0)
(0.00260084 0.00262672 -3.81688e-21)
(0.00441885 0.00415037 -6.01604e-21)
(0.00418329 0.00389827 -5.28858e-21)
(0.00442289 0.00415406 -1.56839e-20)
(0.00418368 0.0039029 0)
(0.00246937 0.00251367 -3.90489e-21)
(0.00457018 0.00411958 -3.2818e-20)
(0.00260899 0.00261918 1.72521e-20)
(0.0024969 0.00254118 -7.4755e-21)
(0.00260488 0.00264141 -1.37283e-20)
(0.0024993 0.00253905 -1.0056e-20)
(0.00260334 0.00264055 1.12029e-20)
(0.00260857 0.00262516 -1.20438e-20)
(0.00260798 0.00264319 -1.14928e-22)
(0.00259304 0.00263148 8.9845e-21)
(0.00249224 0.00253503 1.43061e-20)
(0.00259786 0.0026359 2.35183e-20)
(0.00441787 0.004153 -7.418e-21)
(0.00425696 0.00397362 -3.59552e-21)
(0.00474276 0.00413636 2.48926e-20)
(0.00424948 0.00398066 -1.3578e-22)
(0.00442165 0.00415399 6.93891e-21)
(0.00529211 0.00435982 -1.71288e-20)
(0.00443341 0.00415129 3.56421e-21)
(0.00425206 0.00396925 1.2676e-21)
(0.0026054 0.00263971 7.2005e-21)
(0.00277109 0.00275985 -1.67795e-20)
(0.00418007 0.00390808 0)
(0.00442749 0.00413256 -1.21653e-21)
(0.00259451 0.00264833 2.54763e-21)
(0.00441972 0.00414748 -1.2304e-20)
(0.00425604 0.00389797 0)
(0.00455129 0.00401664 8.11979e-21)
(0.00443173 0.00413398 1.91536e-21)
(0.00425674 0.00397116 2.01124e-21)
(0.00418296 0.00390027 -2.29834e-21)
(0.00432246 0.00412964 1.81407e-20)
(0.00416981 0.0039129 1.09949e-20)
(0.0042565 0.00397007 -1.98471e-21)
(0.00416914 0.00391653 0)
(0.004268 0.00406632 0)
(0.0042683 0.00408119 -1.51927e-20)
(0.00250054 0.0025524 2.65279e-21)
(0.00260666 0.00262563 -1.65764e-20)
(0.00426648 0.00405161 7.40218e-21)
(0.00418238 0.00390049 0)
(0.00424745 0.00398844 -1.18187e-20)
(0.00322555 0.00309648 -1.91595e-22)
(0.00425008 0.00399427 6.88942e-21)
(0.00259994 0.00263603 -7.45687e-21)
(0.0044319 0.00413577 -1.94096e-21)
(0.00247368 0.00252702 4.666e-21)
(0.00416953 0.00391625 7.32613e-21)
(0.00442952 0.00413587 7.91911e-21)
(0.00455126 0.00416503 0)
(0.00252122 0.00254226 -2.81503e-20)
(0.00424813 0.00398766 1.29658e-20)
(0.0044202 0.00414801 6.33314e-21)
(0.00250226 0.00253478 1.43258e-22)
(0.00261128 0.00264067 -7.23199e-21)
(0.00248877 0.00254097 2.3072e-21)
(0.00259529 0.00262905 -6.30937e-21)
(0.00346666 0.00332808 -1.81695e-20)
(0.0044204 0.00413498 -2.04084e-21)
(0.00425728 0.00397605 0)
(0.00250709 0.00254498 5.1532e-21)
(0.0041684 0.00391295 0)
(0.00250718 0.00255113 -2.64689e-21)
(0.00246821 0.00250467 1.74329e-20)
(0.00443249 0.00413901 0)
(0.00418338 0.00390136 6.95106e-21)
(0.0041703 0.00391328 6.69873e-21)
(0.00443635 0.00414649 6.60723e-21)
(0.00258319 0.00263922 2.22997e-21)
(0.0025115 0.00254707 0)
(0.00258421 0.00263639 4.95666e-21)
(0.0028912 0.00282101 1.91002e-20)
(0.00292421 0.00287634 0)
(0.00424692 0.00398713 1.23011e-20)
(0.00418306 0.00389991 3.81461e-21)
(0.00257806 0.00263898 -1.51411e-21)
(0.00425563 0.00397041 -3.47677e-21)
(0.00247569 0.00252377 5.70586e-21)
(0.00248377 0.002542 -4.58322e-21)
(0.00417017 0.00390951 -1.08223e-20)
(0.00245263 0.00238694 0)
(0.00245419 0.00250745 -1.38751e-20)
(0.00259363 0.00264847 1.49689e-21)
(0.00443105 0.00413487 -3.34912e-21)
(0.00249823 0.00255164 1.5563e-21)
(0.00250059 0.00254921 0)
(0.00258899 0.00262778 7.66507e-21)
(0.00354723 0.00339035 0)
(0.00251167 0.00253906 -2.01118e-20)
(0.00260296 0.00265118 -2.5628e-21)
(0.00246266 0.00250907 1.85196e-25)
(0.00246092 0.00251538 -7.63508e-21)
(0.00418088 0.00390628 -7.98562e-21)
(0.00440312 0.00413668 -1.52376e-21)
(0.00313086 0.00340595 -9.61917e-21)
(0.00259975 0.00261285 -4.32213e-21)
(0.00247365 0.00252348 0)
(0.00247341 0.00248894 1.56082e-20)
(0.00523153 0.0044131 -1.75487e-20)
(0.00428435 0.00481767 9.30088e-21)
(0.00249902 0.00253905 0)
(0.0043986 0.00395978 7.82775e-21)
(0.0025477 0.00247617 3.88418e-22)
(0.00416935 0.00390997 0)
(0.00260037 0.00263789 -1.40612e-20)
(0.00247935 0.00251026 -2.9836e-20)
(0.00417481 0.00389876 -1.52461e-21)
(0.00425475 0.00397517 6.89739e-21)
(0.00442343 0.00415129 5.1945e-21)
(0.00443188 0.00413959 4.81346e-21)
(0.00247225 0.00252519 -1.65901e-21)
(0.00247073 0.0025219 2.86454e-21)
(0.00246019 0.00249072 0)
(0.00246956 0.00252084 3.60834e-21)
(0.00418306 0.00390031 0)
(0.00424607 0.00398383 -5.57209e-24)
(0.00433619 0.00391512 0)
(0.00250786 0.00251864 1.45835e-20)
(0.0044304 0.00413832 6.66683e-21)
(0.00258099 0.0025844 0)
(0.00345192 0.00341665 9.71521e-21)
(0.0037187 0.00355487 -2.74823e-20)
(0.00260638 0.00264921 0)
(0.00260414 0.00265424 0)
(0.00251185 0.00253965 -6.56082e-21)
(0.00247576 0.00250919 -8.01534e-21)
(0.00417923 0.00390009 3.51426e-21)
(0.00433649 0.00431499 0)
(0.00425644 0.0039767 4.97667e-21)
(0.00438283 0.00412505 5.60394e-22)
(0.00250898 0.00255507 0)
(0.0042087 0.00395952 -2.05388e-21)
(0.00373876 0.0036062 4.49293e-23)
(0.0042556 0.00397315 6.27895e-21)
(0.00247932 0.00250266 -4.67526e-21)
(0.00251326 0.00253866 8.61356e-21)
(0.00441795 0.00415061 8.08957e-21)
(0.00424836 0.00398352 1.42107e-22)
(0.00424706 0.00398345 -4.19313e-21)
(0.00249187 0.00254443 3.37034e-21)
(0.00416793 0.00391166 4.83361e-21)
(0.002602 0.00263399 1.29653e-20)
(0.00416796 0.00391161 -9.22783e-21)
(0.00429382 0.00513451 0)
(0.00241879 0.00235438 -7.40048e-22)
(0.0024695 0.002502 -6.10039e-21)
(0.00424678 0.00398702 -6.10668e-21)
(0.0042556 0.00397842 8.67499e-21)
(0.00249619 0.00252712 0)
(0.0054921 0.00492068 -1.74384e-20)
(0.00416967 0.00390825 -1.21206e-20)
(0.0025914 0.00262995 1.51532e-20)
(0.00247198 0.00250459 -7.82752e-21)
(0.00425337 0.00399995 1.40626e-20)
(0.00246729 0.00250135 0)
(0.0024704 0.00250516 1.32051e-20)
(0.00247221 0.00252365 1.04556e-20)
(0.00249983 0.002522 0)
(0.00425516 0.00397612 6.20489e-21)
(0.00443276 0.00414208 -1.10684e-20)
(0.004421 0.0041464 -4.67727e-21)
(0.00442755 0.00413733 1.24647e-21)
(0.00442239 0.00415058 1.01058e-20)
(0.00441355 0.00415238 -1.29322e-20)
(0.00260168 0.00263528 0)
(0.00251498 0.00253692 -1.79506e-20)
(0.00246629 0.00248628 4.74059e-21)
(0.00425289 0.00397282 -1.29726e-21)
(0.00255143 0.00259743 -2.36022e-20)
(0.00247659 0.00252949 1.59993e-21)
(0.00279703 0.00274022 -9.39443e-21)
(0.00259474 0.00263276 -7.08756e-21)
(0.00424781 0.00398794 5.40024e-21)
(0.00443437 0.00414368 2.89331e-21)
(0.00246649 0.00250266 -8.28598e-21)
(0.00416842 0.00391277 0)
(0.00417078 0.0039135 4.04338e-20)
(0.00417474 0.00389903 2.64861e-21)
(0.00259034 0.00264132 -1.74475e-21)
(0.00245928 0.00251476 -2.30524e-21)
(0.00246506 0.00251669 2.27542e-21)
(0.00260252 0.00263969 2.72594e-20)
(0.00416917 0.00391606 1.47827e-20)
(0.00260559 0.00265416 5.57831e-21)
(0.00250396 0.00254078 5.92328e-21)
(0.00259693 0.00263438 -2.70486e-20)
(0.00247901 0.00250883 7.61939e-21)
(0.00418186 0.00390299 2.82724e-21)
(0.00247394 0.0025061 2.51818e-20)
(0.00417173 0.00391069 -1.6884e-20)
(0.00257844 0.00261003 -7.35688e-21)
(0.00258425 0.00263768 0)
(0.00249168 0.00251723 2.58795e-20)
(0.00424806 0.0039802 -5.24342e-21)
(0.00248997 0.00253947 0)
(0.00246515 0.00250362 -5.54899e-21)
(0.0024967 0.00254965 4.31065e-24)
(0.00416809 0.00389816 0)
(0.00418285 0.00390029 -2.43132e-21)
(0.00257443 0.00262802 3.83788e-21)
(0.0044195 0.00415353 5.76736e-21)
(0.00418341 0.00389916 -4.55054e-21)
(0.00424735 0.00398603 6.03471e-21)
(0.00246006 0.00251063 -7.66288e-21)
(0.00417008 0.00391382 -1.40244e-20)
(0.00426458 0.00403208 -2.86871e-20)
(0.00425739 0.00401518 1.42887e-20)
(0.00249456 0.00254078 2.99355e-21)
(0.00259313 0.00264094 0)
(0.00417053 0.00391097 -2.54815e-20)
(0.00279335 0.0027254 0)
(0.00246243 0.0024989 6.17289e-21)
(0.00447513 0.00412577 8.01582e-21)
(0.00246255 0.00250053 4.2946e-21)
(0.00250363 0.00254087 6.15699e-21)
(0.00295074 0.00288716 8.44052e-21)
(0.00259616 0.0026356 1.16126e-22)
(0.00246104 0.00251331 -7.19885e-21)
(0.0024632 0.00251337 -5.03228e-21)
(0.00250485 0.00255161 -6.3209e-21)
(0.00443117 0.0041362 -2.23468e-21)
(0.00249337 0.00254551 3.58039e-21)
(0.00260144 0.00256511 -7.49848e-21)
(0.00425598 0.0039729 -2.31273e-21)
(0.00442228 0.00415483 -1.09299e-20)
(0.00450978 0.00405564 0)
(0.00424892 0.00398899 1.31029e-20)
(0.00247289 0.00250581 1.28002e-20)
(0.00259885 0.00263197 3.09677e-20)
(0.00259203 0.00263023 -3.03248e-20)
(0.00413163 0.00388973 -2.86747e-21)
(0.0025087 0.00255403 -8.71319e-21)
(0.00427336 0.00409563 7.30729e-21)
(0.00418235 0.00390362 0)
(0.00250613 0.00254437 1.64161e-20)
(0.00256769 0.00261932 -5.50278e-22)
(0.00416957 0.00391333 0)
(0.00247415 0.00250533 8.83655e-26)
(0.00441282 0.00414682 -2.29698e-20)
(0.00479726 0.00406946 -8.63554e-21)
(0.00520119 0.00464855 8.74132e-21)
(0.00441873 0.00414886 0)
(0.00417008 0.00391515 7.45153e-21)
(0.00251237 0.00254711 5.80263e-21)
(0.00487096 0.00479134 0)
(0.00259438 0.0025944 0)
(0.0029379 0.002862 -2.91828e-20)
(0.00247924 0.00250917 0)
(0.00442761 0.00396952 0)
(0.002475 0.00250664 0)
(0.00247677 0.00250742 0)
(0.00245385 0.00250747 -1.5468e-21)
(0.00245301 0.00250558 1.6917e-21)
(0.00260262 0.00262555 1.5813e-20)
(0.00260668 0.00264229 2.09151e-20)
(0.00442104 0.00414798 -6.29704e-21)
(0.00247044 0.0025254 1.94984e-21)
(0.00436703 0.00411765 -1.48844e-22)
(0.00250109 0.00253791 7.87847e-21)
(0.0044288 0.00415233 3.68955e-21)
(0.00243371 0.00249611 -1.20918e-20)
(0.00425463 0.00397047 3.28834e-21)
(0.00417354 0.00390986 0)
(0.00550836 0.00461719 -8.65375e-21)
(0.00245793 0.0025053 0)
(0.00250985 0.00253695 6.90672e-21)
(0.00252697 0.00253949 -7.30276e-21)
(0.00259163 0.00263784 0)
(0.00258398 0.0025459 -1.43689e-22)
(0.00246918 0.00250527 5.649e-21)
(0.00254711 0.00253083 7.49571e-21)
(0.00250993 0.00252883 -9.15932e-21)
(0.00259301 0.0026303 1.21934e-20)
(0.00256196 0.0029825 4.1494e-20)
(0.00419275 0.00395402 -4.45132e-23)
(0.00442157 0.00415301 -6.98082e-21)
(0.00257056 0.00253959 -2.29375e-20)
(0.00249625 0.00254575 8.50285e-22)
(0.00343162 0.00350091 -9.89626e-21)
(0.00246251 0.00247762 1.63473e-20)
(0.00441359 0.00414353 7.6224e-21)
(0.00249035 0.0025373 8.35387e-21)
(0.00258594 0.00263741 8.08986e-21)
(0.00259387 0.00260743 4.98227e-21)
(0.00265514 0.00267526 -8.41736e-21)
(0.00250802 0.00254406 0)
(0.00250803 0.00254191 1.26707e-20)
(0.0024922 0.00254391 3.85967e-21)
(0.00247555 0.00249319 2.56448e-20)
(0.00260459 0.00265063 0)
(0.00247627 0.00249357 -1.47568e-20)
(0.00425071 0.00398316 0)
(0.00255887 0.00262968 -4.5676e-21)
(0.00303037 0.00288091 8.91578e-21)
(0.00425666 0.00397548 0)
(0.00249778 0.00254164 -2.15023e-24)
(0.00259285 0.00264094 -2.4477e-24)
(0.00266957 0.00264558 0)
(0.0033277 0.00314991 -8.80533e-21)
(0.00451134 0.00425686 -1.90165e-20)
(0.00249958 0.0025356 -9.44409e-24)
(0.00244329 0.00250656 0)
(0.00417055 0.00391555 7.01795e-21)
(0.00443008 0.00413482 -3.16489e-21)
(0.00247003 0.00250116 1.16322e-21)
(0.00259908 0.0026351 -7.21757e-21)
(0.00247258 0.00250599 0)
(0.00247124 0.00250583 -1.34638e-20)
(0.00275491 0.00280404 1.9316e-20)
(0.00424479 0.003971 -3.12209e-21)
(0.00247776 0.00250947 -1.36914e-20)
(0.00258679 0.00262804 0)
(0.00423499 0.00397343 -8.4015e-22)
(0.00258875 0.00262612 -2.37352e-20)
(0.00425618 0.00397191 -3.3657e-21)
(0.00248306 0.00253451 -8.74133e-21)
(0.00416844 0.00391644 0)
(0.00245271 0.0025039 -5.28066e-21)
(0.00259642 0.00263242 1.25431e-22)
(0.00260139 0.00261044 4.54183e-21)
(0.00259165 0.00264629 3.36136e-21)
(0.00197023 0.00192038 0)
(0.00247569 0.0025084 4.35247e-21)
(0.00254361 0.00253855 -1.47842e-20)
(0.00441521 0.00415073 3.03594e-20)
(0.0025869 0.00264085 3.72286e-21)
(0.00411665 0.00388235 7.07468e-22)
(0.00418105 0.00390204 -6.97002e-21)
(0.00508675 0.00513412 8.76233e-21)
(0.00261339 0.00264375 -7.96927e-21)
(0.00249694 0.00250382 -5.20054e-21)
(0.00443305 0.00414021 8.33125e-21)
(0.00258335 0.0026001 5.20164e-21)
(0.00422967 0.00397123 7.53009e-22)
(0.00256109 0.00262737 -2.83553e-23)
(0.00253822 0.00259115 -2.24734e-20)
(0.00248885 0.0025345 0)
(0.00442013 0.00415476 0)
(0.00416326 0.00391215 1.45019e-20)
(0.00259638 0.00265118 2.02547e-21)
(0.00417975 0.00389824 1.55111e-21)
(0.00249201 0.00254281 5.17133e-21)
(0.00256286 0.00263226 0)
(0.0024912 0.00253379 -9.90031e-21)
(0.0041699 0.00391212 0)
(0.00258723 0.00259923 -9.67962e-21)
(0.00420609 0.0039022 -1.72837e-20)
(0.00249174 0.00251057 5.54686e-21)
(0.00245828 0.00250326 -5.09978e-21)
(0.00246445 0.00253377 -4.72416e-21)
(0.00504358 0.00420009 1.76839e-20)
(0.00416928 0.00391483 -1.51324e-20)
(0.00443517 0.0041441 0)
(0.00431977 0.00408881 1.28597e-20)
(0.00259412 0.0026035 -5.82664e-25)
(0.00248929 0.00253333 -4.78298e-21)
(0.00246395 0.00248083 5.07245e-21)
(0.00443416 0.00414927 0)
(0.00424671 0.00398878 0)
(0.00424889 0.00398308 -5.47133e-21)
(0.00259313 0.00260948 1.03848e-20)
(0.00246157 0.00250452 -1.05455e-20)
(0.00259965 0.0026384 0)
(0.00424834 0.00399293 2.65157e-20)
(0.00246275 0.00250539 1.52605e-20)
(0.00258673 0.00262708 0)
(0.00499649 0.00421116 0)
(0.00245166 0.00250681 -8.9984e-21)
(0.00443084 0.00413308 -2.9574e-21)
(0.00249765 0.00251388 4.74703e-21)
(0.00259313 0.00260838 0)
(0.00244861 0.00250004 -2.03184e-21)
(0.00247102 0.00253896 5.86461e-21)
(0.00250147 0.0025533 2.09716e-21)
(0.0042556 0.00396879 3.00857e-21)
(0.00416846 0.00391112 1.17758e-20)
(0.00248252 0.0025368 -8.43385e-21)
(0.00255848 0.00262416 -1.40078e-22)
(0.00442554 0.00415055 3.82537e-21)
(0.00249787 0.00251442 0)
(0.00245265 0.00250487 0)
(0.00442215 0.00414902 0)
(0.00131317 0.00138109 0)
(0.00441087 0.00413682 0)
(0.00247206 0.0025202 -3.14005e-21)
(0.00249198 0.00251303 1.18162e-20)
(0.00261146 0.00262916 -8.06086e-21)
(0.00418319 0.00389997 4.06718e-21)
(0.00246909 0.00248614 2.37661e-20)
(0.00243633 0.00249466 -3.43865e-21)
(0.00256314 0.0026438 0)
(0.00425771 0.00397713 -2.81934e-21)
(0.00248642 0.00250703 0)
(0.00243063 0.00249984 1.21434e-22)
(0.00250917 0.00254168 -7.99991e-21)
(0.00243762 0.00249628 9.3827e-21)
(0.00256603 0.00263465 3.81872e-21)
(0.00261102 0.00259214 -1.65571e-20)
(0.00256177 0.00262418 -2.85366e-23)
(0.00246812 0.00248567 -1.59303e-20)
(0.00260104 0.00250064 8.39048e-21)
(0.00244419 0.00250503 0)
(0.00246292 0.00247913 0)
(0.00246727 0.00254711 0)
(0.001041 0.00179637 2.56112e-20)
(0.00258519 0.00260208 -8.14423e-24)
(0.00246743 0.0025335 5.10609e-21)
(0.00258885 0.00260435 -2.25165e-20)
(0.00247071 0.00252902 -2.87317e-23)
(0.00245673 0.00247467 -2.79976e-20)
(0.00251538 0.00249118 0)
(0.0042568 0.00398001 7.4664e-21)
(0.00243028 0.00249834 0)
(0.00245487 0.00247461 -1.4645e-20)
(0.00256372 0.00261874 0)
(0.00247326 0.00252882 9.27282e-21)
(0.00256133 0.00262097 3.11719e-21)
(0.00247173 0.00252924 6.42335e-21)
(0.00256251 0.00269211 7.00897e-22)
(0.002466 0.00259515 -5.89587e-22)
(0.0025891 0.00260739 -7.07257e-21)
(0.00250518 0.00249541 -6.94491e-21)
(0.0025833 0.00281529 9.53775e-22)
(0.0025843 0.00260207 -1.39076e-20)
(0.0025612 0.00262982 4.94109e-21)
(0.00248418 0.00250581 5.78404e-21)
(0.00246803 0.00253648 0)
(0.00246976 0.0025259 5.73371e-21)
(0.00255859 0.0026268 -2.69377e-21)
(0.00246633 0.00252966 -2.7817e-21)
(0.00250708 0.00248211 -7.20827e-21)
(0.00245508 0.00247488 -1.52484e-20)
(0.0025941 0.00261 -2.17672e-20)
(0.00251075 0.00251591 -7.36682e-21)
(0.00260467 0.00279665 5.18945e-21)
(0.00259174 0.00260572 -6.17053e-21)
(0.00246528 0.00247906 1.24504e-20)
(0.00249028 0.00250528 -1.28835e-20)
(0.00246628 0.00253581 0)
(0.00244575 0.0025439 -2.49976e-20)
(0.00416327 0.0038982 0)
(0.00256662 0.00262308 -7.03307e-21)
(0.00251389 0.00228512 -2.56942e-20)
(0.00256625 0.00262383 -3.79344e-21)
(0.00246359 0.00248267 1.47278e-20)
(0.00188521 0.00211311 3.08761e-20)
(0.00243682 0.00249987 1.08743e-20)
(0.00256085 0.00263133 0)
(0.00256536 0.00262038 -6.51303e-21)
(0.00256586 0.00253715 7.45533e-21)
(0.00260116 0.00261641 2.40438e-20)
(0.00246262 0.0024814 -1.4118e-20)
(0.00247276 0.00247176 0)
(0.00248567 0.00271529 1.62842e-21)
(0.00258917 0.00260665 2.38631e-20)
(0.00259433 0.00261106 0)
(0.00259564 0.00261359 -8.30064e-24)
(0.00244609 0.00233963 -7.13642e-24)
(0.00243495 0.00248381 9.1987e-24)
(0.0025824 0.00260039 -7.33182e-21)
(0.00258571 0.00260389 -8.27426e-24)
(0.00246824 0.0025077 1.62899e-20)
(0.00248072 0.0024392 -1.78096e-20)
(0.00246318 0.00248599 -8.63374e-21)
(0.00245624 0.00250959 -8.63768e-21)
(0.00259753 0.0026909 2.04177e-23)
(0.00245778 0.00247601 -1.58613e-20)
(0.00243306 0.00250013 -4.56376e-21)
(0.00259157 0.00269232 -7.79035e-21)
(0.00418417 0.00390072 -2.9342e-21)
(0.00263003 0.00278036 -2.54164e-20)
(0.00256742 0.00266554 -7.90962e-22)
(0.0024718 0.00256862 -9.99303e-23)
(0.00246482 0.00248334 0)
(0.00246066 0.00247977 0)
(0.00243446 0.00250194 -2.05141e-21)
(0.00243891 0.00249888 -1.52321e-22)
(0.00243281 0.00249978 -2.50897e-21)
(0.00243465 0.00249832 -5.62562e-21)
(0.00243133 0.00249779 5.65213e-21)
(0.00414894 0.00389689 2.51744e-21)
(0.00247044 0.00249102 -1.65547e-20)
(3.05579e-05 2.28226e-05 -1.04952e-20)
(4.52836e-05 -1.64454e-05 5.18324e-21)
(9.27063e-05 0.000120762 1.45401e-21)
(0.00018531 -3.58289e-05 2.26763e-21)
(0.000995349 8.80866e-05 0)
(6.91897e-05 7.26434e-05 -9.37355e-22)
(0.000623279 0.000367167 3.89708e-20)
(5.88511e-05 0.000146431 0)
(0.000214866 -4.44231e-05 0)
(8.02299e-05 -1.74774e-05 -1.52204e-22)
(0.000621225 0.000104385 -1.49425e-20)
(0.00430861 0.0042703 -1.04257e-20)
(0.00430618 0.00427042 4.93466e-21)
(0.00457999 0.00453226 6.99465e-23)
(0.00424441 0.00396887 1.29634e-20)
(0.00416872 0.00389567 1.36605e-20)
(0.00438726 0.00435184 0)
(0.00457962 0.00453228 -4.70004e-21)
(0.00430036 0.00426982 -8.93383e-21)
(0.00438213 0.00435022 0)
(0.00439179 0.00434975 0)
(0.0041617 0.00391606 -1.19344e-20)
(0.00439488 0.00434942 -1.0771e-20)
(0.00416262 0.00391578 6.4072e-21)
(0.00430107 0.00427164 4.53867e-21)
(0.00457439 0.00452856 0)
(0.00439327 0.00435379 6.04627e-21)
(0.00431298 0.00427036 1.93889e-20)
(0.00439072 0.00435186 1.16018e-20)
(0.00457567 0.00453035 0)
(0.00457865 0.00453255 0)
(0.00439664 0.00435434 -1.8369e-20)
(0.00457341 0.00452932 5.46017e-21)
(0.00429408 0.00428336 0)
(0.0042902 0.00428755 0)
(0.00456051 0.00454574 0)
(0.00456013 0.00454743 -6.52718e-21)
(0.0043765 0.00436757 0)
(0.00429484 0.00428348 -3.24548e-21)
(0.00437769 0.00436403 -6.17325e-21)
(0.00456997 0.00453664 3.7836e-21)
(0.00457326 0.00452876 -5.49366e-21)
(0.00456302 0.00454209 1.43123e-20)
(0.00429023 0.0042857 0)
(0.00456024 0.00454572 -6.90838e-21)
(0.00456047 0.00454733 0)
(0.00457659 0.00453124 -8.76005e-21)
(0.00429191 0.00428534 3.29008e-21)
(0.0043774 0.00436219 -8.70002e-21)
(0.00441148 0.00415359 0)
(0.00431209 0.00427065 -1.35009e-20)
(0.00441072 0.00434415 -6.79497e-21)
(0.00455774 0.00454638 -1.10524e-20)
(0.00431218 0.00427007 -1.37494e-20)
(0.00455911 0.00454515 0)
(0.00431186 0.00427046 0)
(0.00457531 0.00453378 1.14155e-20)
(0.00441027 0.00414779 1.3216e-20)
(0.00437695 0.00436242 2.84122e-21)
(0.0044095 0.00415321 -6.06691e-21)
(0.00437689 0.00436259 5.10244e-21)
(0.00455864 0.0045466 4.93521e-21)
(0.0043114 0.00427038 -7.42258e-21)
(0.00431042 0.00427046 7.71506e-21)
(0.00428892 0.00428555 5.51757e-21)
(0.00437711 0.00436301 -5.36696e-21)
(0.00455785 0.0045469 -5.19503e-21)
(0.00430901 0.00426883 0)
(0.00431108 0.00427076 7.35381e-21)
(0.00429076 0.0042845 -5.79851e-21)
(0.0045585 0.00454722 -4.52526e-21)
(0.00441908 0.0043379 -1.41834e-20)
(0.00437557 0.00436322 -4.69143e-21)
(0.00445324 0.00429021 0)
(0.00443534 0.00432615 -7.16488e-21)
(0.0042905 0.00428677 -6.41401e-21)
(0.00457704 0.00453062 -1.34199e-20)
(0.00430997 0.00426968 -2.32862e-20)
(0.00445151 0.00430933 1.44977e-20)
(0.0043063 0.00426932 -8.08472e-21)
(0.00428999 0.00428458 9.50999e-21)
(0.00437236 0.00436603 0)
(0.00455676 0.0045494 0)
(0.0043036 0.00426935 1.6462e-20)
(0.00442829 0.00427461 0)
(0.00455668 0.00455075 1.99766e-21)
(0.00437224 0.00436734 2.07006e-21)
(0.00429038 0.00428689 3.98132e-21)
(0.0045755 0.00453586 0)
(0.00438518 0.00417592 -1.421e-20)
(0.00430806 0.00426083 0)
(0.00439177 0.00425562 1.55223e-20)
(0.00457717 0.00453555 -6.95281e-21)
(0.00428947 0.00428539 4.37303e-21)
(0.00457718 0.00453363 0)
(0.00437743 0.00422036 7.8047e-21)
(0.00457854 0.00452365 1.56587e-20)
(0.00457669 0.00453607 7.29466e-21)
(0.00425983 0.00383277 1.78787e-20)
(0.00412555 0.00380595 9.02973e-21)
(0.00430298 0.00426847 -8.34485e-21)
(0.00429006 0.00428464 -7.59091e-21)
(0.00421117 0.00364135 8.45436e-21)
(0.00460856 0.0044956 0)
(0.00436907 0.00437805 1.96978e-21)
(0.00410022 0.0036932 -1.8485e-20)
(0.00455234 0.00455992 1.87567e-21)
(0.00434416 0.00438461 2.14977e-21)
(0.00435835 0.00438324 9.26193e-22)
(0.00454224 0.00456595 -8.68244e-22)
(0.00443046 0.00372889 1.7208e-20)
(0.0045275 0.00456703 0)
(0.00449489 0.00456992 1.07352e-21)
(0.00456623 0.00429107 9.45177e-21)
(0.00431281 0.00438744 1.76967e-21)
(0.00440128 0.00442307 1.91359e-20)
(0.00520944 0.00442377 3.38937e-20)
(0.000806695 0.000589028 -8.49899e-21)
(-3.23135e-05 0.00110674 4.29129e-24)
(3.56881e-05 2.84893e-05 -8.72299e-21)
(5.13221e-05 4.54176e-06 -2.04741e-21)
(6.19827e-05 0.000259483 0)
(0.000117729 -2.64717e-05 -7.10318e-21)
(6.73285e-05 -2.14062e-06 2.99167e-22)
(0.000690746 0.000597397 -9.02146e-24)
(0.00246842 0.00248713 -1.75623e-20)
(0.00439433 0.00434995 5.2504e-21)
(0.00246423 0.00247805 0)
(0.00247655 0.00253829 3.79114e-21)
(0.0025737 0.00262897 7.71888e-21)
(0.00247567 0.00253439 -3.36199e-21)
(0.00259436 0.00260968 1.9697e-20)
(0.00243988 0.00250394 0)
(0.00250167 0.00250456 6.75854e-21)
(0.00256708 0.0026357 -4.39997e-21)
(0.0024711 0.00253947 -1.4333e-22)
(0.0026052 0.00263152 -8.02174e-21)
(0.00437242 0.00437343 2.29742e-21)
(0.00428597 0.00429719 0)
(0.00243722 0.00250549 3.01509e-21)
(0.00455538 0.00455563 -1.02366e-21)
(0.00212026 0.0019121 1.89419e-20)
(0.00245362 0.00267365 1.14226e-21)
(0.0020454 0.00179445 1.74201e-20)
(0.00166615 0.00134071 -1.17069e-23)
(0.00106349 0.00159109 1.67657e-20)
(8.81848e-05 1.84425e-05 0)
(0.00416101 0.00391523 2.89547e-20)
(0.00423341 0.00398153 0)
(0.00415739 0.0039146 -1.96802e-20)
(0.00424796 0.00396101 3.44946e-21)
(0.00424788 0.00395503 -7.54585e-21)
(0.00441855 0.00412252 0)
(0.00441041 0.00415191 -1.31693e-20)
(0.00417411 0.00388573 0)
(0.004217 0.00398102 0)
(0.00442732 0.00412349 5.59826e-21)
(0.00425191 0.0039575 2.84906e-21)
(0.00441063 0.00415549 4.26591e-24)
(0.00424745 0.00396173 -1.06268e-21)
(0.00390582 0.00354655 -3.76257e-20)
(0.00442344 0.00412746 1.17529e-21)
(0.00417584 0.00388839 -1.3072e-21)
(0.00409448 0.00295305 8.85303e-23)
(0.00417299 0.00389459 0)
(0.00395256 0.00325936 -1.89319e-22)
(0.0030684 0.0034703 -8.86863e-21)
(7.55879e-05 1.50062e-05 0)
(5.60966e-05 -8.90799e-05 0)
(0.000153978 0.000179091 -2.3678e-21)
(0.000126588 2.87788e-05 4.58156e-21)
(6.39047e-05 -2.90637e-05 2.6528e-21)
(6.23398e-05 8.98356e-05 -2.23167e-20)
(0.000772901 0.000209885 2.21178e-20)
(0.000789618 -0.000227678 2.8818e-20)
(5.62413e-05 5.7724e-05 5.52854e-22)
(0.000108544 2.33739e-05 0)
(0.00082785 0.000819436 4.58148e-21)
(0.000765337 0.000108841 -1.40482e-20)
(0.000231606 0.000193251 4.55911e-21)
(7.48116e-05 5.68061e-05 0)
(0.000158465 7.60911e-05 0)
(0.000638059 0.000362554 1.18822e-20)
(6.77544e-05 2.7515e-05 -5.63634e-22)
(0.000375018 0.000533916 1.19723e-20)
(0.000415584 0.000530405 3.60485e-20)
(0.000137405 6.15798e-05 0)
(0.000304112 -1.65684e-05 -1.00212e-20)
(5.61632e-05 3.75391e-05 2.84349e-22)
(3.47111e-05 6.77626e-05 -2.91332e-21)
(0.000468697 0.000644557 3.62364e-20)
(0.000558677 0.000150268 1.0131e-20)
(0.000373003 0.000485188 0)
(0.000894089 9.92674e-05 5.62418e-21)
(0.000636701 0.000564639 0)
(0.000195732 7.0687e-05 -1.69552e-20)
(0.000591501 0.000435443 -3.92986e-20)
(0.000137322 -4.78589e-06 -4.57887e-21)
(0.000652086 0.000176484 0)
(0.000376563 0.000571007 -3.13784e-20)
(0.00099661 0.00025406 -2.68263e-20)
(0.000517125 0.000479 5.23142e-21)
(0.000228411 0.000227095 -1.99145e-20)
(3.77008e-05 8.73895e-05 1.16813e-21)
(0.000822414 3.67727e-06 0)
(9.58327e-05 -2.72749e-06 4.87917e-21)
(0.000278293 9.03781e-05 0)
(4.29496e-05 -8.76454e-05 7.50902e-21)
(7.90729e-05 3.41349e-05 4.35877e-21)
(0.00099335 0.000233545 1.18507e-21)
(0.00028806 5.555e-05 2.04981e-21)
(0.000499644 0.000297227 -5.82175e-22)
(0.000132493 0.000206707 0)
(9.3587e-05 -2.53101e-05 -1.32102e-20)
(0.000586494 0.000188109 0)
(1.82666e-05 -2.88582e-05 -1.11562e-21)
(0.000522586 0.000252455 -2.21453e-20)
(4.07241e-05 3.69316e-05 1.20355e-21)
(4.67537e-05 4.61343e-05 0)
(0.000176196 5.34398e-06 0)
(0.000784658 0.000305119 2.98588e-20)
(0.0002665 0.00030773 -4.00998e-20)
(0.000686385 0.000290424 0)
(0.00066097 0.000216936 -3.57242e-20)
(0.000213231 0.000250635 1.37384e-20)
(0.000379803 0.000564836 -9.64837e-21)
(0.00103469 5.36527e-05 -5.1306e-21)
(0.000117258 2.20474e-07 -2.88606e-22)
(0.000161345 0.000282408 5.18415e-21)
(0.000785252 0.000201158 -2.55098e-22)
(0.000284432 0.000369509 0)
(0.00024454 3.8928e-05 1.66242e-20)
(7.6994e-05 -3.18023e-05 -5.5619e-21)
(0.00202315 0.00158784 -1.71507e-20)
(0.00225573 0.00202167 2.81877e-20)
(0.00259058 0.00262034 -1.56338e-20)
(0.00248668 0.00250233 -1.34311e-20)
(0.00258682 0.00260552 4.50975e-24)
(0.00245914 0.00247482 -1.29952e-20)
(0.00245617 0.00247965 1.15432e-20)
(0.00412064 0.00397439 1.08056e-21)
(9.9656e-05 0.000353031 -1.74507e-20)
(0.000232759 0.000362115 1.96589e-20)
(0.000244157 0.000402796 0)
(0.000932237 0.000259309 1.60661e-20)
(0.000920976 8.06709e-05 -1.62705e-22)
(4.55229e-05 1.80406e-06 1.58573e-27)
(0.000316793 0.000246735 1.48459e-20)
(0.00249071 0.00250645 -1.11135e-20)
(0.000218355 0.000210652 -1.53431e-20)
(0.00455611 0.00455335 -2.42338e-21)
(0.00437326 0.00437117 -2.52232e-21)
(0.00441242 0.0041528 4.4408e-21)
(0.00478695 0.00408745 -1.7101e-20)
(0.00492252 0.00450542 1.69156e-20)
(0.00428878 0.00429369 2.45338e-21)
(0.00455118 0.00410043 -1.8591e-20)
(0.00172029 0.00147819 1.72782e-20)
(0.00243595 0.00250744 -1.44332e-21)
(0.00244085 0.00253066 -1.78535e-21)
(0.00426356 0.00430451 8.35841e-22)
(0.00240203 0.00244273 -8.59779e-21)
(0.00246737 0.0025362 -4.21108e-21)
(0.00256329 0.00263317 3.89214e-21)
(0.00518193 0.00416264 8.57004e-21)
(0.00256364 0.00263267 -3.44907e-21)
(0.00243196 0.00250102 1.75907e-21)
(0.00246821 0.00253734 -5.50002e-21)
(0.00455793 0.00455036 1.61552e-21)
(0.0043741 0.0043676 -1.68259e-21)
(0.00424616 0.00397638 2.74409e-22)
(0.00439756 0.0043503 -1.99833e-20)
(0.00431052 0.0042699 7.6644e-23)
(0.00457489 0.00453152 0)
(0.00247226 0.00253491 1.11075e-20)
(0.00437413 0.00437034 -7.0572e-21)
(0.00441936 0.00414127 4.73507e-21)
(0.00243851 0.00250369 8.13388e-21)
(0.00416113 0.00391238 -5.19138e-21)
(0.00417021 0.00390646 5.47546e-21)
(0.00429053 0.00428832 4.02239e-21)
(0.0042413 0.00398583 -9.70155e-21)
(0.00247635 0.00253505 0)
(0.00439256 0.00435196 -2.66622e-20)
(0.00257922 0.00262557 -4.11063e-21)
(0.00457327 0.00453246 -4.03827e-21)
(0.000432547 0.000412329 0)
(0.00033318 0.00039898 -2.72317e-20)
(0.000833762 0.000192954 -1.71145e-20)
(0.000159479 3.51795e-05 2.23122e-21)
(0.000303605 0.00058115 -1.1514e-20)
(0.00034006 0.00034005 0)
(4.51545e-05 5.14733e-06 -7.51217e-22)
(0.00074349 0.000951456 0)
(0.000705909 0.000596959 1.06312e-21)
(0.00441695 0.00413048 -3.95837e-21)
(0.0041732 0.00388634 0)
(0.00424688 0.00395721 7.8321e-21)
(0.00416493 0.00391215 -1.49912e-22)
(0.00424739 0.00396093 0)
(0.0041617 0.0039136 1.29467e-20)
(0.00417535 0.00388971 0)
(0.00423049 0.00398281 1.63327e-20)
(0.00441401 0.00415103 -1.28249e-20)
(0.00416709 0.00389815 0)
(0.00425318 0.00396013 1.64916e-21)
(0.00423057 0.00398071 0)
(0.00419922 0.00314236 -8.69059e-21)
(0.00412986 0.00392676 -5.73989e-22)
(0.00442772 0.00412551 -1.58627e-21)
(0.00441398 0.00415758 1.53579e-20)
(0.00402622 0.00352429 1.85253e-20)
(0.00427153 0.00327621 0)
(0.00424662 0.0039651 -3.167e-21)
(0.00442207 0.00413076 2.01382e-21)
(0.00350152 0.00309571 -1.70246e-20)
(0.000434232 0.000453749 -1.81517e-20)
(9.37082e-05 -4.69386e-05 5.23537e-21)
(0.000475097 0.000371138 -5.0429e-21)
(0.000912297 1.6691e-05 -1.0317e-21)
(0.000765417 0.000307025 -9.56615e-21)
(0.000912004 0.000286692 4.11152e-21)
(0.000170111 0.000215661 8.39222e-21)
(0.00416172 0.00390832 -4.46786e-23)
(0.00424752 0.00395818 4.09856e-21)
(0.00440676 0.00415573 5.03683e-23)
(0.00417712 0.00388906 3.38106e-21)
(0.000666299 0.000408686 -1.94855e-21)
(0.0009406 0.000525042 -1.30026e-20)
(0.000749612 -3.87542e-05 4.43806e-21)
(0.00102606 0.000553912 3.67137e-21)
(0.00080971 0.000395857 0)
(0.000294966 0.000557652 8.9359e-22)
(0.0010533 0.000388077 -2.25654e-21)
(0.000264099 0.000272543 2.09607e-20)
(5.7295e-06 -1.69644e-05 -7.96263e-22)
(0.00076274 0.000383743 0)
(0.00105786 0.000272839 -2.74492e-20)
(4.34105e-05 1.03275e-05 -3.31685e-20)
(0.000418094 0.000712486 -8.36478e-21)
(0.000324312 0.000533068 -8.97962e-21)
(0.000371332 8.18314e-05 0)
(0.000183543 5.85678e-05 -1.87941e-21)
(0.00108158 0.000309339 -1.14815e-21)
(3.99458e-05 2.93832e-06 1.10128e-20)
(9.66889e-05 4.32056e-05 -4.33361e-21)
(0.000115958 5.43789e-05 4.74231e-21)
(0.000382221 0.000417576 2.66997e-20)
(0.00086942 6.91075e-05 0)
(3.44656e-05 2.09797e-06 -3.26962e-20)
(0.000244817 0.000170125 -3.14489e-21)
(0.000733582 -0.000233744 -5.44241e-21)
(0.000687488 0.000398224 -1.229e-20)
(0.000195172 0.000126067 3.92248e-21)
(3.13793e-05 1.12128e-05 0)
(0.000670256 0.00039781 -5.53452e-21)
(0.000191995 0.000177827 5.43527e-21)
(0.000121392 0.000368722 0)
(0.000506259 0.000311617 -1.83678e-20)
(4.14967e-05 -7.31731e-06 -1.20036e-20)
(0.000547305 -0.000138959 1.14259e-20)
(0.000722414 7.2437e-05 8.16667e-21)
(0.000705391 0.000387645 -8.55515e-22)
(0.000428747 -3.67456e-05 2.44235e-21)
(0.00411968 0.00386609 -3.84672e-22)
(0.0043715 0.00409734 -4.26874e-22)
(0.0041968 0.00393603 0)
(0.00428984 0.0042872 -1.64756e-21)
(0.00457263 0.00453683 7.54574e-21)
(0.00438274 0.00435177 -8.38338e-21)
(0.00430779 0.00427015 -1.64834e-20)
(0.00477144 0.00471875 0)
(0.00442171 0.00394509 -8.27638e-21)
(0.0043291 0.00424149 1.7154e-20)
(0.00425497 0.00395966 0)
(0.00442952 0.00412409 -5.29293e-21)
(0.00417296 0.00388115 -4.16759e-21)
(0.00423223 0.00398167 1.96087e-20)
(0.00440882 0.00415258 -2.99393e-20)
(0.0044163 0.0041366 8.21829e-21)
(0.00423383 0.00398487 -1.5534e-20)
(0.00416741 0.00389918 0)
(0.00424352 0.00397029 0)
(0.000437417 0.000340749 5.76751e-21)
(0.00102474 8.71278e-05 2.14202e-20)
(0.000908748 0.000273998 2.63676e-20)
(0.00039235 0.000384591 2.30215e-20)
(0.000275589 0.00063527 0)
(0.000753665 0.000336228 -5.29755e-21)
(0.000543055 1.66938e-05 -1.50787e-20)
(0.000128317 9.1453e-05 0)
(0.000704316 0.000566572 2.13891e-21)
(3.90864e-05 1.99464e-06 1.16235e-20)
(0.000976779 0.000146829 -4.09839e-21)
(0.000777344 8.97644e-05 0)
(0.000798276 0.000234792 0)
(0.000178737 0.000290318 0)
(0.000311876 0.000598965 1.72637e-20)
(0.000838586 0.00032292 -2.40697e-21)
(0.000836912 0.000277002 -7.6411e-21)
(0.000891319 0.000257204 0)
(0.000889522 0.000341639 3.04557e-21)
(0.0045931 0.00416887 0)
(0.00493485 0.00407499 8.77477e-21)
(0.00244203 0.00252345 -3.19785e-21)
(0.00457861 0.00489174 1.6868e-20)
(0.00429176 0.00428818 -1.45712e-21)
(0.00527493 0.00421599 -8.39307e-21)
(0.00423349 0.0043058 -1.24801e-21)
(0.00256672 0.00263873 1.04379e-22)
(0.00247019 0.00254199 3.1405e-21)
(0.00437381 0.00436915 -1.63896e-21)
(0.00455757 0.00455198 4.53017e-21)
(0.00456916 0.00453421 -1.53907e-20)
(0.00457544 0.00453051 -6.46449e-21)
(0.00429011 0.00428849 0)
(0.0044039 0.00434813 -1.31802e-20)
(0.00437527 0.00437013 0)
(0.00431209 0.00427016 -6.42944e-21)
(0.00437834 0.00436581 3.93175e-21)
(0.00431031 0.00427378 5.59837e-21)
(0.0045734 0.00453352 -3.77266e-21)
(0.00248753 0.00250415 5.29923e-21)
(0.00401188 0.00535384 0)
(0.00134051 0.00134964 0)
(0.00502294 0.00422807 0)
(0.00368542 0.00371482 9.39323e-21)
(0.00437824 0.00416504 -1.26395e-22)
(0.00455636 0.00455271 -2.7519e-21)
(0.00423896 0.00398656 -1.52231e-21)
(0.00420483 0.00399865 -6.56507e-22)
(0.00441361 0.00415175 -8.34554e-22)
(0.0043728 0.0043702 -2.85621e-21)
(0.00233681 0.00196856 0)
(0.00243718 0.00251011 2.25429e-21)
(0.00459965 0.00417232 2.4971e-20)
(0.00498543 0.00421659 -1.70732e-20)
(0.00441604 0.00413708 0)
(0.00238696 0.00220168 9.03166e-21)
(0.00443348 0.0041429 0)
(0.00256569 0.00263292 -1.27883e-21)
(0.00450915 0.00426637 -2.56012e-20)
(0.00227456 0.00215086 -8.62047e-21)
(0.00417725 0.00388552 0)
(0.00424104 0.0039718 -2.62438e-21)
(0.00247047 0.002537 1.18464e-21)
(0.00450099 0.00409489 0)
(0.00244054 0.00256395 -1.45142e-21)
(0.0042916 0.00429003 1.44639e-21)
(0.00427727 0.00430162 -2.62203e-21)
(0.00331803 0.00313089 0)
(0.00441677 0.00413402 -7.94607e-21)
(0.00417701 0.00388667 1.37248e-22)
(0.00417758 0.00388637 0)
(0.00416258 0.00391381 8.64811e-21)
(0.00371839 0.00371546 6.49713e-21)
(0.00417464 0.00389101 0)
(0.00243676 0.00250377 0)
(0.00417729 0.00388643 0)
(0.00247173 0.00253932 4.9671e-21)
(0.00382102 0.00382392 -1.74717e-20)
(0.00256727 0.002635 4.78e-21)
(0.00260042 0.00262181 -1.50225e-20)
(0.00457656 0.00453019 3.25341e-20)
(0.00440182 0.00415235 7.30013e-21)
(0.00394111 0.00388335 1.59845e-20)
(0.0041589 0.00391505 0)
(0.00424995 0.0039641 -5.14671e-21)
(0.00442794 0.00412382 0)
(0.00425354 0.00396045 -2.06341e-21)
(0.00403868 0.00394212 0)
(0.00442776 0.00412317 4.53687e-21)
(0.004253 0.00395997 4.69374e-21)
(0.004158 0.00391498 -8.12022e-21)
(0.00442608 0.00412562 -4.99317e-21)
(0.00417429 0.00388888 0)
(0.00440481 0.00414968 1.44731e-20)
(0.00417488 0.00388913 -5.51751e-21)
(0.00417495 0.00388992 -6.22499e-21)
(0.00442697 0.00412374 0)
(0.00411517 0.00397782 -7.38176e-21)
(0.00415501 0.00391409 8.00328e-21)
(0.00417592 0.00388922 5.22107e-21)
(0.00440785 0.00414569 6.99991e-21)
(0.00417537 0.00388712 0)
(0.00416019 0.00398652 7.25017e-21)
(0.00425144 0.00396147 0)
(0.00415683 0.00391343 0)
(0.00424891 0.00396478 1.08241e-20)
(0.00442506 0.00412626 1.05673e-20)
(0.00419 0.00398488 2.14168e-20)
(0.00417575 0.00388988 1.17877e-20)
(0.00441005 0.00414708 1.38247e-20)
(0.00420882 0.00397968 -6.96283e-21)
(0.00415903 0.00391154 7.70548e-21)
(0.00442465 0.00412633 5.5524e-21)
(0.00424869 0.00396469 -1.28473e-22)
(0.00424882 0.00396274 -3.18381e-21)
(0.00260184 0.00261758 1.38234e-22)
(0.0041563 0.00391226 -7.5946e-21)
(0.00442108 0.00412843 -3.14942e-21)
(0.00457677 0.00453165 0)
(0.00415693 0.00391111 -7.43083e-21)
(0.00424833 0.00396358 0)
(0.00415745 0.00391107 6.83675e-21)
(0.00249883 0.00251579 -1.91626e-20)
(0.0041597 0.0039111 -1.11003e-23)
(0.00415648 0.00391047 2.13116e-20)
(0.00442374 0.00412678 5.92175e-21)
(0.00415906 0.00391224 2.09311e-20)
(0.00247289 0.00248547 2.4922e-20)
(0.00431177 0.0042741 -2.32169e-20)
(0.0024756 0.00253604 3.46715e-21)
(0.00441919 0.00412743 9.58232e-21)
(0.00441819 0.00412515 0)
(0.00431169 0.00426999 -6.23093e-21)
(0.00423454 0.00398088 1.17666e-20)
(0.00437416 0.00436938 0)
(0.00423297 0.00398315 -6.06083e-21)
(0.00431191 0.00427251 6.04494e-21)
(0.00244018 0.00250444 0)
(0.00457956 0.00453503 0)
(0.00441813 0.00412107 1.394e-20)
(0.00416999 0.00390347 -5.09794e-21)
(0.00423695 0.00398025 -2.34644e-20)
(0.00415642 0.00391169 5.24603e-21)
(0.00423182 0.00398077 1.11936e-20)
(0.00441891 0.00412112 -7.20423e-21)
(0.00250225 0.00251221 -1.04674e-20)
(0.0024767 0.00253676 -7.83118e-21)
(0.00440997 0.00414776 5.60547e-21)
(0.00246941 0.00248857 -5.57915e-21)
(0.004408 0.00414732 -1.3983e-22)
(0.00440705 0.00414965 4.61437e-21)
(0.00417117 0.0038886 8.90186e-21)
(0.00440362 0.00414779 5.05074e-21)
(0.00440531 0.00414749 5.37781e-21)
(0.00257891 0.00262917 1.40339e-22)
(0.00440738 0.00414917 2.38033e-20)
(0.00440498 0.00414781 -1.38957e-22)
(0.00424605 0.00397495 -4.74315e-21)
(0.004403 0.00414759 -5.00526e-21)
(0.00441941 0.00414034 -8.95229e-21)
(9.01925e-05 0.000477812 1.55605e-20)
(0.00112313 -1.7795e-05 0)
(0.00428993 0.0042876 -1.5964e-21)
(0.00456957 0.00453783 -7.63941e-21)
(0.00438185 0.00435779 -3.89128e-21)
(0.00430717 0.0042716 -1.1594e-20)
(3.49407e-05 -8.52806e-06 -1.12179e-20)
(0.000820556 8.36127e-05 -1.26679e-21)
(0.000385914 0.000510468 -1.16112e-20)
(0.00081201 0.000474672 8.40752e-22)
(0.000297126 0.000690144 0)
(0.00123641 0.000204994 -2.30609e-21)
(0.000546086 0.000275855 -4.10355e-21)
(0.000795056 0.000105025 -3.08712e-21)
(0.000130728 0.000155676 -1.84178e-20)
(0.000289705 0.00039337 0)
(0.000697435 0.00051048 1.9997e-25)
(0.000233727 0.000376162 8.35349e-21)
(0.000836379 1.86118e-05 -1.36272e-21)
(0.00128223 0.000518854 1.53738e-20)
(0.000183445 -0.000125661 1.25557e-21)
(0.000518564 0.000429421 2.43637e-20)
(4.35924e-05 3.11643e-06 2.57934e-20)
(0.00438316 0.00434991 4.52736e-21)
(0.00430233 0.00426933 -2.45028e-20)
(0.00439367 0.00435286 9.93449e-21)
(0.00430617 0.00377557 -1.58044e-20)
(0.00439802 0.00435276 1.23856e-20)
(0.00414712 0.0038757 9.00759e-21)
(0.00467765 0.00443503 0)
(0.00457857 0.00453625 -1.72305e-20)
(0.00457441 0.00453123 4.40321e-21)
(0.00455732 0.00454973 -5.7989e-21)
(0.00437308 0.00436665 3.82421e-21)
(0.00429915 0.00427696 8.48532e-21)
(0.00294733 0.00385474 9.16761e-21)
(0.000882632 0.000506419 0)
(0.000480531 6.49887e-05 2.82795e-21)
(0.000895057 0.000143426 0)
(2.06204e-05 9.49328e-07 0)
(4.49417e-05 -2.71215e-06 1.07368e-20)
(0.00066751 0.000340376 -3.75971e-21)
(2.89119e-05 4.29566e-06 3.79076e-20)
(0.00052286 0.00047006 2.15977e-21)
(0.00229362 0.00471536 5.34163e-21)
(3.94653e-05 -6.46807e-06 1.15077e-20)
(0.000817665 0.000209178 0)
(0.000413759 0.000479401 6.78453e-21)
(0.00018599 0.000136811 5.48506e-21)
(4.3483e-05 -1.07117e-06 -1.12157e-20)
(0.000169875 0.000550507 -1.63902e-20)
(0.00087511 7.88537e-05 -1.5629e-22)
(0.000196866 0.000572362 0)
(0.000269189 0.000775239 0)
(0.0041771 0.00388533 -3.68729e-21)
(0.00440453 0.00415706 7.55061e-21)
(0.00424552 0.00395964 8.48933e-21)
(0.00416004 0.00391096 -1.09548e-20)
(0.00341467 0.00343502 -8.36587e-21)
(0.00479892 0.00433678 -1.68145e-20)
(0.00415862 0.00390677 -4.25305e-20)
(0.00441179 0.00411937 2.66399e-21)
(0.00437308 0.00436694 -1.8843e-21)
(0.0045572 0.00454973 3.50312e-21)
(0.00439733 0.00435087 -6.45803e-21)
(0.00457945 0.00453678 1.78246e-20)
(0.00429248 0.00428467 -4.02087e-21)
(0.00457283 0.00453224 -4.19452e-21)
(0.00439316 0.0043526 2.06695e-20)
(0.00430029 0.00426934 4.64852e-21)
(0.00438192 0.00435 -4.42674e-21)
(0.000577319 0.000507877 6.07776e-21)
(0.000843946 4.36498e-05 0)
(0.000448663 0.000146136 1.38455e-24)
(0.00112534 0.00082722 -8.3408e-21)
(0.00099449 0.000355207 3.32964e-21)
(0.0041393 0.00503685 -8.21697e-21)
(0.00441688 0.00407597 8.27119e-21)
(0.00437875 0.00431989 1.00756e-20)
(0.00436956 0.00420238 0)
(0.00442895 0.00412446 3.8942e-21)
(0.00425457 0.00396024 -1.94104e-21)
(0.00423029 0.00398319 -1.24201e-20)
(0.00440981 0.00415012 2.28726e-20)
(0.00424481 0.00397323 0)
(0.00416897 0.00390195 9.7891e-21)
(0.00417257 0.00388386 -1.5266e-22)
(0.00423392 0.00398665 1.43917e-22)
(0.00441739 0.00413871 0)
(0.00067681 0.000372187 0)
(0.000703375 6.8466e-05 5.69608e-21)
(0.00270784 0.00320354 -1.56498e-22)
(0.00237162 0.00266519 -5.87799e-22)
(0.0028927 0.00339165 -1.32519e-22)
(0.00277458 0.00326941 -1.40281e-22)
(0.00249136 0.00280357 -5.20682e-22)
(0.00240114 0.00270622 0)
(4.30921e-05 -3.67932e-06 -3.34779e-22)
(0.000179831 0.000105121 0)
(0.000292146 0.000626481 0)
(3.21265e-05 2.17227e-06 -4.34022e-20)
(0.000183223 0.00039806 3.41102e-20)
(0.000640408 0.000385069 -2.81286e-20)
(6.9151e-05 0.000877296 6.21212e-21)
(3.88057e-05 3.5981e-06 1.88484e-25)
(0.000718366 0.000514374 -3.88848e-21)
(4.68793e-06 9.93661e-05 -9.14131e-21)
(2.16982e-05 3.20477e-05 -7.50361e-21)
(0.000896235 0.000201038 -6.08417e-21)
(7.83319e-05 0.000653331 1.17681e-21)
(0.000747246 0.000333486 6.4183e-21)
(0.000378406 0.000237614 3.06917e-23)
(0.000712652 0.000465191 9.17219e-21)
(0.00111047 0.000147747 0)
(0.000102168 0.000480805 -6.85451e-21)
(0.000103977 -0.00012993 -1.1157e-21)
(0.000110017 0.000105995 -2.80215e-20)
(8.94301e-05 0.000126639 0)
(2.2265e-05 5.48715e-05 2.54696e-21)
(0.00446214 0.00455835 2.63124e-23)
(0.00428161 0.00437714 9.8478e-23)
(0.000806249 2.28924e-05 -3.97844e-21)
(0.00331845 0.00334248 -1.81463e-20)
(3.47226e-05 -1.22403e-05 5.12397e-21)
(0.000462414 0.000156955 -1.47504e-20)
(0.00258079 0.00273458 3.27899e-20)
(2.25993e-05 -2.84859e-06 -5.91705e-21)
(0.000114192 0.000221839 -1.77904e-20)
(0.00436815 0.0042161 -9.88963e-22)
(0.00419437 0.00404774 -5.5548e-22)
(0.000224654 7.8481e-05 2.33251e-20)
(0.000142238 0.000135296 1.16754e-20)
(0.0016856 0.000481051 0)
(4.53588e-05 0.000119897 -2.65892e-21)
(0.00110616 0.000435478 0)
(9.60822e-05 0.000740843 0)
(0.000633475 0.000519402 2.04988e-21)
(3.71935e-05 4.86737e-06 -3.42872e-20)
(0.000262049 0.000489276 2.18865e-20)
(0.000433571 -0.000257398 2.96512e-20)
(0.000905675 -3.8943e-05 -4.50203e-20)
(3.97213e-05 4.76148e-06 -1.20969e-20)
(0.000107958 -5.6475e-05 9.71362e-21)
(0.00012989 0.000275187 0)
(0.0042037 0.00429395 4.8782e-22)
(0.000680534 0.0003583 -5.03584e-22)
(0.000947859 0.000402856 -1.23223e-20)
(0.000542278 0.000133341 -3.60846e-21)
(0.000634288 0.000385867 1.59782e-21)
(0.000163198 0.000347643 -4.82652e-20)
(0.00120844 0.00029027 1.49726e-20)
(3.13352e-05 -0.000381367 9.29309e-21)
(0.000135571 0.000145447 0)
(0.000581626 -5.75602e-05 -4.81998e-21)
(2.77437e-05 4.45322e-05 -2.58867e-21)
(0.000556385 0.000142058 2.46776e-20)
(5.07901e-05 -4.08642e-05 0)
(0.000850787 0.0001113 5.02089e-21)
(0.000237921 0.000447295 0)
(4.03671e-05 1.29235e-05 8.67526e-21)
(0.000527742 4.53987e-05 1.25442e-24)
(0.000321627 0.000520631 -1.11252e-20)
(0.0013412 0.000199036 0)
(0.000766968 0.000121413 -4.57185e-21)
(0.000998196 0.000436576 5.54658e-21)
(0.00283287 0.00285607 5.20317e-22)
(0.00286365 0.00290314 0)
(0.00298326 0.00301899 -8.86183e-22)
(6.832e-05 -7.65401e-05 0)
(0.000860271 0.000162796 5.52704e-21)
(0.00401397 0.00429606 -2.91238e-20)
(0.000869083 0.000104483 8.20565e-22)
(2.90763e-05 0.000399264 -2.49277e-24)
(0.00143107 0.000720613 3.31988e-20)
(0.000702905 0.000270945 1.57141e-20)
(2.48097e-05 0.000534008 -7.13047e-21)
(0.000577396 0.000428327 -8.707e-21)
(4.48513e-06 4.49053e-06 0)
(0.000638998 0.000474058 -4.38516e-21)
(2.61425e-05 -1.20662e-05 2.40542e-20)
(0.00332377 0.00384045 -3.02112e-20)
(2.56357e-05 6.97264e-05 4.75991e-21)
(0.00023887 0.000540857 -8.85347e-24)
(0.000859408 2.03094e-05 3.64068e-21)
(0.000384745 0.0013557 -3.29217e-22)
(0.000134752 9.21455e-05 0)
(0.000680834 0.000787294 -4.55817e-21)
(1.82592e-05 3.01682e-05 2.29002e-20)
(0.00062407 0.00107203 1.44393e-20)
(0.000141231 0.000568588 2.7893e-21)
(2.27976e-05 -1.17976e-05 -3.40792e-20)
(0.000146652 0.000462464 0)
(-0.000702249 0.000301472 -1.22496e-21)
(2.20238e-05 -1.02069e-06 1.4179e-20)
(0.000672174 0.00147448 2.80531e-21)
(9.85168e-05 0.000605571 1.05863e-21)
(0.000207161 0.000429639 -1.44175e-20)
(0.000886975 0.0005412 1.3619e-20)
(0.000456705 0.000217686 6.18163e-21)
(0.00202409 0.00273405 -1.30927e-20)
(0.000658889 0.000296874 3.70558e-21)
(1.76856e-05 2.80365e-05 6.16346e-21)
(0.000151631 0.000300912 -4.27991e-21)
(0.000483199 0.00110924 -9.05268e-21)
(4.63081e-05 0.00059019 0)
(0.000240073 0.000512044 0)
(1.99451e-05 8.94417e-06 -6.26232e-26)
(0.000876264 5.23165e-05 -3.78106e-21)
(0.000460758 0.000324529 -1.10494e-20)
(0.00068543 0.000417891 1.27108e-20)
(0.00086518 4.54506e-05 2.71194e-21)
(0.00147666 -0.000266364 0)
(0.000856573 0.000250625 2.81319e-22)
(0.00380239 0.00462062 9.5932e-21)
(3.70169e-05 0.000106333 -9.51725e-21)
(5.43086e-05 0.000157483 -9.77334e-21)
(0.000149191 0.000434655 0)
(-0.000507806 -0.000246298 0)
(0.000141082 0.000385698 2.07893e-20)
(0.000806852 0.000158896 -1.83869e-20)
(0.00195963 0.00235494 4.35064e-23)
(0.000343382 0.000575413 1.37279e-20)
(0.000942518 0.00200337 0)
(0.000310752 0.000584626 -3.03451e-20)
(0.00292051 0.00299448 2.07419e-20)
(0.000714087 0.000523304 1.04255e-20)
(0.00236138 0.00177428 0)
(0.000672813 0.000133423 -1.51959e-20)
(1.71308e-05 -1.46704e-05 -6.62786e-21)
(0.00116135 0.000824429 1.88268e-20)
(0.000688901 0.000293848 0)
(0.000684403 0.000461289 0)
(0.00076899 0.000268508 -1.40229e-20)
(0.00427687 0.00405464 1.17143e-21)
(0.00409712 0.00389626 -4.44826e-22)
(0.00401918 0.00383281 -7.44462e-22)
(0.00104321 0.000531578 -5.64663e-21)
(3.99215e-06 1.33412e-05 0)
(4.4525e-05 9.98859e-05 0)
(0.00125411 0.00262683 -1.57977e-21)
(4.94234e-05 -5.08659e-05 -6.19841e-21)
(0.00412181 0.00453195 9.37523e-21)
(0.000121388 0.000247907 8.62254e-21)
(2.85476e-05 -2.58298e-05 5.73014e-21)
(0.000518791 0.000283607 1.14784e-20)
(0.00112915 0.00044184 1.0908e-20)
(0.00105813 0.00213389 6.09143e-21)
(0.00357958 0.00468427 -2.62013e-20)
(0.000893597 0.000167557 -1.17309e-20)
(0.000169167 0.000700492 0)
(0.00245453 0.00199605 -1.42973e-20)
(0.000521603 0.000507614 -4.28518e-21)
(0.000877452 0.000140311 -1.32389e-21)
(0.000557413 0.000433713 1.05722e-20)
(0.000446247 0.000244011 -1.28344e-21)
(3.04713e-05 5.41637e-05 2.30814e-21)
(0.000865727 -7.22867e-05 0)
(0.00021976 0.000770201 3.09383e-21)
(0.000908462 0.000405049 0)
(3.39882e-05 -3.14964e-06 3.83673e-20)
(0.000534651 0.000239531 -9.63761e-21)
(6.95212e-05 -5.63925e-05 8.17373e-21)
(0.000132891 -0.000170947 1.21509e-21)
(0.000685051 4.51227e-05 0)
(3.79491e-05 -2.23674e-05 -1.00402e-20)
(0.000652081 0.00045111 -2.13948e-21)
(0.000577354 0.000478246 1.12177e-20)
(0.00306743 0.00380001 7.50146e-21)
(0.000409444 8.366e-05 3.06338e-21)
(0.00110013 6.41656e-05 0)
(0.000130268 -8.51188e-05 -4.69661e-21)
(0.000599661 0.000405075 -4.20527e-21)
(0.00102991 0.00022099 7.66237e-21)
(0.000163704 0.000349181 1.95624e-20)
(6.72897e-06 8.00257e-05 9.21073e-21)
(0.000491663 0.00061442 1.36554e-20)
(0.00106013 8.17865e-05 -2.53346e-21)
(0.00103272 4.3387e-05 6.60872e-21)
(0.00105423 8.94204e-05 0)
(0.00035737 -4.28917e-05 7.56035e-25)
(0.000547174 0.000165585 0)
(0.000150984 0.000683838 -1.41063e-21)
(0.000879467 5.2618e-05 0)
(0.000374371 -0.000180012 -1.01786e-20)
(-2.7376e-05 0.000401446 -6.69304e-21)
(0.000829148 0.000173583 0)
(3.64345e-05 0.000748257 -1.22515e-21)
(0.000911226 9.83057e-05 -2.62517e-21)
(0.00397418 0.0038679 -6.10671e-22)
(0.00223466 0.00260755 -1.07257e-20)
(-0.000372801 0.000700136 -1.64064e-20)
(5.45251e-05 0.00020159 -2.33023e-20)
(0.000914251 0.000321587 -1.83553e-20)
(0.000679166 0.000489978 -5.63147e-21)
(-4.13759e-05 0.000420775 -4.12514e-21)
(0.000881371 0.000272124 1.77677e-20)
(0.000872772 0.000239232 7.49217e-21)
(0.000416241 -0.00019103 0)
(0.00405171 0.00394415 0)
(0.00421755 0.00410918 9.65023e-22)
(0.000391512 0.000790771 -3.44752e-23)
(0.000610669 9.30514e-06 3.77601e-21)
(0.000725084 0.000110064 -2.87566e-20)
(0.00109574 9.56674e-05 -7.27805e-22)
(0.000725774 0.00028555 0)
(0.00289343 0.00238448 2.7748e-21)
(4.40902e-05 -3.04425e-05 1.30582e-21)
(1.31984e-05 1.17339e-05 2.45821e-21)
(0.00414899 0.0042578 -1.01682e-21)
(0.000707243 0.000334963 3.68541e-21)
(0.0010851 0.00011858 4.1613e-21)
(0.00422644 0.00433847 9.92008e-22)
(0.00440774 0.00451915 5.09437e-22)
(0.00100535 1.58285e-05 -7.83253e-25)
(0.00098102 0.00105137 9.30649e-21)
(0.000474311 0.000847112 -1.12595e-20)
(1.22739e-05 3.37225e-06 0)
(0.00352959 0.00421969 3.29437e-23)
(0.00123744 0.00282365 8.70801e-21)
(0.00235239 0.00215871 0)
(0.00245144 0.0022498 -2.74519e-22)
(0.0023325 0.00214451 -4.67556e-22)
(-0.000188683 0.00218645 2.89733e-22)
(2.46435e-05 1.56087e-05 -1.0996e-20)
(0.000900476 0.000139537 0)
(0.00180642 0.00174083 3.49323e-20)
(0.00100364 0.00263856 0)
(0.0020777 0.002177 2.25169e-20)
(0.00270894 0.00233853 -9.56956e-21)
(-0.000244798 0.0036143 -1.23757e-20)
(0.000706599 -0.000644702 -4.40737e-20)
(0.000771424 0.000156562 3.83166e-20)
(0.00271316 0.00440779 -1.40479e-20)
(0.000303044 0.000754572 -2.00933e-21)
(0.000670958 0.000458863 0)
(0.00184812 0.00109351 -1.63875e-20)
(8.47167e-05 0.000167164 0)
(0.00275893 0.0023067 2.39612e-20)
(0.00133138 0.00112647 -1.50003e-20)
(0.00335043 0.00500818 0)
(0.000768258 0.000930535 1.59519e-20)
(0.000132096 -0.000370887 -1.43069e-21)
(0.00427215 0.00448537 8.87913e-23)
(0.00410067 0.00430617 3.07145e-22)
(0.000614189 0.000479339 -7.84404e-21)
(0.000979026 0.000526683 -8.2055e-21)
(0.000595074 0.000622501 -3.02666e-20)
(0.00257326 0.00337193 9.34255e-21)
(0.00277434 0.00423796 7.6303e-22)
(6.25577e-05 0.000163675 0)
(0.00402283 0.00422413 2.81108e-22)
(0.00235144 0.00147774 5.32019e-20)
(0.00216676 0.00192624 0)
(8.52447e-05 0.000194355 1.27199e-20)
(0.000103311 0.000204548 0)
(0.000881702 0.00174562 -3.61015e-20)
(0.000657864 0.000469326 2.20178e-21)
(0.00273663 0.00188975 -2.87945e-20)
(0.00110092 0.000252401 0)
(0.00231592 0.00113899 1.68683e-20)
(0.00321219 0.00571411 0)
(0.00344033 0.00525705 -8.64072e-21)
(0.00251992 0.00251089 1.12266e-22)
(0.00263735 0.00262486 1.06663e-22)
(0.00247357 0.00246632 -2.05029e-22)
(0.000640271 0.000471629 0)
(0.000644235 0.000491317 4.76841e-21)
(0.00318299 0.00453942 6.85277e-21)
(0.00279717 0.00273686 1.38934e-20)
(0.00265636 0.0038966 1.87013e-20)
(0.00238645 0.00469501 2.47024e-20)
(0.00150733 0.0042715 0)
(0.00203981 0.00348021 8.85443e-21)
(0.00061736 0.0018349 1.86143e-20)
(0.00365348 0.00404224 -1.24308e-22)
(0.00373072 0.00409775 0)
(0.00388933 0.00424366 -4.03058e-25)
(0.00275514 0.0028704 1.82053e-22)
(0.00284547 0.0029346 0)
(0.00301112 0.00307474 0)
(0.000149324 0.00335489 -9.56887e-21)
(0.00316513 0.00356459 4.52065e-22)
(0.00321589 0.00362018 1.30174e-22)
(0.0018829 0.000185401 4.39079e-21)
(0.00334369 0.00376238 1.41967e-22)
(0.00180428 0.00218849 -9.28335e-22)
(0.00242341 0.00263058 4.41851e-22)
(0.00184604 0.00222824 -4.78613e-22)
(0.00247065 0.00267363 4.11822e-22)
(0.00195035 0.00233631 -5.05259e-22)
(0.00259128 0.00278952 3.98436e-22)
)
;

boundaryField
{
    back
    {
        type            empty;
    }
    front
    {
        type            empty;
    }
    ingreso
    {
        type            fixedValue;
        value           uniform (0.000970309 0 0);
    }
    salida
    {
        type            zeroGradient;
    }
    defaultFaces
    {
        type            noSlip;
    }
}


// ************************************************************************* //
