/*--------------------------------*- C++ -*----------------------------------*\
  =========                 |
  \\      /  F ield         | OpenFOAM: The Open Source CFD Toolbox
   \\    /   O peration     | Website:  https://openfoam.org
    \\  /    A nd           | Version:  8
     \\/     M anipulation  |
\*---------------------------------------------------------------------------*/
FoamFile
{
    version     2.0;
    format      ascii;
    class       volVectorField;
    location    "1.8";
    object      U;
}
// * * * * * * * * * * * * * * * * * * * * * * * * * * * * * * * * * * * * * //

dimensions      [0 1 -1 0 0 0 0];

internalField   nonuniform List<vector> 
1642
(
(5.03588e-06 -5.73841e-06 1.18624e-26)
(0.00187571 0.00518964 1.20838e-20)
(0.00279826 0.00455931 7.422e-21)
(0.00223027 0.00441602 3.85076e-20)
(0.000904316 1.69439e-05 1.7371e-21)
(0.000729956 0.000127023 4.43079e-20)
(0.00113286 0.00016191 1.08246e-20)
(0.00110265 0.000260999 -1.463e-23)
(0.000675223 0.000479299 1.0525e-20)
(0.00082227 0.000262942 2.80154e-20)
(0.00225576 0.00306571 -2.10434e-20)
(0.000349424 0.000931965 -2.2699e-20)
(0.000792613 0.000426567 2.75261e-20)
(0.000870159 0.00021527 -1.87946e-20)
(0.000471795 0.00038949 0)
(0.000650572 0.000444618 0)
(1.87987e-05 0.000249007 -1.4777e-20)
(-2.78918e-06 0.0002085 2.44819e-20)
(1.52707e-05 1.87189e-05 1.13081e-24)
(2.71256e-05 1.18602e-05 5.05818e-21)
(0.000879776 9.57651e-05 -7.17968e-21)
(0.00101743 0.000257769 8.23824e-21)
(0.000782871 0.000242237 0)
(0.00263288 9.68477e-05 -2.48041e-20)
(0.000341229 0.000232579 -4.08824e-20)
(7.8521e-06 0.000496755 -5.2439e-21)
(0.000787218 -0.000137018 1.60947e-20)
(3.40834e-05 0.000214306 0)
(0.00371459 0.00386213 7.69965e-22)
(0.00383229 0.00398148 2.97283e-22)
(0.00402613 0.00417627 -4.00503e-22)
(0.00106748 8.82316e-05 -1.25073e-20)
(0.000392349 0.00129006 0)
(4.09666e-05 -4.72069e-05 -5.34618e-21)
(0.00034974 0.000221044 1.24307e-20)
(0.000363283 0.000421733 -2.32991e-21)
(0.000917173 0.000319487 -4.07198e-20)
(0.000935299 2.39154e-05 3.89134e-22)
(0.000411172 0.00034572 -2.32944e-24)
(0.000897023 0.000225805 -1.23144e-20)
(0.000730737 0.000230127 0)
(1.95041e-05 4.52589e-05 -2.87755e-21)
(3.44903e-05 8.93243e-06 0)
(0.000675041 0.0044844 -2.61625e-20)
(-0.000975732 7.92001e-05 -2.40061e-21)
(0.000728621 4.13549e-05 -2.69859e-21)
(0.000853617 1.47047e-05 8.05041e-22)
(0.00048431 0.000120953 -5.5952e-21)
(0.000360533 0.000119066 -1.57477e-20)
(0.000674809 0.000361737 -2.41248e-20)
(3.45029e-05 8.56942e-05 -5.92015e-21)
(0.000737647 0.000444816 -7.69064e-21)
(1.62549e-05 -6.6711e-06 4.19632e-21)
(0.000206619 0.00469925 0)
(0.00264878 0.00370103 -1.8847e-20)
(0.000556537 0.000482139 1.21447e-21)
(0.00112682 0.000186375 -5.46081e-21)
(0.000198177 1.142e-05 -8.15283e-21)
(0.0012078 0.000460516 -3.28609e-20)
(0.000367235 -0.000345564 0)
(0.000254203 0.000146524 0)
(0.000925865 5.26796e-05 -1.53268e-21)
(8.92375e-05 -8.18269e-05 4.49566e-21)
(0.001491 0.000163142 -2.3047e-20)
(7.17499e-05 0.000427676 1.88587e-20)
(5.5718e-05 9.45657e-06 1.40158e-21)
(0.000111019 0.000123837 0)
(4.94427e-05 1.80721e-05 -5.70388e-21)
(0.000411729 0.000532746 6.33632e-21)
(5.37134e-06 6.37493e-05 -5.32326e-21)
(0.000321152 0.000101902 -1.51919e-20)
(8.19908e-05 0.000279476 -1.67566e-20)
(0.000245172 7.01004e-05 2.0151e-20)
(0.000836797 2.86438e-05 1.57235e-21)
(0.000484581 0.000632666 9.94155e-21)
(0.00135358 0.00148869 -2.58666e-21)
(0.00378759 0.00392611 1.70448e-24)
(0.00357143 0.0037372 0)
(0.0034303 0.00361105 -3.97183e-22)
(0.000421603 0.000175546 7.14943e-21)
(5.82446e-05 -1.43986e-07 2.87223e-21)
(3.43088e-05 2.07177e-05 1.98166e-20)
(0.00111104 0.000344351 -2.11415e-20)
(0.000925562 0.000481641 1.31772e-20)
(-0.00178123 0.000323286 0)
(0.000341522 0.000579642 -4.77536e-21)
(0.000399917 0.000547145 -1.82853e-20)
(1.14979e-05 -9.43218e-05 0)
(0.00055118 0.000582708 4.66949e-21)
(3.41436e-05 -3.33364e-05 -2.15697e-21)
(0.00108668 0.000123475 -8.57171e-21)
(0.000120498 0.000320045 3.46998e-20)
(0.000754712 0.000555723 -2.18699e-20)
(0.000445662 0.000447398 -9.48216e-21)
(0.000526016 0.000409029 -3.74317e-20)
(8.29956e-05 -0.000168637 -1.25255e-21)
(0.000798376 0.000151472 -3.0371e-20)
(0.000560295 0.000337567 3.21728e-20)
(0.000348423 0.000310021 1.8976e-20)
(0.000450742 0.00053763 -1.26138e-20)
(0.000399359 0.000584856 2.34796e-20)
(0.00051784 0.000780003 0)
(3.52847e-05 -0.000224001 1.05016e-20)
(0.00406838 0.0041403 -1.66061e-22)
(0.00386196 0.00393638 2.41263e-20)
(0.00374494 0.00381718 6.58358e-21)
(0.00402767 0.00365831 2.59119e-20)
(0.00390174 0.00355135 2.67815e-22)
(0.00424665 0.00381413 5.0132e-21)
(0.00404288 0.00364177 -1.52124e-22)
(0.00402373 0.00366311 8.03062e-21)
(0.0039251 0.00352044 -1.0138e-20)
(0.0042269 0.00385316 0)
(0.00425554 0.00381399 9.04127e-21)
(0.00405118 0.00363021 2.483e-21)
(0.00404758 0.00363258 5.44911e-21)
(0.00425112 0.00381545 -1.78438e-21)
(0.00390489 0.00356173 0)
(0.00406082 0.00354592 0)
(0.00389829 0.00352793 1.12952e-20)
(0.00392165 0.0035241 -1.60076e-21)
(0.00406886 0.00310706 -3.24635e-20)
(0.00426 0.00377119 0)
(0.000398589 0.00065177 4.63364e-21)
(0.000451238 0.0006076 0)
(0.000318849 -8.63445e-05 3.01901e-21)
(0.000949475 0.000259335 1.75016e-20)
(8.55529e-06 -6.62293e-05 0)
(0.000546345 0.000274776 5.92596e-21)
(0.000591089 0.000324757 -1.74625e-20)
(0.000408164 3.43544e-05 0)
(0.000220107 -9.96418e-05 -2.94679e-21)
(2.33866e-05 -4.22101e-05 -1.26421e-21)
(0.000824429 0.000191322 1.08544e-20)
(5.75975e-05 -1.02456e-05 2.23477e-26)
(3.26195e-05 -5.90665e-05 1.32453e-21)
(0.000607431 0.00028629 -3.26616e-21)
(0.000328515 -2.30314e-06 3.24513e-21)
(0.000585762 0.000245923 0)
(0.000581632 0.000217916 0)
(3.7017e-05 0.000384788 1.01007e-20)
(5.80249e-05 2.03208e-05 -1.9045e-21)
(9.65957e-05 7.65682e-05 0)
(0.000314514 5.6607e-05 1.37415e-20)
(0.000544015 0.000462454 4.74957e-20)
(6.3909e-05 0.000214255 1.77924e-20)
(0.000718463 0.000132169 0)
(4.98935e-05 0.000129945 2.45226e-20)
(0.00070674 0.000196141 -3.11126e-21)
(0.000684129 0.00018896 5.13387e-20)
(0.000282802 0.000190112 2.06023e-20)
(0.000850509 4.49247e-05 4.66693e-21)
(6.65858e-05 -1.50618e-05 -2.69389e-21)
(0.000313962 0.000234879 0)
(0.00109256 -0.0001301 1.48731e-20)
(0.000759283 0.000170871 0)
(0.000812839 0.000170941 -2.5524e-21)
(4.35162e-06 2.30337e-05 -1.69399e-20)
(6.89219e-06 -4.64543e-05 -8.03835e-23)
(-1.57219e-05 0.000296023 0)
(9.06223e-05 7.09072e-05 4.64378e-20)
(6.65883e-05 5.07759e-05 -4.93942e-21)
(0.000143053 -3.91597e-05 1.33978e-21)
(0.000841033 0.0003665 0)
(5.82102e-06 -3.09901e-05 0)
(0.000843098 6.7403e-05 0)
(0.000809201 0.000109903 0)
(5.30382e-05 -2.01399e-05 -2.97951e-21)
(0.00087451 3.26655e-07 -6.77725e-21)
(2.42041e-05 -0.000197033 -2.48722e-21)
(-2.36679e-05 0.000303865 -2.50193e-20)
(-4.86072e-06 0.000177136 -2.16302e-20)
(4.81992e-06 4.92683e-05 5.24439e-21)
(2.72516e-07 0.000149284 2.19716e-20)
(0.000661216 -7.12278e-06 -7.94262e-21)
(2.33277e-05 -0.000122325 2.3747e-21)
(0.000764393 0.000240809 1.2612e-20)
(0.00035746 0.000150261 1.84955e-20)
(0.000605541 0.000227992 0)
(0.000548762 0.000542996 -4.78842e-21)
(0.000956787 0.000393226 1.10229e-20)
(4.03121e-05 2.02142e-05 1.77272e-20)
(0.000788517 0.000700138 4.76358e-21)
(3.07939e-06 3.28986e-05 8.48287e-21)
(2.63265e-06 0.000123787 0)
(0.00054059 0.000310255 1.30482e-20)
(0.00061251 0.000105625 1.16023e-21)
(4.95312e-05 -9.5265e-06 -1.1774e-20)
(0.000200598 -0.000186412 1.60302e-21)
(0.000912312 0.00032215 -4.08465e-24)
(0.000489261 0.000498501 -6.7308e-25)
(0.000361684 0.000127459 -1.50463e-20)
(4.91973e-05 3.1269e-05 2.2563e-21)
(0.00029525 0.000280615 -9.92765e-21)
(0.000187643 -8.24254e-05 -2.83044e-21)
(0.000714141 -3.76968e-05 -3.6962e-24)
(0.000395446 0.000627397 -1.11982e-21)
(5.07431e-05 -2.09635e-06 9.35041e-21)
(0.000297609 0.000439014 -2.35473e-20)
(0.000605548 0.000206463 4.01294e-20)
(6.39339e-05 1.08171e-05 -5.35264e-21)
(8.02921e-05 -1.13102e-07 -3.35473e-22)
(0.000520386 0.00065177 -4.87448e-21)
(0.000639661 0.000433507 1.45805e-20)
(0.00101723 0.000133199 0)
(4.12486e-05 8.10282e-06 1.48226e-20)
(0.000397497 0.000222963 -1.11659e-20)
(0.00422636 0.00385395 -2.41325e-20)
(0.00392695 0.00351966 -1.07005e-20)
(0.00405158 0.0036325 -9.89912e-21)
(0.00425295 0.00383921 -1.50786e-20)
(0.00423901 0.00385863 0)
(0.00311321 0.00323942 5.95285e-21)
(0.00311011 0.00323907 -2.91428e-23)
(0.00392723 0.00352032 -1.08984e-20)
(0.00423073 0.00385502 8.46159e-21)
(0.00403225 0.00366617 -1.21341e-20)
(0.00423139 0.00385377 -8.24229e-21)
(0.004052 0.00363324 1.01135e-20)
(0.00309973 0.00324003 0)
(0.00422678 0.0038532 0)
(0.00308256 0.00324962 -4.86408e-21)
(0.00423218 0.00385731 -7.40839e-21)
(0.00392944 0.00351941 -6.82344e-21)
(0.00422635 0.00385334 -1.95644e-20)
(0.00392109 0.00352905 0)
(0.00284809 0.00301627 -4.94208e-21)
(0.0042579 0.00384938 -4.07737e-20)
(0.00311269 0.00321766 2.17505e-20)
(0.00293067 0.00310858 -9.36554e-21)
(0.00311115 0.00323682 -1.69917e-20)
(0.00294897 0.00309148 -1.23777e-20)
(0.00311162 0.00323915 1.40426e-20)
(0.00309783 0.00323589 -1.52309e-20)
(0.00311438 0.00323905 -1.38598e-22)
(0.0030991 0.0032475 1.13156e-20)
(0.00294824 0.00309905 1.77601e-20)
(0.00310658 0.00323834 2.91829e-20)
(0.00423287 0.0038566 -9.17695e-21)
(0.00404398 0.00364872 -4.52959e-21)
(0.00428211 0.00383909 3.08845e-20)
(0.00403009 0.00366519 -1.61032e-22)
(0.00423164 0.00385097 8.59805e-21)
(0.00437419 0.00383864 -2.14046e-20)
(0.00425248 0.0038359 4.52757e-21)
(0.00403845 0.00363807 1.72115e-21)
(0.00311117 0.00324166 8.92583e-21)
(0.00312897 0.00326772 -2.09538e-20)
(0.00389948 0.00355769 0)
(0.00424145 0.00382096 -1.69486e-21)
(0.00309327 0.00325341 3.53682e-21)
(0.00423191 0.00385996 -1.53844e-20)
(0.00392159 0.00356034 0)
(0.00409007 0.00363114 9.99631e-21)
(0.00425542 0.00381315 2.52988e-21)
(0.0040518 0.00363167 2.58884e-21)
(0.00392646 0.00352534 -3.00945e-21)
(0.00409429 0.00383019 2.1956e-20)
(0.00389952 0.00355405 1.3675e-20)
(0.00405163 0.00363042 -2.57165e-21)
(0.0038963 0.00355908 0)
(0.00402144 0.00371315 0)
(0.00400535 0.00373512 -1.85125e-20)
(0.00294689 0.0031005 3.59251e-21)
(0.00294949 0.00310531 -2.02467e-20)
(0.00403484 0.0036953 9.04884e-21)
(0.00391721 0.00353072 0)
(0.00402646 0.00366713 -1.45115e-20)
(0.00319323 0.00333206 -1.97092e-22)
(0.004029 0.00367494 8.43825e-21)
(0.00310628 0.00324025 -9.27207e-21)
(0.00425567 0.00381446 -2.54595e-21)
(0.00285192 0.00302032 6.06872e-21)
(0.00389634 0.00356069 9.1355e-21)
(0.00422931 0.00385348 9.83967e-21)
(0.00403412 0.00356195 0)
(0.00296525 0.00307955 -3.44956e-20)
(0.00402666 0.0036682 1.58918e-20)
(0.00422635 0.00385784 7.87627e-21)
(0.00294791 0.00308198 1.70161e-22)
(0.00308593 0.00325686 -9.19647e-21)
(0.00293349 0.00309402 2.97831e-21)
(0.00309802 0.00322931 -7.84615e-21)
(0.00328336 0.00332017 -2.22126e-20)
(0.00424917 0.00381186 -2.91403e-21)
(0.00404898 0.0036366 0)
(0.00295276 0.00308778 6.4023e-21)
(0.00389865 0.00355556 0)
(0.00294005 0.00310748 -3.37726e-21)
(0.00287074 0.00299167 2.18478e-20)
(0.00425371 0.00381679 0)
(0.00392355 0.00353469 8.83623e-21)
(0.00390104 0.00355113 8.33127e-21)
(0.00425394 0.0038342 8.39935e-21)
(0.00307827 0.00324893 2.93076e-21)
(0.00296511 0.0030828 0)
(0.0030692 0.00326176 7.13858e-21)
(0.00296455 0.00308603 2.35968e-20)
(0.00307243 0.00312407 0)
(0.00402653 0.00367551 1.52316e-20)
(0.00391787 0.00352895 5.07374e-21)
(0.00308104 0.00324129 -2.06541e-21)
(0.00404904 0.00363714 -4.58054e-21)
(0.00285745 0.00301232 7.3317e-21)
(0.00293602 0.00308729 -6.13118e-21)
(0.00389996 0.00355363 -1.33955e-20)
(0.00288141 0.00305979 0)
(0.0028516 0.00299315 -1.76601e-20)
(0.00308523 0.0032559 2.04488e-21)
(0.00425347 0.00381908 -4.50525e-21)
(0.00294007 0.00309996 2.07945e-21)
(0.00293586 0.00310721 0)
(0.00311888 0.00323294 9.57926e-21)
(0.00325143 0.00338678 0)
(0.00296096 0.00308088 -2.4786e-20)
(0.0030843 0.00326695 -3.32453e-21)
(0.00284633 0.00301084 4.17653e-25)
(0.00284813 0.0030104 -1.00954e-20)
(0.00392386 0.0035239 -1.0028e-20)
(0.00424072 0.00382866 -2.28387e-21)
(0.00339376 0.00357703 -1.1526e-20)
(0.00309896 0.0032169 -5.45201e-21)
(0.00291052 0.00309068 0)
(0.00287368 0.00297989 1.95587e-20)
(0.0042909 0.00365537 -2.17078e-20)
(0.00449415 0.00418559 1.1227e-20)
(0.00294698 0.00308936 0)
(0.00410856 0.00367322 9.47287e-21)
(0.00303248 0.00320628 6.6312e-22)
(0.00389871 0.0035614 0)
(0.00310802 0.00323847 -1.74128e-20)
(0.00288133 0.00299004 -3.69733e-20)
(0.00391744 0.00352228 -2.04082e-21)
(0.00404932 0.00364075 8.82833e-21)
(0.00422678 0.00385334 6.45941e-21)
(0.00425475 0.00381764 6.26043e-21)
(0.00285944 0.00301083 -2.21786e-21)
(0.00285614 0.00301727 3.8789e-21)
(0.00285024 0.00298815 0)
(0.00285332 0.00300715 4.58187e-21)
(0.00392653 0.00352891 0)
(0.00402315 0.0036785 -6.39055e-24)
(0.00393011 0.00355436 0)
(0.00295979 0.00307133 1.81094e-20)
(0.00425375 0.00382201 8.68489e-21)
(0.00288216 0.00300199 0)
(0.00341207 0.0034767 1.16204e-20)
(0.0033291 0.00347143 -3.37987e-20)
(0.00309323 0.00325231 0)
(0.00308395 0.00326591 0)
(0.00296028 0.00307878 -8.0931e-21)
(0.00288147 0.00299098 -9.91877e-21)
(0.00391805 0.0035312 4.66947e-21)
(0.0040543 0.00384963 0)
(0.00405022 0.00363713 6.35784e-21)
(0.00422834 0.00383452 8.79991e-22)
(0.00293957 0.00310832 0)
(0.00402667 0.0036435 -3.04005e-21)
(0.0033665 0.00352185 7.63129e-23)
(0.00404314 0.00365266 7.97527e-21)
(0.00286572 0.00298815 -5.87392e-21)
(0.00295482 0.00308221 1.07284e-20)
(0.00425212 0.00385023 1.02275e-20)
(0.00403764 0.00367475 1.70903e-22)
(0.00404199 0.00366681 -5.2499e-21)
(0.00293714 0.00309394 4.24122e-21)
(0.00391125 0.00356021 6.04956e-21)
(0.0031076 0.0032263 1.61048e-20)
(0.00391789 0.00355414 -1.15856e-20)
(0.00447944 0.00450923 0)
(0.00280087 0.00295888 -1.27204e-21)
(0.00286623 0.00298609 -7.63594e-21)
(0.0040272 0.00367452 -7.54729e-21)
(0.00404534 0.00365666 1.09691e-20)
(0.00293979 0.00308051 0)
(0.00457901 0.00398036 -2.20484e-20)
(0.00390547 0.00356178 -1.52083e-20)
(0.00311309 0.00323191 1.89263e-20)
(0.00287141 0.00298963 -9.6933e-21)
(0.00402767 0.00367616 1.7239e-20)
(0.00286711 0.00298277 0)
(0.0028708 0.00298865 1.63681e-20)
(0.00284993 0.00302024 1.34904e-20)
(0.00294866 0.00307004 0)
(0.00404644 0.00365751 7.82806e-21)
(0.00424975 0.00382931 -1.42895e-20)
(0.00422381 0.00385409 -5.85475e-21)
(0.00424502 0.00381564 1.73641e-21)
(0.00422613 0.003854 1.2488e-20)
(0.00422407 0.0038654 -1.62237e-20)
(0.00311043 0.00322978 0)
(0.00287015 0.00299725 -2.21663e-20)
(0.00285987 0.00297695 5.95835e-21)
(0.00404254 0.00363333 -1.76127e-21)
(0.00295661 0.00308737 -2.88529e-20)
(0.00291648 0.00309093 2.31692e-21)
(0.00292407 0.00304309 -1.15939e-20)
(0.00308279 0.00324372 -9.02452e-21)
(0.0040236 0.00367005 6.65936e-21)
(0.00425131 0.00383075 3.7287e-21)
(0.00287259 0.00299151 -1.02525e-20)
(0.00389958 0.00355494 0)
(0.00390095 0.00355248 5.04803e-20)
(0.00391747 0.00351891 3.60185e-21)
(0.00307085 0.00327296 -2.55169e-21)
(0.00284989 0.00300775 -3.00475e-21)
(0.00285024 0.0030212 3.15877e-21)
(0.00310995 0.00323821 3.42051e-20)
(0.00389701 0.00355881 1.83698e-20)
(0.00309369 0.00325573 7.20329e-21)
(0.00295852 0.00308623 7.28872e-21)
(0.00310435 0.00323194 -3.35564e-20)
(0.00288067 0.00298806 9.4145e-21)
(0.00391897 0.00353288 3.62566e-21)
(0.00288146 0.00299077 3.12907e-20)
(0.00389896 0.00355667 -2.08496e-20)
(0.00299462 0.00306134 -8.98892e-21)
(0.00307993 0.00325266 0)
(0.00287975 0.00299433 3.19522e-20)
(0.00403278 0.00366553 -6.45431e-21)
(0.00293174 0.00309902 0)
(0.00286647 0.00299168 -6.93485e-21)
(0.00293156 0.00311286 4.63319e-24)
(0.00391614 0.00351782 0)
(0.00393078 0.00352146 -3.15722e-21)
(0.00306199 0.00324921 5.73903e-21)
(0.00422845 0.00385474 7.16536e-21)
(0.00392386 0.00352494 -6.01488e-21)
(0.00402745 0.00367222 7.39806e-21)
(0.00284431 0.00300714 -9.70946e-21)
(0.00389847 0.00355945 -1.73172e-20)
(0.00402965 0.00368566 -3.51136e-20)
(0.00402531 0.00368029 1.75046e-20)
(0.00293734 0.0030872 3.79662e-21)
(0.00308105 0.00325208 0)
(0.00389678 0.00355501 -3.15654e-20)
(0.00297553 0.00314052 0)
(0.00285895 0.00298963 7.69306e-21)
(0.00424163 0.00384827 9.93981e-21)
(0.00283916 0.00301375 5.41541e-21)
(0.00296302 0.0030833 7.59004e-21)
(0.00314733 0.00329284 1.05358e-20)
(0.00310633 0.00323807 1.39661e-22)
(0.00284619 0.00300736 -9.13831e-21)
(0.00284122 0.00302065 -6.51755e-21)
(0.00294007 0.00309958 -7.98744e-21)
(0.0042555 0.00381927 -2.93637e-21)
(0.00293704 0.00309459 4.4933e-21)
(0.00298748 0.00305125 -9.09868e-21)
(0.00405154 0.00363689 -2.98498e-21)
(0.00422619 0.00385367 -1.35568e-20)
(0.00397761 0.00353545 0)
(0.00402571 0.00366638 1.60924e-20)
(0.00287482 0.00298352 1.58922e-20)
(0.00310042 0.00323394 3.8528e-20)
(0.00310296 0.00323663 -3.76993e-20)
(0.0038833 0.00353898 -4.25972e-21)
(0.00295158 0.00309065 -1.10612e-20)
(0.0040331 0.00377829 8.87326e-21)
(0.00392453 0.00353031 0)
(0.00295926 0.00308368 2.03573e-20)
(0.00305957 0.00324123 -8.61425e-22)
(0.00389858 0.00355236 0)
(0.00288105 0.00299051 9.60202e-26)
(0.00422296 0.00385592 -2.82814e-20)
(0.00413031 0.00362476 -1.06299e-20)
(0.00444059 0.00374499 1.08102e-20)
(0.00423239 0.00386031 0)
(0.00389781 0.00355976 9.27615e-21)
(0.00296542 0.00308662 7.16219e-21)
(0.00460253 0.00394885 0)
(0.00301429 0.00304923 0)
(0.0030451 0.00312297 -3.56865e-20)
(0.00288011 0.00298827 0)
(0.00394328 0.00354805 0)
(0.00288063 0.00298776 0)
(0.00288043 0.00298746 0)
(0.00284819 0.00300151 -2.0845e-21)
(0.00284449 0.00301104 2.43484e-21)
(0.00308945 0.00323925 2.01177e-20)
(0.00311175 0.00323895 2.61713e-20)
(0.00422473 0.00385457 -7.83386e-21)
(0.00285432 0.00301984 2.56818e-21)
(0.00421631 0.00383114 -2.18814e-22)
(0.00293158 0.0031073 9.88683e-21)
(0.0042483 0.00383167 4.64503e-21)
(0.00282424 0.00300428 -1.54624e-20)
(0.00404227 0.00364591 4.38884e-21)
(0.00392643 0.0035341 0)
(0.00446412 0.00388242 -1.08772e-20)
(0.00284211 0.00301178 0)
(0.0029557 0.0030804 8.4711e-21)
(0.00296469 0.00307942 -8.9328e-21)
(0.00308445 0.00324716 0)
(0.00295302 0.00305352 -1.66832e-22)
(0.00287305 0.00299083 7.08448e-21)
(0.00294399 0.00307397 9.1333e-21)
(0.00296416 0.00306942 -1.13825e-20)
(0.00309928 0.0032352 1.51823e-20)
(0.00297082 0.00351119 4.96735e-20)
(0.00401809 0.00364026 -7.62335e-23)
(0.00423059 0.00385293 -8.57395e-21)
(0.00294997 0.00306402 -2.77662e-20)
(0.00293193 0.00311043 1.21774e-21)
(0.00332193 0.00349697 -1.18423e-20)
(0.00286266 0.00297897 2.04501e-20)
(0.00422341 0.00385658 9.4179e-21)
(0.00294017 0.00308473 1.06479e-20)
(0.00308254 0.00324659 1.04819e-20)
(0.00310545 0.00321337 6.24682e-21)
(0.00311564 0.00325183 -1.04962e-20)
(0.00296635 0.00308485 0)
(0.00295866 0.00308488 1.55768e-20)
(0.00292965 0.00311055 5.04813e-21)
(0.00288159 0.00296885 3.16486e-20)
(0.00308878 0.00325946 0)
(0.00287249 0.00297944 -1.85172e-20)
(0.00404989 0.00364774 0)
(0.00305544 0.00325317 -5.96173e-21)
(0.00302055 0.00317648 1.09746e-20)
(0.00404352 0.00364105 0)
(0.00292954 0.00310719 -5.69567e-24)
(0.00307384 0.00326519 -6.26623e-24)
(0.00289506 0.00301442 0)
(0.00312422 0.00322277 -1.08599e-20)
(0.00408528 0.00366195 -2.35369e-20)
(0.00289931 0.00308138 -1.86978e-23)
(0.00283203 0.00300889 0)
(0.00389711 0.00356139 8.71122e-21)
(0.00424644 0.00382884 -4.31781e-21)
(0.0028213 0.00297506 1.75194e-21)
(0.00310615 0.00324022 -8.97888e-21)
(0.0028721 0.00299031 0)
(0.00286978 0.00299039 -1.67192e-20)
(0.00299328 0.00308299 2.34168e-20)
(0.00404361 0.00363181 -4.34255e-21)
(0.00287474 0.00299364 -1.70063e-20)
(0.00307492 0.00325158 0)
(0.00403847 0.00363912 -1.19928e-21)
(0.00311559 0.00323483 -2.95472e-20)
(0.00404388 0.00365012 -4.26038e-21)
(0.00291828 0.00309956 -1.08831e-20)
(0.00389704 0.00355607 0)
(0.00284338 0.00300652 -7.22928e-21)
(0.00305224 0.00322875 1.36497e-22)
(0.00311248 0.00321191 5.72217e-21)
(0.00307686 0.00326813 4.52593e-21)
(0.00287675 0.00254007 0)
(0.00284999 0.00301322 5.48127e-21)
(0.00296251 0.00308212 -1.80601e-20)
(0.00422689 0.00385785 3.73921e-20)
(0.00307525 0.00326525 4.96778e-21)
(0.00387552 0.00353696 1.06994e-21)
(0.00391774 0.00353653 -8.89067e-21)
(0.00465058 0.00418168 1.09139e-20)
(0.00312099 0.00324465 -9.85972e-21)
(0.00294455 0.00306918 -6.43612e-21)
(0.00425082 0.00382447 1.07822e-20)
(0.00309805 0.00320751 6.51412e-21)
(0.00403423 0.00364379 1.10354e-21)
(0.00305401 0.00325104 -3.40861e-23)
(0.00304229 0.00297824 -2.73672e-20)
(0.00292738 0.00310133 0)
(0.0042331 0.0038544 0)
(0.00389543 0.00356149 1.81439e-20)
(0.0030834 0.00326645 2.67734e-21)
(0.00392054 0.00352635 2.0909e-21)
(0.00292604 0.00310764 7.20216e-21)
(0.00305629 0.00325453 0)
(0.0029489 0.00309169 -1.22074e-20)
(0.00389976 0.00355183 0)
(0.00310133 0.0032064 -1.21563e-20)
(0.00390743 0.00355927 -2.13889e-20)
(0.00295747 0.00305592 6.84582e-21)
(0.00285127 0.00301189 -6.39059e-21)
(0.00290926 0.00309977 -6.04926e-21)
(0.0041973 0.00362731 2.1822e-20)
(0.00389838 0.00355877 -1.87702e-20)
(0.0042518 0.00383017 0)
(0.00403889 0.00378787 1.56994e-20)
(0.00310693 0.00320512 -1.19618e-25)
(0.0029353 0.00310037 -5.93851e-21)
(0.00287066 0.00296904 6.36499e-21)
(0.00425316 0.00383707 0)
(0.00402417 0.00366717 0)
(0.00402469 0.00366952 -6.69268e-21)
(0.00310505 0.00321322 1.29976e-20)
(0.00286475 0.00300009 -1.32023e-20)
(0.00310687 0.00323815 0)
(0.0040254 0.00367029 3.25068e-20)
(0.00286468 0.00300787 1.91207e-20)
(0.00308418 0.00325085 0)
(0.00431382 0.00383645 0)
(0.00283095 0.00300747 -1.1322e-20)
(0.00424573 0.00382701 -4.04524e-21)
(0.00296041 0.00306003 5.90101e-21)
(0.0031043 0.00321489 0)
(0.00283694 0.0030062 -2.86775e-21)
(0.00291643 0.00310153 7.65851e-21)
(0.00293743 0.003112 2.72062e-21)
(0.00404174 0.00364315 4.03037e-21)
(0.00390571 0.00356121 1.47814e-20)
(0.00291643 0.00309945 -1.05136e-20)
(0.003054 0.00324896 -1.69201e-22)
(0.00425051 0.00383079 4.83377e-21)
(0.00295581 0.00306916 0)
(0.00283271 0.00300758 0)
(0.00422541 0.00385524 0)
(0.00267308 0.00229662 0)
(0.00424627 0.00381517 0)
(0.00285603 0.0030104 -4.01372e-21)
(0.002963 0.00305663 1.45624e-20)
(0.00310846 0.00321124 -9.90274e-21)
(0.00391873 0.00352514 5.40509e-21)
(0.00287325 0.00297774 2.97614e-20)
(0.00282277 0.00299886 -4.37909e-21)
(0.00307132 0.00324604 0)
(0.00404615 0.00364832 -3.59179e-21)
(0.00295661 0.00305661 0)
(0.00282753 0.00300388 1.48521e-22)
(0.00293956 0.00310599 -9.98926e-21)
(0.0028264 0.00300309 1.19729e-20)
(0.00306165 0.0032555 5.08053e-21)
(0.00310248 0.00320345 -2.03021e-20)
(0.00305815 0.00324816 -3.43491e-23)
(0.00287328 0.00297293 -1.97159e-20)
(0.00309794 0.00320141 1.02658e-20)
(0.00282868 0.00300761 0)
(0.00286972 0.00296734 0)
(0.00292335 0.00309347 0)
(0.00218751 0.00212852 3.28429e-20)
(0.00310031 0.00320816 -1.06135e-23)
(0.00291021 0.00309973 6.50238e-21)
(0.00309268 0.00321773 -2.78767e-20)
(0.00290686 0.00309636 -3.44796e-23)
(0.00286651 0.0029637 -3.47782e-20)
(0.00297009 0.00305159 0)
(0.00404734 0.0036329 9.35548e-21)
(0.0028262 0.00300139 0)
(0.0028661 0.00296546 -1.81759e-20)
(0.00305516 0.00324035 0)
(0.00291507 0.00308974 1.17723e-20)
(0.00305549 0.00324427 4.0007e-21)
(0.00292218 0.00308701 8.13704e-21)
(0.00306668 0.00329063 1.09516e-21)
(0.0029162 0.00314074 -9.29851e-22)
(0.00310451 0.00321567 -8.76644e-21)
(0.00296022 0.00305953 -8.52392e-21)
(0.00306963 0.00336385 1.65654e-21)
(0.00309998 0.00321074 -1.72486e-20)
(0.00305649 0.00325327 6.40767e-21)
(0.00295284 0.00305189 7.13391e-21)
(0.0029108 0.00310085 0)
(0.00290602 0.00309196 7.29171e-21)
(0.00305232 0.00325033 -3.48855e-21)
(0.00290595 0.00309652 -3.54399e-21)
(0.00295823 0.00305437 -8.84342e-21)
(0.00286625 0.00296563 -1.89001e-20)
(0.00310064 0.00321891 -2.69693e-20)
(0.0029908 0.00302112 -9.03114e-21)
(0.00299505 0.00309722 6.17449e-21)
(0.00309576 0.00321865 -7.67836e-21)
(0.00286042 0.00297696 1.55107e-20)
(0.00294341 0.0030676 -1.58396e-20)
(0.0029098 0.00310074 0)
(0.00289679 0.00311998 -3.02525e-20)
(0.0039126 0.0035207 0)
(0.00306381 0.00323967 -8.99063e-21)
(0.00308159 0.00316459 -3.1446e-20)
(0.00307231 0.00323842 -4.82971e-21)
(0.00287263 0.00297079 1.82652e-20)
(0.00265859 0.00232473 3.84742e-20)
(0.00283482 0.00299799 1.38351e-20)
(0.00305464 0.00325458 0)
(0.00305672 0.00324443 -8.33565e-21)
(0.00280351 0.0030703 9.05882e-21)
(0.00310868 0.0032238 2.99378e-20)
(0.0028725 0.00296952 -1.75281e-20)
(0.00287371 0.00296396 0)
(0.0029216 0.00321136 2.63758e-21)
(0.00310912 0.0032126 2.97453e-20)
(0.00311061 0.00321355 0)
(0.00311789 0.00321471 -7.98973e-24)
(0.00285747 0.00295677 3.33434e-24)
(0.00283125 0.0029859 1.48567e-23)
(0.00309825 0.00320839 -9.07901e-21)
(0.00310885 0.00320778 -9.50737e-24)
(0.00286819 0.00299775 2.03697e-20)
(0.00287271 0.0029687 -2.19225e-20)
(0.00287363 0.00296361 -1.06588e-20)
(0.00284791 0.00300014 -1.1103e-20)
(0.00292032 0.00320652 1.47235e-23)
(0.00286669 0.00296704 -1.9641e-20)
(0.00282862 0.00300349 -5.94991e-21)
(0.00304723 0.00293884 -9.49647e-21)
(0.00392164 0.00352769 -3.76565e-21)
(0.00299712 0.00297628 -3.088e-20)
(0.00307029 0.00326404 -1.20664e-21)
(0.00291922 0.00311311 -1.25757e-22)
(0.00287265 0.00297138 0)
(0.00286877 0.00296665 0)
(0.00282894 0.00300675 -2.69617e-21)
(0.00282728 0.00299913 -1.84849e-22)
(0.00282596 0.00300297 -3.24351e-21)
(0.00282271 0.00300605 -7.23726e-21)
(0.00282031 0.00300377 7.25889e-21)
(0.00389827 0.00353113 3.63237e-21)
(0.00287701 0.00297017 -2.04634e-20)
(3.03915e-05 2.30188e-05 -1.2164e-20)
(4.52724e-05 -1.63918e-05 6.00816e-21)
(9.28816e-05 0.000122876 1.68508e-21)
(0.00018095 -3.66502e-05 2.62866e-21)
(0.00102925 8.2917e-05 0)
(6.96341e-05 7.41459e-05 -1.08638e-21)
(0.000623891 0.000355588 4.51839e-20)
(5.84168e-05 0.000144887 0)
(0.00021833 -3.87645e-05 0)
(8.05546e-05 -1.78177e-05 -1.76412e-22)
(0.000597131 9.15048e-05 -1.733e-20)
(0.00374124 0.00382213 -1.31517e-20)
(0.00374387 0.00381823 6.1534e-21)
(0.00406757 0.00414855 8.40393e-23)
(0.00404285 0.00362277 1.61371e-20)
(0.00391802 0.00350985 1.71394e-20)
(0.00386237 0.0039383 0)
(0.00406999 0.00414465 -5.99703e-21)
(0.0037134 0.00385733 -1.13671e-20)
(0.00383705 0.00398164 0)
(0.00387274 0.00395452 0)
(0.00390239 0.00356055 -1.48523e-20)
(0.00387868 0.00395368 -1.32772e-20)
(0.00390688 0.00355339 7.92832e-21)
(0.00370847 0.0038628 5.71332e-21)
(0.00406719 0.00414979 0)
(0.00387181 0.0039397 7.41513e-21)
(0.00375838 0.0038248 2.43141e-20)
(0.00387021 0.00394558 1.42514e-20)
(0.00406649 0.00415056 0)
(0.00406636 0.00415088 0)
(0.00386698 0.00393905 -2.26604e-20)
(0.00406784 0.00414531 6.82102e-21)
(0.00371727 0.00384518 0)
(0.00372514 0.00384689 0)
(0.00403106 0.00417269 0)
(0.00402821 0.00416788 -8.40648e-21)
(0.00384369 0.00396808 0)
(0.00371122 0.00384978 -4.12661e-21)
(0.00384014 0.00396353 -7.75904e-21)
(0.0040366 0.00417556 4.79406e-21)
(0.00406685 0.00414918 -6.91739e-21)
(0.00403522 0.00416604 1.82114e-20)
(0.00372077 0.00384433 0)
(0.00403034 0.00416477 -8.80277e-21)
(0.00402886 0.00417301 0)
(0.00406438 0.00414066 -1.10304e-20)
(0.00371135 0.00385079 4.1716e-21)
(0.00384003 0.0039641 -1.09848e-20)
(0.00423471 0.0038521 0)
(0.00375399 0.00382222 -1.68364e-20)
(0.00387952 0.00394139 -8.25093e-21)
(0.0040333 0.00417581 -1.41742e-20)
(0.00375458 0.00381968 -1.70674e-20)
(0.0040336 0.00417275 0)
(0.00375184 0.00382178 0)
(0.0040661 0.00414244 1.43073e-20)
(0.00421881 0.00386508 1.64501e-20)
(0.00383827 0.00397046 3.62069e-21)
(0.00423326 0.00385522 -7.51933e-21)
(0.00383169 0.00397905 6.56207e-21)
(0.00402588 0.00418392 6.44396e-21)
(0.00375152 0.00382344 -9.12484e-21)
(0.0037518 0.00382304 9.50947e-21)
(0.00370911 0.00385691 7.11914e-21)
(0.00383258 0.00398057 -6.84968e-21)
(0.00402743 0.0041849 -6.71977e-21)
(0.00375167 0.00382497 0)
(0.00375095 0.00382402 9.01427e-21)
(0.00371792 0.00384684 -7.3898e-21)
(0.00402763 0.00417865 -5.92496e-21)
(0.00387654 0.00394053 -1.72712e-20)
(0.00383393 0.00397527 -6.03398e-21)
(0.00389473 0.00393144 0)
(0.00387772 0.00393874 -8.7805e-21)
(0.0037174 0.00385286 -8.40129e-21)
(0.00406586 0.00414382 -1.65695e-20)
(0.00375207 0.00382321 -2.88446e-20)
(0.00387983 0.00393776 1.77536e-20)
(0.00375038 0.00382575 -9.97472e-21)
(0.00371027 0.00385317 1.24449e-20)
(0.00383475 0.00397699 0)
(0.00402876 0.00417927 0)
(0.00375089 0.00382367 2.04147e-20)
(0.00391221 0.00391661 0)
(0.00402488 0.00418584 2.63176e-21)
(0.00383037 0.00398482 2.68058e-21)
(0.00372191 0.00385039 5.25843e-21)
(0.0040585 0.00414346 0)
(0.00401816 0.00379419 -1.71707e-20)
(0.00375304 0.00381849 0)
(0.0039249 0.00386257 1.89142e-20)
(0.00405952 0.00414605 -8.58803e-21)
(0.00371449 0.00385259 5.76283e-21)
(0.00406173 0.00414706 0)
(0.00397474 0.00380417 9.43495e-21)
(0.00407535 0.0041447 1.93589e-20)
(0.00405837 0.00414316 8.96869e-21)
(0.00408456 0.00358953 2.1668e-20)
(0.00390809 0.00355387 1.11093e-20)
(0.00375322 0.00382059 -1.03072e-20)
(0.00370679 0.00385776 -9.89553e-21)
(0.00406238 0.00356948 1.02227e-20)
(0.0040643 0.0041386 0)
(0.0038313 0.00398159 2.77468e-21)
(0.00391136 0.00354076 -2.27644e-20)
(0.00402065 0.00418491 2.73433e-21)
(0.0038042 0.00397613 3.17882e-21)
(0.00382052 0.00396979 1.32629e-21)
(0.00401197 0.00416795 -1.28165e-21)
(0.00425942 0.00380555 2.12399e-20)
(0.00399976 0.00416893 0)
(0.00398078 0.00416189 1.72214e-21)
(0.00399835 0.00362026 1.16384e-20)
(0.0037811 0.00396609 2.73665e-21)
(0.00404777 0.00363389 2.36463e-20)
(0.00440239 0.00399394 4.33717e-20)
(0.00081616 0.000576808 -9.86617e-21)
(-1.68545e-05 0.00104411 3.26187e-24)
(3.54373e-05 2.88596e-05 -1.01103e-20)
(5.15376e-05 4.54023e-06 -2.3732e-21)
(6.03873e-05 0.000259277 0)
(0.00011641 -2.97432e-05 -8.23161e-21)
(6.73062e-05 -1.49291e-06 3.46744e-22)
(0.000656119 0.000537325 -9.85851e-24)
(0.00288137 0.00296563 -2.20315e-20)
(0.00387836 0.00395476 6.47722e-21)
(0.00287285 0.00296078 0)
(0.00293251 0.00309431 4.74995e-21)
(0.00307945 0.00323985 9.78501e-21)
(0.00293143 0.00308679 -4.23504e-21)
(0.00310954 0.00320567 2.45961e-20)
(0.00284446 0.00299934 0)
(0.0029627 0.00305178 8.30401e-21)
(0.00307081 0.00325186 -6.0471e-21)
(0.00292378 0.00309741 -1.71249e-22)
(0.00311114 0.00320446 -9.88142e-21)
(0.00383358 0.00398818 3.17795e-21)
(0.00371335 0.0038605 0)
(0.0028361 0.00300411 4.08923e-21)
(0.00402418 0.0041904 -1.47852e-21)
(0.00291626 0.00271285 2.37134e-20)
(0.00285754 0.00310583 1.83207e-21)
(0.00281789 0.00303908 2.14359e-20)
(0.00301768 0.00263156 -8.37783e-23)
(0.00240348 0.00213469 2.13133e-20)
(8.90906e-05 1.92247e-05 0)
(0.00388559 0.00356904 3.62977e-20)
(0.00401185 0.00366758 0)
(0.00388978 0.00357031 -2.4461e-20)
(0.00404045 0.00364694 4.36862e-21)
(0.00404395 0.00363853 -9.49315e-21)
(0.00423869 0.00382629 0)
(0.00421434 0.00387133 -1.63119e-20)
(0.00391507 0.00352742 0)
(0.00400977 0.00368499 0)
(0.00424624 0.00381069 7.70101e-21)
(0.00404308 0.00362736 3.81951e-21)
(0.0042099 0.00386602 4.49556e-24)
(0.00404366 0.00364315 -1.48055e-21)
(0.00380975 0.00347941 -4.71025e-20)
(0.00424866 0.00382465 1.65094e-21)
(0.00391908 0.00351707 -1.81678e-21)
(0.00405412 0.00333421 -1.25363e-22)
(0.00391655 0.00353537 0)
(0.00433881 0.003692 -2.05984e-22)
(0.00394224 0.00298733 -1.08726e-20)
(7.5323e-05 1.47275e-05 0)
(5.80361e-05 -9.63144e-05 0)
(0.000154674 0.000179965 -2.74492e-21)
(0.000128685 3.01073e-05 5.31046e-21)
(6.38565e-05 -2.84774e-05 3.07485e-21)
(5.90604e-05 8.86826e-05 -2.58684e-20)
(0.00076969 0.000217446 2.56584e-20)
(0.00075322 -0.000303611 3.34587e-20)
(5.54042e-05 5.77877e-05 6.40721e-22)
(0.000107565 2.31188e-05 0)
(0.000807317 0.00078074 5.29924e-21)
(0.00076647 0.000111843 -1.63095e-20)
(0.000226648 0.000190634 5.28509e-21)
(7.48128e-05 5.64293e-05 0)
(0.000159446 7.64943e-05 0)
(0.000642524 0.000352109 1.37794e-20)
(6.74393e-05 2.74622e-05 -6.53253e-22)
(0.000363629 0.000529551 1.38814e-20)
(0.000405744 0.000520219 4.18019e-20)
(0.000136427 6.21488e-05 0)
(0.000293179 -1.3519e-05 -1.16154e-20)
(5.68181e-05 3.76959e-05 3.29563e-22)
(3.47576e-05 6.78398e-05 -3.37611e-21)
(0.000457715 0.000632123 4.20217e-20)
(0.000527337 0.000162351 1.17053e-20)
(0.000352795 0.000486564 0)
(0.000883342 7.31101e-05 6.55462e-21)
(0.000625349 0.000562122 0)
(0.000191808 7.31337e-05 -1.96553e-20)
(0.000572632 0.000433231 -4.55574e-20)
(0.000139899 -2.71223e-06 -5.30735e-21)
(0.000647833 0.000160707 0)
(0.000351783 0.000557065 -3.63953e-20)
(0.00100333 0.000225894 -3.11665e-20)
(0.000552891 0.000462164 6.05516e-21)
(0.000219431 0.000223871 -2.3079e-20)
(3.77574e-05 8.68443e-05 1.35385e-21)
(0.000846594 4.40108e-06 0)
(9.59415e-05 -8.46636e-07 5.65598e-21)
(0.00027734 8.3097e-05 0)
(4.62259e-05 -8.3418e-05 8.70581e-21)
(7.90259e-05 3.49637e-05 5.05189e-21)
(0.00097433 0.000253909 1.37738e-21)
(0.000293617 6.40418e-05 2.3758e-21)
(0.00038546 0.000228217 -6.77292e-22)
(0.00013093 0.000203704 0)
(9.46362e-05 -2.24549e-05 -1.53139e-20)
(0.000570859 0.000178107 0)
(1.87376e-05 -2.91694e-05 -1.2932e-21)
(0.000504385 0.000257868 -2.56824e-20)
(4.023e-05 3.72837e-05 1.39472e-21)
(4.6584e-05 4.65344e-05 0)
(0.000171797 5.91395e-06 0)
(0.000765659 0.000325628 3.46593e-20)
(0.000262999 0.000313502 -4.64898e-20)
(0.000676893 0.00029337 0)
(0.000649015 0.000217557 -4.14279e-20)
(0.000213828 0.000250048 1.59204e-20)
(0.000365681 0.000542978 -1.11837e-20)
(0.00107435 5.26395e-05 -5.93307e-21)
(0.000115498 -1.06209e-06 -3.34498e-22)
(0.000158608 0.000279497 6.00974e-21)
(0.000768874 0.000188166 -2.95918e-22)
(0.000282176 0.000367128 0)
(0.000239105 3.92117e-05 1.92652e-20)
(7.77264e-05 -3.30114e-05 -6.44711e-21)
(0.00307951 0.00288647 -2.15947e-20)
(0.00288483 0.00283224 3.49807e-20)
(0.00310695 0.0031977 -1.93164e-20)
(0.00295674 0.00304406 -1.6502e-20)
(0.0031051 0.00319621 5.77798e-24)
(0.00286899 0.00295713 -1.61797e-20)
(0.00287749 0.00295868 1.44283e-20)
(0.0038234 0.00361223 1.76442e-21)
(9.72085e-05 0.000347956 -2.02213e-20)
(0.00022513 0.000350163 2.27843e-20)
(0.000250165 0.000402929 0)
(0.000948171 0.000286515 1.86714e-20)
(0.000916424 7.90481e-05 -1.88985e-22)
(4.57848e-05 1.92874e-06 1.71304e-27)
(0.000296772 0.000244449 1.72013e-20)
(0.00295503 0.00304895 -1.37101e-20)
(0.000217329 0.000208486 -1.77842e-20)
(0.00403634 0.00418736 -3.38955e-21)
(0.00384169 0.00398674 -3.44565e-21)
(0.00422004 0.00386487 5.58578e-21)
(0.00388657 0.00394489 -2.0938e-20)
(0.00428226 0.00381654 2.14713e-20)
(0.00371413 0.00386216 3.38955e-21)
(0.00377923 0.0037861 -2.29974e-20)
(0.00280308 0.00286186 2.19324e-20)
(0.00283337 0.00300274 -1.96821e-21)
(0.00284815 0.00301312 -2.59747e-21)
(0.00370169 0.00384699 1.21523e-21)
(0.00286507 0.00313077 -1.0355e-20)
(0.00291675 0.00309201 -5.66394e-21)
(0.00306278 0.0032466 5.39012e-21)
(0.00414796 0.00409237 1.08322e-20)
(0.00305986 0.00325528 -4.63834e-21)
(0.00282364 0.00300696 2.34219e-21)
(0.00291482 0.00310132 -7.22724e-21)
(0.00403536 0.00417597 2.20384e-21)
(0.00384253 0.003976 -2.23911e-21)
(0.00403043 0.00366187 3.24747e-22)
(0.00387518 0.00395978 -2.44815e-20)
(0.00374895 0.00383712 9.19088e-23)
(0.0040705 0.00415823 0)
(0.00292818 0.00309108 1.39313e-20)
(0.00384465 0.00397109 -8.93042e-21)
(0.0042229 0.00384873 5.93036e-21)
(0.00282968 0.00300577 1.02747e-20)
(0.00389351 0.00356196 -6.50525e-21)
(0.00389686 0.00354812 6.80501e-21)
(0.00371711 0.00385283 5.08057e-21)
(0.00402179 0.00367873 -1.19599e-20)
(0.00291137 0.00309897 0)
(0.00386765 0.00395969 -3.30577e-20)
(0.00306536 0.00324718 -5.17956e-21)
(0.00403404 0.00417779 -5.15832e-21)
(0.000435397 0.000397152 0)
(0.000327325 0.0004004 -3.15723e-20)
(0.000840354 0.000161452 -1.98712e-20)
(0.000156546 3.51912e-05 2.58587e-21)
(0.000290301 0.000625981 -1.33654e-20)
(0.000333797 0.000332248 0)
(4.48618e-05 5.25477e-06 -8.70699e-22)
(0.000773553 0.000993655 0)
(0.000650997 0.000580376 1.23537e-21)
(0.00424182 0.00382229 -4.98331e-21)
(0.00391682 0.0035265 0)
(0.00404505 0.00363771 9.8156e-21)
(0.00388442 0.00356336 -1.80385e-22)
(0.00404085 0.00364688 0)
(0.00389176 0.00356377 1.60899e-20)
(0.0039185 0.00351613 0)
(0.00401047 0.00367846 2.01017e-20)
(0.00421589 0.00386687 -1.58586e-20)
(0.00391066 0.00354276 0)
(0.00404314 0.00362999 2.18119e-21)
(0.00401089 0.00367879 0)
(0.00405688 0.00345908 -1.07709e-20)
(0.00388206 0.00356579 -9.10284e-22)
(0.00424674 0.00381362 -2.15727e-21)
(0.00421014 0.00386023 1.88153e-20)
(0.00385964 0.00351014 2.30566e-20)
(0.00428536 0.00372902 0)
(0.00404262 0.00365124 -4.44509e-21)
(0.00424802 0.0038364 2.91719e-21)
(0.00409163 0.00296426 -2.15591e-20)
(0.000432193 0.000461218 -2.10454e-20)
(9.33888e-05 -4.28996e-05 6.07016e-21)
(0.000470529 0.000382052 -5.84664e-21)
(0.000927978 1.70691e-05 -1.19902e-21)
(0.000758771 0.00029414 -1.10992e-20)
(0.000881255 0.000297911 4.77468e-21)
(0.000166444 0.000215822 9.72915e-21)
(0.00389307 0.00354851 -5.34904e-23)
(0.00405064 0.00362897 5.10625e-21)
(0.00421931 0.00384854 6.97299e-23)
(0.00392183 0.00351251 4.46391e-21)
(0.000648855 0.000486188 -2.25126e-21)
(0.000936404 0.000602717 -1.50375e-20)
(0.00073782 -5.76751e-05 5.14782e-21)
(0.00114008 0.000672094 4.25359e-21)
(0.000802667 0.000394322 0)
(0.000270653 0.000542165 1.03624e-21)
(0.00104195 0.000370686 -2.62035e-21)
(0.000264422 0.000259201 2.43016e-20)
(5.94401e-06 -1.74652e-05 -9.22995e-22)
(0.000753988 0.000393543 0)
(0.00108983 0.000302594 -3.19104e-20)
(4.43466e-05 1.00201e-05 -3.8443e-20)
(0.000426665 0.000664974 -9.67861e-21)
(0.000323168 0.000524022 -1.04061e-20)
(0.00039929 0.000115564 0)
(0.000186732 6.06919e-05 -2.17813e-21)
(0.00107419 0.000312199 -1.33404e-21)
(4.09498e-05 3.43755e-06 1.27643e-20)
(9.60112e-05 4.34446e-05 -5.02263e-21)
(0.000116016 5.43386e-05 5.49632e-21)
(0.000383963 0.000413025 3.09617e-20)
(0.000840775 6.92025e-05 0)
(3.53114e-05 2.56234e-06 -3.78979e-20)
(0.000242973 0.000177053 -3.64494e-21)
(0.000727695 -0.000245455 -6.31604e-21)
(0.000689987 0.000396482 -1.42551e-20)
(0.000190008 0.000126591 4.54623e-21)
(3.12752e-05 1.11399e-05 0)
(0.000654218 0.000383993 -6.41881e-21)
(0.000190772 0.000176064 6.29896e-21)
(0.000122824 0.000362624 0)
(0.000499067 0.000303236 -2.1291e-20)
(4.16434e-05 -7.26544e-06 -1.39126e-20)
(0.000507144 -0.000121619 1.32448e-20)
(0.000704844 8.20688e-05 9.47267e-21)
(0.000697179 0.000387832 -9.92535e-22)
(0.00042377 -3.29463e-05 2.82961e-21)
(0.00385529 0.00360569 -5.76808e-22)
(0.00418649 0.00390001 -6.91719e-22)
(0.00398971 0.0037136 0)
(0.00372414 0.0038516 -2.21428e-21)
(0.00406266 0.00415122 9.37935e-21)
(0.00383146 0.00398912 -1.04663e-20)
(0.00374231 0.00382928 -2.05494e-20)
(0.00461707 0.00401947 0)
(0.00424278 0.00383783 -1.0159e-20)
(0.00374578 0.00381418 2.10816e-20)
(0.00405335 0.00363002 0)
(0.00425723 0.00381347 -7.04948e-21)
(0.00392682 0.00351889 -5.2615e-21)
(0.00403222 0.003664 2.39457e-20)
(0.00422118 0.00386106 -3.74473e-20)
(0.0042442 0.00381066 1.04968e-20)
(0.00403774 0.00366311 -1.91095e-20)
(0.00391453 0.0035085 0)
(0.00403873 0.00362097 0)
(0.000428858 0.000338022 6.68698e-21)
(0.00106235 8.96122e-05 2.48e-20)
(0.000860202 0.000292686 3.06708e-20)
(0.00038016 0.00038202 2.66874e-20)
(0.000264842 0.000624558 0)
(0.00074999 0.000348053 -6.14421e-21)
(0.000541781 3.25346e-05 -1.74805e-20)
(0.000127283 9.27924e-05 0)
(0.000682068 0.000598026 2.48357e-21)
(4.0136e-05 2.61566e-06 1.34726e-20)
(0.000962747 0.000127419 -4.75767e-21)
(0.000785346 0.000111776 0)
(0.00077149 0.000223265 0)
(0.000170564 0.000289661 0)
(0.00030033 0.000588734 2.00056e-20)
(0.000833351 0.000331621 -2.79406e-21)
(0.000843052 0.000295601 -8.8685e-21)
(0.000868685 0.000257457 0)
(0.000873927 0.000342941 3.5355e-21)
(0.00387711 0.00370459 0)
(0.00394941 0.00391016 1.07746e-20)
(0.00284858 0.00300718 -4.51006e-21)
(0.00441638 0.00395256 2.14751e-20)
(0.00371998 0.00386515 -1.98048e-21)
(0.00425679 0.00403433 -1.05819e-20)
(0.00368182 0.00384085 -1.8914e-21)
(0.00307183 0.00324558 1.27545e-22)
(0.00292626 0.00309228 4.39495e-21)
(0.00384891 0.00398162 -2.1821e-21)
(0.00404246 0.00418184 6.20202e-21)
(0.00407747 0.00415014 -1.89671e-20)
(0.00407763 0.00415017 -8.01697e-21)
(0.00372439 0.00385213 0)
(0.0038824 0.00394932 -1.60945e-20)
(0.00384461 0.00397088 0)
(0.00375819 0.00383155 -8.02311e-21)
(0.00383809 0.00398123 4.8889e-21)
(0.00375375 0.00382384 7.02353e-21)
(0.00403495 0.00418022 -4.79157e-21)
(0.0029522 0.00304664 6.54706e-21)
(0.00420408 0.00448093 0)
(0.0027428 0.00255308 0)
(0.00408375 0.00385555 0)
(0.00375893 0.00341322 1.17799e-20)
(0.00422464 0.00386463 -1.59697e-22)
(0.00404163 0.00418642 -3.78683e-21)
(0.00403953 0.00367186 -2.27148e-21)
(0.00402458 0.00367791 -1.00003e-21)
(0.00424181 0.00386067 -1.26036e-21)
(0.00384761 0.00398594 -3.84544e-21)
(0.00308998 0.00307961 0)
(0.00283746 0.00300133 3.1603e-21)
(0.00383149 0.00397124 3.05286e-20)
(0.00408445 0.0041175 -2.11261e-20)
(0.00424527 0.00384409 0)
(0.00286976 0.00292951 1.11078e-20)
(0.00373728 0.00380637 0)
(0.00306292 0.00324445 -1.77132e-21)
(0.0038155 0.00399127 -3.09716e-20)
(0.00284937 0.00310388 -1.04353e-20)
(0.00392283 0.00352226 0)
(0.00404126 0.00365781 -3.79761e-21)
(0.00291883 0.00309052 1.62671e-21)
(0.00374465 0.00380602 0)
(0.00285123 0.00304556 -2.19804e-21)
(0.00371886 0.0038625 1.95666e-21)
(0.00371061 0.0038508 -3.76906e-21)
(0.00333724 0.00343551 0)
(0.00421857 0.00386238 -9.78958e-21)
(0.00392196 0.00352159 1.64568e-22)
(0.00392493 0.00352263 0)
(0.00388648 0.00356235 1.05799e-20)
(0.00369287 0.00369339 7.812e-21)
(0.00392586 0.00352826 0)
(0.00283112 0.00300548 0)
(0.00392798 0.00352029 0)
(0.00292265 0.00309873 6.61223e-21)
(0.00382888 0.00379222 -2.1213e-20)
(0.00306845 0.00325282 6.50433e-21)
(0.00310372 0.00321709 -1.85713e-20)
(0.00407498 0.00414364 4.04438e-20)
(0.00422642 0.00385519 8.99942e-21)
(0.00391521 0.00379421 1.94639e-20)
(0.00388827 0.00356233 0)
(0.00405331 0.00363444 -6.62345e-21)
(0.00425605 0.00381031 0)
(0.00405301 0.00362724 -2.68878e-21)
(0.00395574 0.00373049 0)
(0.00425639 0.00381145 5.94935e-21)
(0.00405387 0.00362811 6.05738e-21)
(0.00389234 0.00356039 -1.01171e-20)
(0.00425505 0.00381445 -6.50573e-21)
(0.00392487 0.00352742 0)
(0.00422622 0.00385808 1.79787e-20)
(0.00392812 0.00351539 -7.06103e-21)
(0.00392668 0.00352665 -7.92522e-21)
(0.00425586 0.00381486 0)
(0.00398437 0.00368352 -9.03891e-21)
(0.00389227 0.0035602 9.89157e-21)
(0.00392815 0.00351748 6.71721e-21)
(0.00422451 0.0038587 8.6779e-21)
(0.0039191 0.00352627 0)
(0.00400026 0.00367447 8.87794e-21)
(0.00405376 0.00363345 0)
(0.00389232 0.00355986 0)
(0.00405323 0.00363464 1.399e-20)
(0.00425474 0.00381297 1.36777e-20)
(0.00401021 0.00367591 2.61536e-20)
(0.00392722 0.00351976 1.50502e-20)
(0.00422334 0.00385991 1.7204e-20)
(0.00401141 0.00367974 -8.50399e-21)
(0.00389307 0.00356063 9.48567e-21)
(0.00425461 0.00381408 7.17736e-21)
(0.004053 0.00363626 -1.5535e-22)
(0.00404358 0.00364783 -4.00755e-21)
(0.00310702 0.0032166 1.6723e-22)
(0.0038915 0.0035605 -9.37182e-21)
(0.00425285 0.00382299 -4.02813e-21)
(0.00405914 0.00415487 0)
(0.00389282 0.0035609 -9.0965e-21)
(0.00404943 0.00364299 0)
(0.00389159 0.00356613 8.44034e-21)
(0.00295462 0.00306561 -2.35481e-20)
(0.00389273 0.00356054 -1.0888e-23)
(0.00389017 0.00356235 2.63447e-20)
(0.00425334 0.00382009 7.60304e-21)
(0.00389147 0.00356403 2.58286e-20)
(0.00286939 0.00297512 3.10301e-20)
(0.0037482 0.00381562 -2.90445e-20)
(0.00292983 0.00309004 4.36067e-21)
(0.00425528 0.00382478 1.22506e-20)
(0.00425518 0.00382513 0)
(0.00374045 0.00383113 -7.85607e-21)
(0.00401253 0.00368004 1.44008e-20)
(0.00384273 0.00397203 0)
(0.00401499 0.0036778 -7.45793e-21)
(0.00373992 0.00381874 7.57685e-21)
(0.00284055 0.00300214 0)
(0.00405266 0.00414408 0)
(0.00425047 0.00382755 1.77253e-20)
(0.00389776 0.00353295 -6.39225e-21)
(0.00401571 0.00367843 -2.86301e-20)
(0.00389573 0.0035567 6.52574e-21)
(0.00401393 0.00367967 1.36713e-20)
(0.00424239 0.00382929 -9.13424e-21)
(0.00295169 0.00306611 -1.29446e-20)
(0.002923 0.00309682 -9.79012e-21)
(0.00421179 0.00386237 6.9612e-21)
(0.00287276 0.00297817 -6.971e-21)
(0.00421354 0.00386095 -1.67897e-22)
(0.00421705 0.00386153 5.83674e-21)
(0.00391949 0.00351362 1.11598e-20)
(0.0042184 0.00385823 6.35746e-21)
(0.00421685 0.00385851 6.72658e-21)
(0.00307344 0.00324456 1.6914e-22)
(0.00421951 0.0038591 3.00645e-20)
(0.00422039 0.00385615 -1.66732e-22)
(0.00402929 0.00364669 -5.86997e-21)
(0.00421955 0.0038573 -6.23173e-21)
(0.00422473 0.00383812 -1.12474e-20)
(9.60305e-05 0.000481837 1.80349e-20)
(0.00113318 -2.3803e-05 0)
(0.00372261 0.00385758 -2.15214e-21)
(0.00407212 0.0041553 -9.46305e-21)
(0.00383196 0.00398814 -4.82419e-21)
(0.00374887 0.00383187 -1.44553e-20)
(3.50722e-05 -8.99608e-06 -1.30033e-20)
(0.000815459 8.18817e-05 -1.47125e-21)
(0.000376613 0.000507492 -1.34666e-20)
(0.000810443 0.000462139 9.76247e-22)
(0.000298616 0.000684089 0)
(0.00121241 0.000205908 -2.67862e-21)
(0.00051278 0.000342423 -4.74747e-21)
(0.000782035 9.39423e-05 -3.58253e-21)
(0.000127811 0.000154985 -2.13439e-20)
(0.000289251 0.000375526 0)
(0.000690526 0.000528456 -3.5443e-25)
(0.000232029 0.000383408 9.68413e-21)
(0.000824504 1.95914e-05 -1.58549e-21)
(0.00122629 0.00045568 1.79078e-20)
(0.000174024 -0.000128297 1.45608e-21)
(0.000516919 0.000426626 2.82453e-20)
(4.3638e-05 2.92044e-06 2.9896e-20)
(0.00385417 0.0039505 5.59931e-21)
(0.00373536 0.00382476 -3.06077e-20)
(0.00385143 0.00394447 1.23855e-20)
(0.00409802 0.00355892 -1.91812e-20)
(0.00385819 0.00394659 1.52969e-20)
(0.00389618 0.0035633 1.10961e-20)
(0.00406106 0.00412909 0)
(0.00406303 0.00413759 -2.16993e-20)
(0.00405517 0.00414738 5.53361e-21)
(0.00402454 0.00418517 -7.72372e-21)
(0.00383065 0.00398381 5.01859e-21)
(0.00370955 0.00385894 1.06641e-20)
(0.00419581 0.00383381 1.16802e-20)
(0.000823808 0.000561437 0)
(0.000473544 6.44704e-05 3.27777e-21)
(0.000896302 0.000137821 0)
(2.11929e-05 1.03538e-06 0)
(4.5118e-05 -2.41453e-06 1.24443e-20)
(0.000662387 0.000340543 -4.35952e-21)
(2.94832e-05 5.03316e-06 4.39343e-20)
(0.000511856 0.000471621 2.50357e-21)
(0.00225618 0.00448986 6.62724e-21)
(3.9639e-05 -6.907e-06 1.33392e-20)
(0.000822826 0.000199199 0)
(0.000390491 0.000486599 7.87488e-21)
(0.000185107 0.00013641 6.35604e-21)
(4.37813e-05 -1.23442e-06 -1.3e-20)
(0.000165368 0.000544108 -1.90012e-20)
(0.000811222 9.86026e-05 -1.81277e-22)
(0.000197828 0.000559844 0)
(0.000222137 0.000744843 0)
(0.00392366 0.00351453 -4.84905e-21)
(0.00422657 0.00385047 9.32764e-21)
(0.00404762 0.00362221 1.05737e-20)
(0.0038985 0.00354965 -1.36143e-20)
(0.00435736 0.0036831 -1.06599e-20)
(0.00406179 0.00412615 -2.08528e-20)
(0.00388652 0.00356422 -5.2163e-20)
(0.00397349 0.0037605 3.23018e-21)
(0.0038336 0.00397724 -2.48331e-21)
(0.00402662 0.00417835 4.7324e-21)
(0.00386222 0.00395781 -7.96982e-21)
(0.00405503 0.0041383 2.23434e-20)
(0.0037136 0.00385183 -5.08142e-21)
(0.00403835 0.00416524 -5.33315e-21)
(0.00385124 0.0039527 2.57317e-20)
(0.00372255 0.00384084 5.88263e-21)
(0.00384496 0.0039657 -5.5467e-21)
(0.000569393 0.000517401 7.04844e-21)
(0.00077454 5.50859e-05 0)
(0.000443092 0.000146625 3.2949e-24)
(0.00104987 0.000842033 -9.67829e-21)
(0.00100428 0.000391824 3.86847e-21)
(0.00470234 0.00420512 -1.05579e-20)
(0.00422949 0.00385189 1.01505e-20)
(0.00378768 0.00394074 1.21418e-20)
(0.0037373 0.00380899 0)
(0.00425712 0.00381226 5.15869e-21)
(0.00405365 0.0036295 -2.52788e-21)
(0.00402879 0.0036698 -1.5168e-20)
(0.00421246 0.00386276 2.85591e-20)
(0.00402962 0.00362958 0)
(0.00390394 0.00351617 1.23353e-20)
(0.0039253 0.00351791 -1.84515e-22)
(0.00403106 0.00367271 1.70838e-22)
(0.00423219 0.00381726 0)
(0.000690466 0.000318043 0)
(0.000678432 0.000114158 6.61048e-21)
(0.0029166 0.00348033 -2.57975e-22)
(0.00286373 0.00315526 -1.28013e-21)
(0.00317586 0.00376125 -2.26794e-22)
(0.00302297 0.00358937 -2.32752e-22)
(0.00310025 0.00340323 -1.16647e-21)
(0.00295082 0.00325452 0)
(4.29535e-05 -4.08447e-06 -3.88032e-22)
(0.000178024 0.000105018 0)
(0.000279335 0.000589762 0)
(3.30339e-05 2.52112e-06 -5.0303e-20)
(0.00017864 0.000387594 3.95467e-20)
(0.000638964 0.000395901 -3.26143e-20)
(4.65962e-05 0.000881412 7.20024e-21)
(3.99463e-05 4.10987e-06 3.47033e-27)
(0.000691176 0.000486356 -4.51201e-21)
(3.68851e-06 0.000101301 -1.05943e-20)
(2.17566e-05 3.13009e-05 -8.69618e-21)
(0.000917655 0.000177827 -7.06078e-21)
(7.61818e-05 0.000653074 1.36441e-21)
(0.000741017 0.000333047 7.44523e-21)
(0.000342729 0.000396927 3.49198e-23)
(0.000706749 0.000489139 1.06359e-20)
(0.00111822 0.000141835 0)
(0.000107394 0.000475778 -7.94422e-21)
(0.000110341 -0.000123879 -1.29388e-21)
(0.000108721 0.000106408 -3.24753e-20)
(8.69479e-05 0.000126314 0)
(2.2946e-05 5.55119e-05 2.95198e-21)
(0.0039557 0.00415492 7.54727e-23)
(0.00375698 0.00395806 1.52071e-22)
(0.000795524 1.8643e-05 -4.61755e-21)
(0.0032201 0.00320322 -2.16039e-20)
(3.49082e-05 -1.18869e-05 5.93935e-21)
(0.000445111 0.000151806 -1.71084e-20)
(0.0027434 0.00305293 3.92377e-20)
(2.32482e-05 -2.14549e-06 -6.85873e-21)
(0.000115026 0.000217835 -2.06206e-20)
(0.0041689 0.00391167 -1.68474e-21)
(0.00396961 0.0037234 -8.9959e-22)
(0.000205514 0.000210241 2.70675e-20)
(0.00014041 0.000135787 1.3531e-20)
(0.00168673 0.000532896 0)
(4.56765e-05 0.000119431 -3.08174e-21)
(0.00108739 0.000482397 0)
(0.000165402 0.00074853 0)
(0.000635576 0.000512912 2.3774e-21)
(3.78145e-05 5.2941e-06 -3.97388e-20)
(0.000252003 0.000488911 2.53808e-20)
(0.000419258 -0.00024089 3.43121e-20)
(0.000943364 -3.24727e-05 -5.22588e-20)
(3.98497e-05 4.39437e-06 -1.40207e-20)
(0.000107341 -6.08795e-05 1.12568e-20)
(0.000129471 0.000275013 0)
(0.00365515 0.00384069 7.41118e-22)
(0.000674085 0.000353986 -5.84115e-22)
(0.000946134 0.000398949 -1.4309e-20)
(0.000533428 0.000128723 -4.18484e-21)
(0.000613609 0.000384496 1.85292e-21)
(0.000160986 0.000341854 -5.59701e-20)
(0.0012025 0.000345155 1.7427e-20)
(-6.06773e-06 -0.000404569 1.07522e-20)
(0.000137558 0.000142038 0)
(0.000584073 -6.61144e-05 -5.58402e-21)
(2.74772e-05 4.41808e-05 -3.00009e-21)
(0.000556864 0.000131542 2.86182e-20)
(5.1028e-05 -4.05103e-05 0)
(0.000849476 0.000112671 5.82502e-21)
(0.00021807 0.00044011 0)
(4.05877e-05 1.37519e-05 1.00545e-20)
(0.000515514 4.9771e-05 3.26692e-24)
(0.000319894 0.000518257 -1.28926e-20)
(0.00136116 0.000219776 0)
(0.00076506 0.000128545 -5.3044e-21)
(0.000990859 0.000424143 6.44191e-21)
(0.00292358 0.00297429 7.39606e-22)
(0.00300555 0.00308345 0)
(0.00316316 0.00325202 -1.19699e-21)
(6.49921e-05 -7.24831e-05 0)
(0.000860664 0.00018254 6.41688e-21)
(0.00384782 0.00403093 -3.52648e-20)
(0.000842253 0.000105561 9.52345e-22)
(2.91391e-05 0.000402911 -1.54804e-23)
(0.0014362 0.000928904 3.88453e-20)
(0.000693674 0.000269769 1.82239e-20)
(2.72417e-05 0.000535472 -8.26596e-21)
(0.000557759 0.000440472 -1.00999e-20)
(4.46545e-06 4.64271e-06 0)
(0.000629448 0.000488389 -5.08543e-21)
(2.65216e-05 -1.25102e-05 2.78825e-20)
(0.00358776 0.0034157 -3.75436e-20)
(2.68506e-05 6.97921e-05 5.51738e-21)
(0.000233257 0.00053782 -1.63002e-23)
(0.000801064 1.78173e-05 4.22716e-21)
(0.000359233 0.00134842 -3.85945e-22)
(0.000132939 9.21618e-05 0)
(0.000586922 0.000635513 -5.30333e-21)
(1.95467e-05 3.05136e-05 2.65414e-20)
(0.000575331 0.00101521 1.67396e-20)
(0.000148692 0.000571185 3.23236e-21)
(2.28692e-05 -1.25367e-05 -3.95037e-20)
(0.000150332 0.000464166 0)
(-0.000435182 0.000434917 -1.42002e-21)
(2.24374e-05 -1.78017e-06 1.64337e-20)
(0.000618585 0.00129347 3.25036e-21)
(8.51788e-05 0.000593085 1.22756e-21)
(0.000191287 0.000427937 -1.67151e-20)
(0.000719577 0.000513243 1.58262e-20)
(0.000453906 0.000203233 7.16743e-21)
(0.00230052 0.00261253 -1.60699e-20)
(0.000650544 0.00029389 4.29687e-21)
(1.82202e-05 2.8707e-05 7.14161e-21)
(0.000148711 0.000295859 -4.96151e-21)
(0.000472264 0.00104419 -1.04896e-20)
(3.10635e-05 0.000664093 0)
(0.000236798 0.000503203 0)
(2.0159e-05 9.41583e-06 -1.11331e-25)
(0.000809924 5.37265e-05 -4.39095e-21)
(0.000455009 0.00032418 -1.2809e-20)
(0.000705648 0.000404271 1.4707e-20)
(0.000855153 4.2777e-05 3.15021e-21)
(0.00144942 -0.000240694 0)
(0.000853899 0.000263471 3.26361e-22)
(0.00368558 0.00426686 1.16206e-20)
(3.88648e-05 0.000106327 -1.10329e-20)
(5.55752e-05 0.00015771 -1.13302e-20)
(0.000147974 0.000412566 0)
(-0.000345685 -0.000188378 0)
(0.000133395 0.000372632 2.41114e-20)
(0.000781953 0.000160072 -2.13146e-20)
(0.00219672 0.00289018 1.08166e-22)
(0.000348784 0.000567579 1.59394e-20)
(0.00171001 0.00194667 0)
(0.000343975 0.000545267 -3.51792e-20)
(0.00314482 0.00319385 2.44629e-20)
(0.00060459 0.000427153 1.21837e-20)
(0.0025273 0.00187219 0)
(0.000646515 0.000134454 -1.76045e-20)
(1.70294e-05 -1.48909e-05 -7.68232e-21)
(0.00109572 0.000758535 2.17811e-20)
(0.000682741 0.000289489 0)
(0.000658367 0.000447921 0)
(0.000767283 0.000262563 -1.6263e-20)
(0.00392398 0.00391567 1.65978e-21)
(0.00372298 0.00372649 -6.42489e-22)
(0.00359369 0.00360999 -9.51539e-22)
(0.000990562 0.000539895 -6.54939e-21)
(3.9345e-06 1.36879e-05 0)
(4.38951e-05 9.97721e-05 0)
(0.00134598 0.00281723 -1.74374e-21)
(5.32118e-05 -4.9501e-05 -7.18754e-21)
(0.0040151 0.00383497 1.15958e-20)
(0.000117722 0.000246286 9.99399e-21)
(2.89754e-05 -2.5786e-05 6.64233e-21)
(0.000515149 0.000279503 1.33037e-20)
(0.00114787 0.000502308 1.26907e-20)
(0.000754004 0.00213105 7.08987e-21)
(0.00362642 0.00433092 -3.14725e-20)
(0.000859396 0.00016927 -1.36405e-20)
(0.000152276 0.000694192 0)
(0.00241726 0.00205116 -1.68974e-20)
(0.000515253 0.000501289 -4.96957e-21)
(0.000853485 0.000143996 -1.53636e-21)
(0.000542299 0.000419482 1.22634e-20)
(0.00044641 0.00024922 -1.4874e-21)
(3.05294e-05 5.38926e-05 2.67473e-21)
(0.000791981 -8.46362e-05 0)
(0.000210338 0.000768293 3.5893e-21)
(0.000892481 0.000412729 0)
(3.55634e-05 -2.65002e-06 4.44719e-20)
(0.000529903 0.000251735 -1.11719e-20)
(7.2714e-05 -5.76385e-05 9.47437e-21)
(0.000142087 -0.00016972 1.40891e-21)
(0.000677395 1.7481e-05 0)
(3.82101e-05 -2.219e-05 -1.16382e-20)
(0.000645816 0.000438969 -2.48004e-21)
(0.000581781 0.000483814 1.30053e-20)
(0.00319395 0.00354529 9.229e-21)
(0.000407131 8.38892e-05 3.55019e-21)
(0.00115203 2.10707e-05 0)
(0.000135837 -7.84906e-05 -5.44288e-21)
(0.000599221 0.000443137 -4.87826e-21)
(0.00101521 0.000206106 8.90121e-21)
(0.000166455 0.000345244 2.2687e-20)
(5.92062e-06 8.17348e-05 1.06748e-20)
(0.000464276 0.000622516 1.58147e-20)
(0.0011301 7.48709e-05 -2.93758e-21)
(0.00107282 3.87416e-05 7.64639e-21)
(0.00104867 0.000100068 0)
(0.000350412 -4.17512e-05 2.75325e-24)
(0.000542658 0.000170499 0)
(0.000153453 0.000672696 -1.63452e-21)
(0.000815993 6.32206e-05 0)
(0.00039158 -0.000165195 -1.17796e-20)
(1.08565e-05 0.000481452 -7.77402e-21)
(0.0007997 0.000162014 0)
(3.05422e-05 0.000743098 -1.42171e-21)
(0.000905952 9.48525e-05 -3.04476e-21)
(0.00378819 0.00357187 -1.02731e-21)
(0.00231134 0.00282069 -1.28689e-20)
(-0.000272032 0.000687061 -1.91051e-20)
(5.63629e-05 0.000200446 -2.70129e-20)
(0.000923081 0.000329459 -2.13e-20)
(0.000692585 0.000508499 -6.53357e-21)
(0.000181812 0.000323173 -4.78831e-21)
(0.000832399 0.000280584 2.06227e-20)
(0.000863794 0.000258332 8.69379e-21)
(0.000397922 -0.000168052 0)
(0.00391291 0.00367435 0)
(0.00410913 0.00386017 2.04489e-21)
(0.000370946 0.000719488 -7.49861e-23)
(0.00059615 1.00287e-05 4.37814e-21)
(0.000712674 0.000109241 -3.33665e-20)
(0.00108926 0.000111182 -8.46537e-22)
(0.000718103 0.000297966 0)
(0.00256445 0.00225518 3.25358e-21)
(4.44968e-05 -3.0397e-05 1.51369e-21)
(1.33568e-05 1.20139e-05 2.84905e-21)
(0.00358886 0.00383722 -1.52169e-21)
(0.000698507 0.000335022 4.27393e-21)
(0.00112687 0.000155127 4.83208e-21)
(0.00370271 0.003962 1.50783e-21)
(0.0038994 0.00416295 8.17984e-22)
(0.00105889 1.59855e-05 7.9151e-25)
(0.000921548 0.00111979 1.07934e-20)
(0.000495605 0.000860949 -1.30506e-20)
(1.27348e-05 3.34571e-06 0)
(0.0034505 0.0040856 -1.5664e-23)
(0.00123668 0.00290404 1.02394e-20)
(0.00277275 0.00270423 0)
(0.00291234 0.00284284 -4.8506e-22)
(0.00269718 0.00264031 -1.00692e-21)
(-0.000270123 0.0020183 3.3591e-22)
(2.47666e-05 1.5964e-05 -1.27442e-20)
(0.000894122 0.000145356 0)
(0.00186326 0.00205404 4.15132e-20)
(0.00128864 0.00273515 0)
(0.00223371 0.00259814 2.70578e-20)
(0.00294436 0.00274112 -1.12352e-20)
(-0.00049513 0.00316348 -1.44507e-20)
(0.000734503 -0.000682705 -5.10297e-20)
(0.000770606 0.000150679 4.44441e-20)
(0.00271549 0.00421075 -1.74526e-20)
(0.000311059 0.000764944 -2.33071e-21)
(0.000671321 0.0004768 0)
(0.00169718 0.00107692 -1.91399e-20)
(8.25901e-05 0.000163609 0)
(0.0024276 0.00253104 2.83349e-20)
(0.00127906 0.00108662 -1.73924e-20)
(0.0038554 0.00482296 0)
(0.000764092 0.000905576 1.84898e-20)
(0.000163565 -0.00035241 -1.65593e-21)
(0.0040059 0.00411363 2.1556e-22)
(0.00381762 0.00391765 5.57145e-22)
(0.00060908 0.00048254 -9.09741e-21)
(0.000984457 0.00051972 -9.53223e-21)
(0.000582644 0.000634143 -3.50718e-20)
(0.00301015 0.00306601 1.14619e-20)
(0.00342472 0.00386953 9.31e-22)
(6.24789e-05 0.000163478 0)
(0.00369606 0.00379864 5.14672e-22)
(0.00268213 0.00156477 6.17978e-20)
(0.00206455 0.00217915 0)
(8.51006e-05 0.000195055 1.47437e-20)
(0.000101586 0.000208445 0)
(0.000812296 0.00181055 -4.18493e-20)
(0.000653816 0.000466364 2.55289e-21)
(0.00283386 0.00230347 -3.38072e-20)
(0.00110268 0.000265691 0)
(0.00239367 0.00122422 1.96316e-20)
(0.00306179 0.00538005 0)
(0.00420396 0.00470065 -1.06993e-20)
(0.00262634 0.00271254 1.96784e-22)
(0.00278869 0.00286449 2.00502e-22)
(0.00252771 0.00262518 -2.74858e-22)
(0.000626459 0.000447903 0)
(0.000625892 0.000475009 5.53019e-21)
(0.00322265 0.00432671 8.16374e-21)
(0.00252418 0.00274582 1.62642e-20)
(0.00259439 0.00400123 2.21501e-20)
(0.0028356 0.00484991 2.89907e-20)
(0.00140437 0.00424892 0)
(0.00236406 0.00338794 1.11215e-20)
(0.000575001 0.00166001 2.15742e-20)
(0.00314765 0.00423092 -4.31694e-22)
(0.00327938 0.00433292 0)
(0.00348053 0.00451258 -7.18789e-25)
(0.00160283 0.00254211 1.52401e-22)
(0.00171961 0.00265513 0)
(0.0018913 0.00283125 0)
(8.46996e-05 0.00326601 -1.11335e-20)
(0.0034215 0.0035876 1.32618e-21)
(0.0035294 0.00368832 3.77774e-22)
(0.00180273 0.00018227 5.07249e-21)
(0.00370535 0.0038606 4.45551e-22)
(0.00170416 0.00226167 -7.36753e-22)
(0.00246327 0.00278819 7.10066e-22)
(0.00181065 0.00235429 -4.13139e-22)
(0.00256768 0.00287874 6.65587e-22)
(0.00197414 0.00250913 -4.47409e-22)
(0.00273677 0.00303524 6.54941e-22)
)
;

boundaryField
{
    back
    {
        type            empty;
    }
    front
    {
        type            empty;
    }
    ingreso
    {
        type            fixedValue;
        value           uniform (0.000970309 0 0);
    }
    salida
    {
        type            zeroGradient;
    }
    defaultFaces
    {
        type            noSlip;
    }
}


// ************************************************************************* //
