/*--------------------------------*- C++ -*----------------------------------*\
  =========                 |
  \\      /  F ield         | OpenFOAM: The Open Source CFD Toolbox
   \\    /   O peration     | Website:  https://openfoam.org
    \\  /    A nd           | Version:  8
     \\/     M anipulation  |
\*---------------------------------------------------------------------------*/
FoamFile
{
    version     2.0;
    format      ascii;
    class       volVectorField;
    location    "3.8";
    object      U;
}
// * * * * * * * * * * * * * * * * * * * * * * * * * * * * * * * * * * * * * //

dimensions      [0 1 -1 0 0 0 0];

internalField   nonuniform List<vector> 
1642
(
(4.74096e-06 -5.52843e-06 1.11745e-26)
(0.00198633 0.00507466 1.07704e-20)
(0.00239789 0.00485969 6.25264e-21)
(0.00209348 0.00413442 3.42515e-20)
(0.000892714 1.54861e-05 1.55396e-21)
(0.000716253 0.000129432 3.96974e-20)
(0.00109942 0.000160124 9.68753e-21)
(0.00108211 0.000251652 -6.2707e-24)
(0.000682216 0.000473646 9.42711e-21)
(0.000838026 0.000252149 2.50638e-20)
(0.00267225 0.00309342 -1.87106e-20)
(0.000345269 0.000938279 -2.03491e-20)
(0.000781942 0.00040601 2.46909e-20)
(0.000874846 0.000204672 -1.68148e-20)
(0.000478167 0.000393859 0)
(0.000674344 0.000473897 0)
(2.12898e-05 0.000246531 -1.32458e-20)
(-8.07618e-07 0.00020865 2.1944e-20)
(1.51247e-05 1.9237e-05 6.98302e-25)
(2.73248e-05 1.16302e-05 4.53318e-21)
(0.000891758 0.000116962 -6.4257e-21)
(0.000992731 0.000257098 7.37697e-21)
(0.000832152 0.000216924 0)
(0.00248006 6.41505e-05 -2.20561e-20)
(0.000340563 0.000236637 -3.66448e-20)
(2.34741e-05 0.000502969 -4.70092e-21)
(0.00081001 -0.000115798 1.44115e-20)
(9.61825e-05 0.000213532 0)
(0.00396952 0.00412143 6.1378e-22)
(0.00406198 0.00420313 2.36048e-22)
(0.0042457 0.00438164 -3.00204e-22)
(0.00104027 8.89297e-05 -1.12241e-20)
(0.000361496 0.00124981 0)
(4.06961e-05 -4.64035e-05 -4.79075e-21)
(0.000356787 0.000220764 1.11427e-20)
(0.000379724 0.000430134 -2.08812e-21)
(0.000907577 0.00035548 -3.65154e-20)
(0.000940059 2.64983e-05 3.48388e-22)
(0.000410975 0.000334418 -1.07691e-24)
(0.000905081 0.000240309 -1.10093e-20)
(0.000781833 0.00021139 0)
(1.91143e-05 4.52835e-05 -2.57886e-21)
(3.44273e-05 8.69344e-06 0)
(0.0006342 0.00482209 -2.2969e-20)
(-0.0012846 3.68338e-05 -2.14381e-21)
(0.000737751 3.95899e-05 -2.41766e-21)
(0.000850789 1.52869e-05 7.1976e-22)
(0.000484525 0.000113339 -5.0142e-21)
(0.000358328 0.000120804 -1.41125e-20)
(0.000673068 0.000384249 -2.16055e-20)
(3.39051e-05 8.55151e-05 -5.30524e-21)
(0.000742044 0.000430718 -6.89142e-21)
(1.60225e-05 -6.3483e-06 3.76042e-21)
(0.000295087 0.00471898 0)
(0.00252746 0.00378874 -1.6723e-20)
(0.000560418 0.00048402 1.08709e-21)
(0.00109384 0.000190178 -4.89335e-21)
(0.000196288 1.18423e-05 -7.30858e-21)
(0.00122292 0.000433356 -2.93622e-20)
(0.000357189 -0.000343501 0)
(0.000261407 0.000144357 0)
(0.000930897 5.42015e-05 -1.37339e-21)
(9.00264e-05 -7.60097e-05 4.02937e-21)
(0.00144123 0.000179387 -2.05847e-20)
(7.3261e-05 0.000424719 1.69016e-20)
(5.58261e-05 9.67519e-06 1.25605e-21)
(0.000110021 0.0001248 0)
(4.91703e-05 1.78429e-05 -5.11203e-21)
(0.000426272 0.000531784 5.67357e-21)
(5.93093e-06 6.25658e-05 -4.77109e-21)
(0.000318042 9.9821e-05 -1.36172e-20)
(7.77708e-05 0.000279248 -1.50141e-20)
(0.000246491 7.08915e-05 1.80566e-20)
(0.000856157 3.17896e-05 1.40352e-21)
(0.000476633 0.000625614 8.90998e-21)
(0.00131306 0.0015529 -2.31622e-21)
(0.0041093 0.00428885 1.13246e-24)
(0.00392476 0.00410693 0)
(0.00382629 0.00401762 -3.15809e-22)
(0.000426407 0.000179563 6.40656e-21)
(5.82084e-05 -1.81823e-07 2.57409e-21)
(3.44914e-05 2.05584e-05 1.77598e-20)
(0.00111754 0.000359978 -1.89835e-20)
(0.000943771 0.000469239 1.17981e-20)
(-0.00195637 0.000302443 0)
(0.000395736 0.000609307 -4.28169e-21)
(0.000407182 0.00054146 -1.6384e-20)
(1.01176e-05 -9.52776e-05 0)
(0.000554165 0.00059098 4.18171e-21)
(3.38641e-05 -3.27246e-05 -1.9329e-21)
(0.00106296 0.000124112 -7.69399e-21)
(0.000121692 0.000324985 3.10974e-20)
(0.000741646 0.000567616 -1.96157e-20)
(0.000449412 0.000456569 -8.49038e-21)
(0.000534211 0.00040409 -3.35359e-20)
(7.72067e-05 -0.000179206 -1.12219e-21)
(0.000795369 0.000154176 -2.71938e-20)
(0.000567471 0.000337028 2.88204e-20)
(0.00035099 0.000315601 1.69967e-20)
(0.000453473 0.00053591 -1.12996e-20)
(0.000406227 0.000600529 2.10357e-20)
(0.000513446 0.000783881 0)
(2.73631e-05 -0.00020735 9.41058e-21)
(0.00443653 0.00441948 -1.44629e-22)
(0.00423956 0.00423321 2.07762e-20)
(0.00414821 0.00414022 5.57406e-21)
(0.0041788 0.00390668 2.23298e-20)
(0.00409373 0.00382645 2.32309e-22)
(0.00437726 0.00405867 4.26172e-21)
(0.00420004 0.00388261 -1.32634e-22)
(0.00417883 0.00390739 6.94923e-21)
(0.00411167 0.00379558 -8.59391e-21)
(0.00436758 0.00408636 0)
(0.00439107 0.00405368 7.37554e-21)
(0.00420642 0.00388079 2.05733e-21)
(0.00420347 0.00388001 4.42307e-21)
(0.0043882 0.00405238 -1.42526e-21)
(0.00410309 0.00382458 0)
(0.00418508 0.00355801 0)
(0.00402796 0.00360366 9.67988e-21)
(0.00410983 0.00379695 -1.25168e-21)
(0.00405875 0.00289202 -2.76005e-20)
(0.00441231 0.00367102 0)
(0.000399658 0.000637367 4.15522e-21)
(0.000492175 0.000598246 0)
(0.000316306 -8.69236e-05 2.70531e-21)
(0.000948539 0.000248167 1.56431e-20)
(8.15893e-06 -6.32474e-05 0)
(0.000549894 0.000278754 5.30919e-21)
(0.000598136 0.000325501 -1.56423e-20)
(0.000413812 2.66122e-05 0)
(0.00021632 -0.000105027 -2.64059e-21)
(2.31599e-05 -4.22221e-05 -1.13294e-21)
(0.000797116 0.000158121 9.73906e-21)
(5.74683e-05 -1.02489e-05 -6.10095e-26)
(3.26459e-05 -5.81945e-05 1.18699e-21)
(0.000611785 0.000280523 -2.92586e-21)
(0.000321795 -3.58405e-06 2.9088e-21)
(0.000602916 0.000229958 0)
(0.000652536 0.000295141 0)
(3.01557e-05 0.000386385 9.04974e-21)
(5.82961e-05 2.00973e-05 -1.70689e-21)
(9.67913e-05 7.56994e-05 0)
(0.000325045 5.98076e-05 1.23173e-20)
(0.000573233 0.000456653 4.25344e-20)
(6.51722e-05 0.00021806 1.59429e-20)
(0.000774015 0.000118705 0)
(4.90567e-05 0.00013045 2.19733e-20)
(0.000770899 0.000171764 -2.78131e-21)
(0.000695644 0.00018683 4.59723e-20)
(0.000280757 0.000188229 1.8462e-20)
(0.000845776 4.59506e-05 4.17905e-21)
(6.62174e-05 -1.55286e-05 -2.41415e-21)
(0.000316381 0.000236026 0)
(0.00107501 -0.000107648 1.32904e-20)
(0.000805195 0.000159717 0)
(0.000853471 0.000142451 -2.28354e-21)
(4.54742e-06 2.26704e-05 -1.51822e-20)
(6.75214e-06 -4.54693e-05 -7.20307e-23)
(-1.45086e-05 0.000295958 0)
(8.88876e-05 7.32851e-05 4.1617e-20)
(6.61116e-05 5.06972e-05 -4.42675e-21)
(0.000140155 -4.2626e-05 1.20077e-21)
(0.000878116 0.000290535 0)
(5.61184e-06 -3.03695e-05 0)
(0.000843454 6.57249e-05 0)
(0.00085629 9.17542e-05 0)
(5.30051e-05 -1.95854e-05 -2.67015e-21)
(0.000871815 4.53576e-06 -6.06398e-21)
(2.21849e-05 -0.000193239 -2.22934e-21)
(-1.7946e-05 0.000303396 -2.2429e-20)
(-3.2332e-06 0.000175826 -1.93865e-20)
(5.15327e-06 4.85637e-05 4.7004e-21)
(1.64359e-06 0.000147821 1.96925e-20)
(0.000668504 -1.42772e-05 -7.11507e-21)
(2.23418e-05 -0.000113943 2.12848e-21)
(0.000783384 0.00023566 1.12906e-20)
(0.00035567 0.000145197 1.65749e-20)
(0.000604914 0.000226005 0)
(0.000542479 0.000495392 -4.28819e-21)
(0.000962074 0.000382703 9.86234e-21)
(3.98602e-05 2.02835e-05 1.58869e-20)
(0.000774086 0.000755746 4.27163e-21)
(3.73794e-06 3.26406e-05 7.60267e-21)
(3.97745e-06 0.000122312 0)
(0.000544636 0.000310461 1.16964e-20)
(0.000618286 9.20758e-05 1.03889e-21)
(4.96915e-05 -9.60519e-06 -1.05511e-20)
(0.000197322 -0.000186287 1.4383e-21)
(0.000917215 0.000330965 1.05542e-24)
(0.000477342 0.000488128 1.05838e-26)
(0.000369896 0.000125858 -1.34801e-20)
(4.90035e-05 3.15023e-05 2.0221e-21)
(0.000300007 0.000277844 -8.88914e-21)
(0.000189686 -8.14016e-05 -2.53638e-21)
(0.000718011 -3.5854e-05 6.80496e-25)
(0.000396545 0.000621979 -1.00316e-21)
(5.05805e-05 -2.19341e-06 8.37935e-21)
(0.000296887 0.000432121 -2.11042e-20)
(0.000600577 0.000210064 3.59373e-20)
(6.37795e-05 1.06221e-05 -4.797e-21)
(8.04726e-05 4.26684e-07 -3.0065e-22)
(0.000522303 0.000664722 -4.36846e-21)
(0.000631706 0.000434401 1.30659e-20)
(0.00102325 0.000135659 0)
(4.18184e-05 8.18596e-06 1.32845e-20)
(0.000397484 0.000221627 -1.00052e-20)
(0.00437782 0.00407859 -2.07159e-20)
(0.00411729 0.00381452 -9.11107e-21)
(0.00420584 0.00390099 -8.45003e-21)
(0.00438268 0.00408511 -1.27432e-20)
(0.00437373 0.00408592 0)
(0.0027394 0.00279814 5.07024e-21)
(0.00273841 0.00279701 -2.62804e-23)
(0.00411534 0.0038186 -9.22428e-21)
(0.00437938 0.00408016 7.1556e-21)
(0.00419455 0.00390501 -1.05231e-20)
(0.00438021 0.00407925 -7.06399e-21)
(0.00420347 0.00390491 8.63218e-21)
(0.00272873 0.00278944 0)
(0.0043792 0.00408562 0)
(0.00273027 0.0027865 -4.10445e-21)
(0.00437606 0.00408457 -6.40672e-21)
(0.00411672 0.00380489 -5.68476e-21)
(0.00437862 0.00408378 -1.68253e-20)
(0.00411905 0.00380622 0)
(0.00256871 0.00264611 -4.17094e-21)
(0.00445374 0.00405579 -3.4959e-20)
(0.00274389 0.00277455 1.84403e-20)
(0.00261065 0.00268857 -8.00339e-21)
(0.00273916 0.00279783 -1.45924e-20)
(0.00261777 0.00268116 -1.06878e-20)
(0.00273834 0.00279741 1.19337e-20)
(0.00274174 0.00278152 -1.28855e-20)
(0.00274246 0.00279891 -1.21118e-22)
(0.0027286 0.00278851 9.59972e-21)
(0.00261331 0.00267948 1.52204e-20)
(0.00273202 0.0027931 2.4962e-20)
(0.00437535 0.00408483 -7.88263e-21)
(0.004205 0.00389085 -3.79584e-21)
(0.00454875 0.00404891 2.65024e-20)
(0.00419552 0.00390547 -1.42225e-22)
(0.00437915 0.00408457 7.39335e-21)
(0.00494488 0.0041555 -1.82605e-20)
(0.00439298 0.0040759 3.81487e-21)
(0.00420096 0.00389127 1.38506e-21)
(0.00273996 0.00279781 7.66268e-21)
(0.0028345 0.00287165 -1.78971e-20)
(0.00410795 0.00382364 0)
(0.00438662 0.00406221 -1.34174e-21)
(0.00272801 0.00280536 2.80815e-21)
(0.00437515 0.00407994 -1.31545e-20)
(0.00414502 0.00381074 0)
(0.00435699 0.00389282 8.63652e-21)
(0.00439261 0.00406052 2.0813e-21)
(0.00420668 0.00388973 2.17252e-21)
(0.00411863 0.00380695 -2.48458e-21)
(0.00425675 0.00405205 1.91502e-20)
(0.00410263 0.0038224 1.17183e-20)
(0.00420724 0.00388889 -2.14386e-21)
(0.00410072 0.00382631 0)
(0.00419765 0.00398028 0)
(0.00421419 0.00400533 -1.60567e-20)
(0.00261985 0.0026937 2.90211e-21)
(0.00267258 0.00274089 -1.75861e-20)
(0.00419538 0.00395992 7.83327e-21)
(0.00411623 0.00380517 0)
(0.00419461 0.003913 -1.25257e-20)
(0.00312488 0.00308962 -1.7852e-22)
(0.00419433 0.00391668 7.30171e-21)
(0.00273758 0.00279359 -7.95993e-21)
(0.00439186 0.00406174 -2.10912e-21)
(0.00257393 0.00265756 5.02926e-21)
(0.00410076 0.00382738 7.79331e-21)
(0.00438475 0.00407363 8.437e-21)
(0.00442446 0.00400863 0)
(0.00263569 0.0026806 -2.9826e-20)
(0.00419381 0.00390905 1.38003e-20)
(0.00437633 0.00407995 6.75981e-21)
(0.00262034 0.00267573 1.50569e-22)
(0.00273807 0.00280218 -7.75424e-21)
(0.00260451 0.0026848 2.48401e-21)
(0.00272929 0.00278411 -6.71495e-21)
(0.00344246 0.00335014 -1.90414e-20)
(0.00437906 0.00406192 -2.27075e-21)
(0.00420574 0.00389685 0)
(0.00262684 0.00268435 5.47458e-21)
(0.00410186 0.00382561 0)
(0.00262554 0.00269246 -2.84016e-21)
(0.00257446 0.00263187 1.85343e-20)
(0.00439103 0.00406553 0)
(0.00411664 0.00381004 7.47061e-21)
(0.00410209 0.00382438 7.11566e-21)
(0.00439508 0.00407236 7.10068e-21)
(0.00271264 0.00279884 2.41404e-21)
(0.00263095 0.00268735 0)
(0.00271858 0.00279523 5.52203e-21)
(0.00291107 0.00288 2.0222e-20)
(0.00296218 0.0029277 0)
(0.00419255 0.00391107 1.30657e-20)
(0.00411575 0.00380642 4.13268e-21)
(0.00270873 0.00279861 -1.65906e-21)
(0.00420605 0.00388926 -3.76861e-21)
(0.00257753 0.00265334 6.126e-21)
(0.00260071 0.00268564 -4.99188e-21)
(0.00410301 0.00382014 -1.15231e-20)
(0.00256591 0.0025544 0)
(0.00255875 0.00263441 -1.48474e-20)
(0.0027232 0.00281056 1.63977e-21)
(0.00439126 0.00406108 -3.65372e-21)
(0.00261371 0.00269785 1.6931e-21)
(0.00261415 0.00269597 0)
(0.00273463 0.00279074 8.14704e-21)
(0.00336873 0.00330624 0)
(0.00262984 0.00267968 -2.13131e-20)
(0.00273418 0.00280919 -2.76365e-21)
(0.00256585 0.00263763 1.51825e-25)
(0.0025639 0.00264491 -8.27281e-21)
(0.00411755 0.00380812 -8.52511e-21)
(0.00436897 0.00406094 -1.70921e-21)
(0.00324624 0.00350953 -1.01057e-20)
(0.00273468 0.00276834 -4.62084e-21)
(0.00259283 0.00267287 0)
(0.0025793 0.00261736 1.66253e-20)
(0.00500506 0.00415944 -1.8615e-20)
(0.00433806 0.00477235 9.75348e-21)
(0.00261827 0.00267999 0)
(0.00428462 0.00387319 8.26748e-21)
(0.00267461 0.00265345 4.54958e-22)
(0.00410086 0.003821 0)
(0.00273496 0.00279601 -1.49602e-20)
(0.00258587 0.00263574 -3.1651e-20)
(0.00411023 0.00380656 -1.66206e-21)
(0.00420434 0.00389428 7.44286e-21)
(0.00437832 0.00408143 5.55691e-21)
(0.00439056 0.00406536 5.20103e-21)
(0.00257567 0.00265336 -1.80396e-21)
(0.00257515 0.00264992 3.12902e-21)
(0.00256623 0.00261727 0)
(0.00257107 0.00264969 3.85796e-21)
(0.00411659 0.00380929 0)
(0.00419442 0.00390827 -5.17876e-24)
(0.00419325 0.00380357 0)
(0.0026253 0.00266243 1.55163e-20)
(0.00439005 0.00406458 7.22258e-21)
(0.00264126 0.00267865 0)
(0.00347491 0.00344992 1.01506e-20)
(0.00358815 0.00350584 -2.90279e-20)
(0.00273436 0.00280732 0)
(0.00273247 0.00281604 0)
(0.00263048 0.00267953 -6.95487e-21)
(0.00258477 0.00263595 -8.50041e-21)
(0.00411272 0.00380764 3.81405e-21)
(0.00429289 0.00424622 0)
(0.00420481 0.00389582 5.34964e-21)
(0.00435142 0.00405336 6.42772e-22)
(0.00262346 0.00270071 0)
(0.00416588 0.00388056 -2.31389e-21)
(0.00366836 0.00356149 6.35833e-23)
(0.00420297 0.00389545 6.72221e-21)
(0.002584 0.00262859 -4.98361e-21)
(0.0026326 0.00267923 9.17596e-21)
(0.00437587 0.00408357 8.65436e-21)
(0.00419455 0.00390952 1.50356e-22)
(0.00419384 0.0039098 -4.49061e-21)
(0.00260911 0.00268775 3.60221e-21)
(0.00409983 0.00382368 5.14252e-21)
(0.0027366 0.00278864 1.37947e-20)
(0.00410146 0.00382471 -9.81975e-21)
(0.004526 0.00516267 0)
(0.00252124 0.00251021 -8.64094e-22)
(0.00257563 0.00262693 -6.48273e-21)
(0.00419241 0.00390928 -6.4891e-21)
(0.00420477 0.00390096 9.38349e-21)
(0.00261613 0.00266731 0)
(0.00536675 0.00464943 -1.85999e-20)
(0.00410074 0.00382067 -1.2905e-20)
(0.0027369 0.00278947 1.61771e-20)
(0.00257894 0.00263074 -8.30214e-21)
(0.00419454 0.00391819 1.49027e-20)
(0.00257352 0.00262663 0)
(0.00257679 0.00263222 1.4023e-20)
(0.00257535 0.00265076 1.12391e-20)
(0.00262062 0.00266358 0)
(0.00420345 0.00389931 6.66298e-21)
(0.00439165 0.00406954 -1.19155e-20)
(0.00437718 0.0040787 -4.99314e-21)
(0.00438436 0.00406564 1.37687e-21)
(0.00437747 0.00408121 1.0778e-20)
(0.00437012 0.00408555 -1.37833e-20)
(0.00273648 0.0027913 0)
(0.00259933 0.00264719 -1.90415e-20)
(0.00257248 0.00261373 5.05261e-21)
(0.00419986 0.0038931 -1.42155e-21)
(0.00265341 0.00273127 -2.50793e-20)
(0.00259495 0.00267786 1.79098e-21)
(0.00280948 0.00279893 -9.94878e-21)
(0.00272204 0.00279368 -7.59819e-21)
(0.00419417 0.00390942 5.7575e-21)
(0.00439266 0.00407107 3.11332e-21)
(0.00257692 0.00263114 -8.78769e-21)
(0.0041018 0.00382652 0)
(0.00410231 0.00382541 4.27254e-20)
(0.00411036 0.0038066 2.90383e-21)
(0.00272138 0.00280491 -1.95563e-21)
(0.00256162 0.00264404 -2.48522e-21)
(0.00256946 0.00264773 2.50664e-21)
(0.00273741 0.00279631 2.90462e-20)
(0.00410041 0.00382764 1.57121e-20)
(0.0027351 0.0028126 6.00641e-21)
(0.00262549 0.00268242 6.28704e-21)
(0.00273148 0.00279062 -2.877e-20)
(0.00258653 0.0026343 8.06794e-21)
(0.00411666 0.00381034 3.03087e-21)
(0.00258367 0.00263447 2.67034e-20)
(0.00410451 0.00382398 -1.7907e-20)
(0.00269173 0.00274314 -7.80087e-21)
(0.00271842 0.00279619 0)
(0.00259073 0.00263898 2.7453e-20)
(0.00419473 0.00390544 -5.5626e-21)
(0.00261011 0.0026825 0)
(0.00257186 0.00263135 -5.90398e-21)
(0.00261272 0.0026957 4.7798e-24)
(0.00410449 0.00380426 0)
(0.00411765 0.00380662 -2.61891e-21)
(0.00270584 0.00279331 4.33408e-21)
(0.00437806 0.0040861 6.14863e-21)
(0.00411999 0.00380567 -4.92577e-21)
(0.00419388 0.00391103 6.39711e-21)
(0.00256046 0.00264208 -8.1883e-21)
(0.00410145 0.00382569 -1.48562e-20)
(0.00419682 0.00394163 -3.0373e-20)
(0.00419445 0.00392911 1.51358e-20)
(0.00261093 0.00268307 3.20608e-21)
(0.00272304 0.00280002 0)
(0.00410259 0.00382077 -2.70429e-20)
(0.00279836 0.00280979 0)
(0.00256804 0.00262586 6.56114e-21)
(0.00440724 0.00406635 8.53167e-21)
(0.00256293 0.00263268 4.58186e-21)
(0.00262224 0.00268199 6.53432e-21)
(0.00294125 0.00295174 9.00031e-21)
(0.00273121 0.00279327 1.22217e-22)
(0.00256257 0.00264331 -7.69697e-21)
(0.00256567 0.00264396 -5.41797e-21)
(0.00262149 0.00269416 -6.76426e-21)
(0.00439249 0.00406217 -2.42283e-21)
(0.00260891 0.00268998 3.82056e-21)
(0.00273121 0.00269193 -7.92043e-21)
(0.0042075 0.0038912 -2.49744e-21)
(0.00437917 0.00408563 -1.16004e-20)
(0.00435888 0.00389163 0)
(0.00419506 0.00391135 1.39214e-20)
(0.00257902 0.00263142 1.3599e-20)
(0.00273165 0.00278724 3.2963e-20)
(0.00273325 0.00278822 -3.2381e-20)
(0.00407279 0.0037985 -3.22598e-21)
(0.00262505 0.00269436 -9.33436e-21)
(0.00423128 0.00402886 7.72643e-21)
(0.00411678 0.00381161 0)
(0.00262634 0.00268431 1.74297e-20)
(0.00269987 0.00278596 -6.33994e-22)
(0.00410297 0.00382554 0)
(0.00258175 0.00263298 6.58814e-25)
(0.0043748 0.00408003 -2.44073e-20)
(0.00453733 0.00392209 -9.17038e-21)
(0.00513255 0.0044037 9.26178e-21)
(0.0043743 0.00408327 0)
(0.0041015 0.00382554 7.93487e-21)
(0.00263258 0.00268837 6.17027e-21)
(0.00495349 0.00464055 0)
(0.00272654 0.00272108 0)
(0.0029642 0.00291971 -3.06831e-20)
(0.00258614 0.00263461 0)
(0.00426848 0.0038265 0)
(0.00258309 0.00263305 0)
(0.00258341 0.00263312 0)
(0.00255884 0.0026355 -1.68672e-21)
(0.00255795 0.00263927 1.88781e-21)
(0.00273547 0.00278183 1.69882e-20)
(0.00274101 0.00279798 2.2307e-20)
(0.00437755 0.0040797 -6.72116e-21)
(0.00257329 0.00265451 2.11028e-21)
(0.00433653 0.00404931 -1.65708e-22)
(0.00261635 0.00268266 8.43009e-21)
(0.00439065 0.00407902 3.94676e-21)
(0.00253726 0.0026276 -1.29696e-20)
(0.00420508 0.00388974 3.57159e-21)
(0.00411133 0.00382338 0)
(0.00520873 0.00434368 -9.23554e-21)
(0.00256326 0.00263762 0)
(0.00262731 0.00267686 7.32005e-21)
(0.00263622 0.00267815 -7.7312e-21)
(0.00272236 0.0027962 0)
(0.00269589 0.00266914 -1.53094e-22)
(0.00257592 0.0026327 6.00779e-21)
(0.00264845 0.00266274 7.93045e-21)
(0.00263059 0.00267028 -9.7442e-21)
(0.00272624 0.00278702 1.29829e-20)
(0.00261096 0.00309886 4.35165e-20)
(0.00415178 0.00387712 -4.84321e-23)
(0.00437905 0.00408204 -7.45508e-21)
(0.00267345 0.00266408 -2.42512e-20)
(0.00261363 0.00269297 9.48157e-22)
(0.00354398 0.00351811 -1.03817e-20)
(0.00257055 0.00260564 1.7397e-20)
(0.00437664 0.00407853 8.09616e-21)
(0.00260933 0.00267761 8.96053e-21)
(0.00271764 0.00279509 8.72018e-21)
(0.00272905 0.00276425 5.31592e-21)
(0.00276632 0.00281924 -8.99243e-21)
(0.00262883 0.00268502 0)
(0.00262543 0.00268285 1.34389e-20)
(0.00260922 0.00268955 4.17451e-21)
(0.00257705 0.00261729 2.71644e-20)
(0.00273511 0.00280898 0)
(0.0025828 0.00262042 -1.57158e-20)
(0.00420042 0.00390989 0)
(0.00268995 0.0027912 -4.94163e-21)
(0.00296926 0.00290679 9.45154e-21)
(0.00420597 0.00389135 0)
(0.00261427 0.00268564 -2.96639e-24)
(0.00272275 0.00280113 -2.98015e-24)
(0.00270329 0.00272248 0)
(0.0032269 0.00310732 -9.33575e-21)
(0.00442377 0.00413784 -2.01478e-20)
(0.00261695 0.00268157 -8.68107e-24)
(0.00254604 0.00263686 0)
(0.00410175 0.00382661 7.49068e-21)
(0.00439041 0.00406143 -3.46057e-21)
(0.00257481 0.00262959 1.32278e-21)
(0.00273435 0.00279282 -7.70547e-21)
(0.00257966 0.00263172 0)
(0.00257746 0.00263253 -1.42959e-20)
(0.00280191 0.0028636 2.03159e-20)
(0.00419379 0.00389042 -3.44621e-21)
(0.002584 0.00263537 -1.45375e-20)
(0.00271988 0.00278996 0)
(0.00418762 0.00389163 -9.30545e-22)
(0.0027334 0.0027906 -2.52474e-20)
(0.00420456 0.00389132 -3.57409e-21)
(0.00259981 0.00268148 -9.30967e-21)
(0.00410061 0.00382682 0)
(0.00255761 0.002634 -5.78991e-21)
(0.00272871 0.00279522 1.38841e-22)
(0.00273622 0.00276754 4.85179e-21)
(0.00272188 0.00280792 3.66576e-21)
(0.0021762 0.00198555 0)
(0.00257843 0.00263638 4.64139e-21)
(0.00264668 0.00267567 -1.56416e-20)
(0.00437427 0.00408318 3.22624e-20)
(0.00271806 0.00280189 4.05122e-21)
(0.00405855 0.00379255 7.97531e-22)
(0.00411376 0.00380949 -7.50643e-21)
(0.00520582 0.00499188 9.28178e-21)
(0.00274892 0.00280381 -8.48834e-21)
(0.00261579 0.00264658 -5.52713e-21)
(0.00439207 0.00406786 8.97533e-21)
(0.00271898 0.00275668 5.54782e-21)
(0.00418446 0.00388879 8.40886e-22)
(0.00269247 0.00278881 -2.96849e-23)
(0.00265417 0.00266411 -2.37566e-20)
(0.00260736 0.00268123 0)
(0.00437732 0.00408615 0)
(0.00409707 0.00382352 1.55533e-20)
(0.00272668 0.00280959 2.19704e-21)
(0.00411378 0.00380614 1.6912e-21)
(0.00261002 0.00268724 5.71672e-21)
(0.00269414 0.0027934 0)
(0.00261086 0.00267699 -1.05286e-20)
(0.00410275 0.00382212 0)
(0.00272244 0.00275666 -1.03334e-20)
(0.00412056 0.0038213 -1.83336e-20)
(0.00261546 0.00265198 5.89028e-21)
(0.00256553 0.00263393 -5.43115e-21)
(0.00258122 0.00267982 -5.08375e-21)
(0.00475389 0.00399641 1.87871e-20)
(0.00410064 0.00382606 -1.60841e-20)
(0.00439354 0.00407098 0)
(0.00422 0.00400751 1.3603e-20)
(0.00272921 0.00275975 -6.01657e-25)
(0.00260989 0.00267886 -5.08861e-21)
(0.00257022 0.00260841 5.40567e-21)
(0.00439273 0.004074 0)
(0.00419301 0.00391205 0)
(0.00419524 0.00390558 -5.82445e-21)
(0.00272891 0.00276563 1.10746e-20)
(0.00256849 0.00263166 -1.12257e-20)
(0.00273475 0.00279419 0)
(0.00419391 0.00391591 2.8048e-20)
(0.00257013 0.00263369 1.62511e-20)
(0.00272198 0.002786 0)
(0.00470884 0.0040746 0)
(0.0025529 0.00263683 -9.59294e-21)
(0.00439129 0.00406066 -3.23868e-21)
(0.00261644 0.00265752 5.05378e-21)
(0.00272872 0.00276631 0)
(0.00255313 0.00263253 -2.25118e-21)
(0.00258791 0.00268442 6.33936e-21)
(0.00261791 0.0026964 2.26186e-21)
(0.00420572 0.0038892 3.26893e-21)
(0.00410096 0.00382516 1.25801e-20)
(0.00259784 0.00268257 -8.98362e-21)
(0.0026901 0.00278561 -1.47633e-22)
(0.00439003 0.00408141 4.11236e-21)
(0.0026169 0.00265815 0)
(0.00255601 0.00263654 0)
(0.00437891 0.00408141 0)
(0.00154351 0.00153234 0)
(0.00437276 0.0040627 0)
(0.00257664 0.0026459 -3.36435e-21)
(0.00261459 0.00265587 1.25433e-20)
(0.00273303 0.00277664 -8.53933e-21)
(0.00411855 0.00380647 4.39558e-21)
(0.00257449 0.0026143 2.52593e-20)
(0.00254006 0.00262427 -3.68007e-21)
(0.00269556 0.00279966 0)
(0.00420757 0.00389988 -3.04442e-21)
(0.00260637 0.00265096 0)
(0.00253539 0.0026302 1.27888e-22)
(0.00262634 0.00268341 -8.5261e-21)
(0.00254056 0.00262704 1.00566e-20)
(0.00269687 0.00279579 4.15143e-21)
(0.00273051 0.0027551 -1.75254e-20)
(0.00269284 0.00278562 -3.02832e-23)
(0.00257512 0.0026113 -1.6894e-20)
(0.00273532 0.0027061 8.88617e-21)
(0.00254522 0.00263479 0)
(0.00257043 0.00260651 0)
(0.0025861 0.00268757 0)
(0.0011472 0.0017194 2.72466e-20)
(0.0027225 0.00275903 -8.85941e-24)
(0.00258291 0.00267983 5.48456e-21)
(0.00272282 0.00275849 -2.3942e-20)
(0.00258657 0.00267482 -2.95305e-23)
(0.00256522 0.00260183 -2.97309e-20)
(0.0026444 0.00261937 0)
(0.00420778 0.00389458 8.00456e-21)
(0.00253414 0.00262901 0)
(0.0025632 0.00260207 -1.55502e-20)
(0.00269657 0.00277821 0)
(0.00259263 0.00267209 9.9116e-21)
(0.00269193 0.00278243 3.35012e-21)
(0.00259173 0.00267259 6.86126e-21)
(0.0026945 0.0028444 8.03597e-22)
(0.00258336 0.00273279 -6.78687e-22)
(0.00272454 0.00276583 -7.52103e-21)
(0.00262264 0.00264668 -7.36425e-21)
(0.00270982 0.00295315 1.13435e-21)
(0.0027209 0.00276061 -1.4792e-20)
(0.00269152 0.00279139 5.33469e-21)
(0.0026082 0.00264775 6.14176e-21)
(0.00258515 0.00268213 0)
(0.00258707 0.00267034 6.14577e-21)
(0.00268919 0.00278819 -2.90349e-21)
(0.00258154 0.00267596 -2.98357e-21)
(0.00262789 0.00262988 -7.62446e-21)
(0.00256315 0.00260244 -1.61817e-20)
(0.00272666 0.00276725 -2.31499e-20)
(0.00264356 0.00261836 -7.76996e-21)
(0.00270759 0.00287935 5.48029e-21)
(0.00272693 0.00276133 -6.56845e-21)
(0.00257073 0.00260635 1.32328e-20)
(0.00261157 0.00264778 -1.36656e-20)
(0.00258301 0.00268171 0)
(0.00257023 0.00270569 -2.63541e-20)
(0.00410021 0.00380356 0)
(0.0027013 0.00278151 -7.54489e-21)
(0.00270217 0.00256373 -2.72316e-20)
(0.002699 0.0027829 -4.0644e-21)
(0.00257165 0.00260972 1.5632e-20)
(0.00196999 0.00207336 3.26603e-20)
(0.00254375 0.00262885 1.16559e-20)
(0.00269162 0.00279279 0)
(0.00269669 0.00278174 -6.98169e-21)
(0.00266441 0.00267142 7.87062e-21)
(0.0027342 0.00277328 2.55987e-20)
(0.00257104 0.00260863 -1.49902e-20)
(0.00257121 0.00260348 0)
(0.00259758 0.00283922 1.88884e-21)
(0.00272308 0.00276475 2.54154e-20)
(0.0027329 0.00276813 0)
(0.00273168 0.00277178 -7.83559e-24)
(0.00257386 0.00252446 -1.4794e-24)
(0.00254312 0.00261895 1.00119e-23)
(0.00271614 0.00275866 -7.79319e-21)
(0.00272439 0.00276209 -7.54672e-24)
(0.0025746 0.00263471 1.73348e-20)
(0.00258349 0.00258948 -1.88478e-20)
(0.00256903 0.00260877 -9.14736e-21)
(0.00255978 0.00263785 -9.2729e-21)
(0.00268988 0.00281063 1.7338e-23)
(0.00256507 0.00260321 -1.68247e-20)
(0.00253739 0.00263062 -4.92177e-21)
(0.00267262 0.00275441 -8.21977e-21)
(0.00411848 0.00380822 -3.15668e-21)
(0.00269675 0.0028285 -2.69371e-20)
(0.00269932 0.00281958 -8.97965e-22)
(0.00258944 0.00270744 -1.05011e-22)
(0.00257224 0.00261053 0)
(0.00256837 0.00260449 0)
(0.00253984 0.00263222 -2.21842e-21)
(0.00254469 0.00262746 -1.60677e-22)
(0.00253599 0.00263109 -2.69986e-21)
(0.00253824 0.00263013 -6.04168e-21)
(0.00253446 0.00262956 6.07008e-21)
(0.00408841 0.00380266 2.81188e-21)
(0.00257754 0.00261397 -1.75492e-20)
(3.05859e-05 2.28883e-05 -1.09015e-20)
(4.53313e-05 -1.6455e-05 5.38405e-21)
(9.28936e-05 0.000121305 1.51031e-21)
(0.000184224 -3.57784e-05 2.35557e-21)
(0.00100374 8.50715e-05 0)
(6.93331e-05 7.29662e-05 -9.73648e-22)
(0.0006231 0.000363787 4.04802e-20)
(5.86987e-05 0.000146037 0)
(0.000215658 -4.30967e-05 0)
(8.04143e-05 -1.77621e-05 -1.58098e-22)
(0.00061506 0.000101282 -1.55222e-20)
(0.00414927 0.0041409 -1.10757e-20)
(0.00414417 0.0041379 5.26688e-21)
(0.00443749 0.00442221 7.32708e-23)
(0.00419477 0.00388356 1.3809e-20)
(0.00410534 0.00379726 1.4591e-20)
(0.00423402 0.00423021 0)
(0.0044368 0.00442174 -5.03267e-21)
(0.00414073 0.00413925 -9.5456e-21)
(0.00423505 0.00423247 0)
(0.00424446 0.00422945 0)
(0.00409723 0.0038268 -1.26888e-20)
(0.00424912 0.00423115 -1.14812e-20)
(0.00409665 0.00382759 6.80866e-21)
(0.0041358 0.00414927 4.85692e-21)
(0.00443411 0.00441809 0)
(0.00424169 0.00423252 6.43408e-21)
(0.00415465 0.00413851 2.06049e-20)
(0.00424213 0.00423013 1.23466e-20)
(0.00443532 0.00442125 0)
(0.0044372 0.00442269 0)
(0.00424518 0.00423684 -1.95168e-20)
(0.00443014 0.00441523 5.77534e-21)
(0.00412958 0.00415487 0)
(0.0041302 0.00415826 0)
(0.0044131 0.00443541 0)
(0.00441421 0.00443659 -7.00723e-21)
(0.00422817 0.00424931 0)
(0.00413212 0.004155 -3.47894e-21)
(0.00422786 0.00424647 -6.60619e-21)
(0.00441665 0.00443595 4.07582e-21)
(0.00443093 0.00441609 -5.83645e-21)
(0.00441377 0.00443836 1.52258e-20)
(0.00413021 0.0041563 0)
(0.00441402 0.00443856 -7.29725e-21)
(0.00441365 0.0044353 0)
(0.00443377 0.00441873 -9.37884e-21)
(0.00413157 0.00415579 3.53712e-21)
(0.00422677 0.00424476 -9.37149e-21)
(0.00436776 0.0040866 0)
(0.00415305 0.00413923 -1.44469e-20)
(0.00425695 0.00422848 -7.20266e-21)
(0.00441108 0.00443745 -1.18728e-20)
(0.00415303 0.00413899 -1.46909e-20)
(0.00441139 0.0044367 0)
(0.0041527 0.00413919 0)
(0.00442919 0.00441696 1.22161e-20)
(0.00436903 0.00408313 1.41581e-20)
(0.00422578 0.00424513 3.05899e-21)
(0.00436902 0.00408523 -6.4601e-21)
(0.00422492 0.00424829 5.54966e-21)
(0.00441303 0.00443986 5.38467e-21)
(0.00415248 0.0041391 -7.82095e-21)
(0.0041518 0.00414004 8.18126e-21)
(0.0041256 0.00415648 5.90036e-21)
(0.00422594 0.0042461 -5.77996e-21)
(0.0044122 0.00443808 -5.61841e-21)
(0.00415171 0.00413852 0)
(0.00415216 0.00413997 7.78857e-21)
(0.00412542 0.00415616 -6.20665e-21)
(0.00441089 0.00444167 -4.93078e-21)
(0.00426072 0.00422669 -1.50309e-20)
(0.00422147 0.00425097 -5.09705e-21)
(0.00431127 0.00418447 0)
(0.0042711 0.00422066 -7.5933e-21)
(0.00412635 0.00415986 -6.89044e-21)
(0.00443279 0.00441846 -1.42744e-20)
(0.00415159 0.00413963 -2.4687e-20)
(0.00428954 0.00420804 1.5352e-20)
(0.00415071 0.00413803 -8.60546e-21)
(0.00412638 0.00415772 1.03201e-20)
(0.00422005 0.0042522 0)
(0.00440917 0.00444276 0)
(0.00414903 0.0041368 1.75215e-20)
(0.00431674 0.00415567 0)
(0.00440966 0.00444297 2.15452e-21)
(0.00422041 0.00425248 2.22711e-21)
(0.00412725 0.00415894 4.30996e-21)
(0.00443629 0.00442518 0)
(0.00426674 0.00407499 -1.49285e-20)
(0.00414282 0.00413376 0)
(0.0043008 0.00413327 1.63496e-20)
(0.00443234 0.00442119 -7.41984e-21)
(0.00412545 0.00415928 4.7443e-21)
(0.00443257 0.00441964 0)
(0.00427514 0.00410739 8.16306e-21)
(0.00442929 0.0044148 1.66417e-20)
(0.0044344 0.00442387 7.70176e-21)
(0.00421552 0.00380454 1.8859e-20)
(0.00408497 0.00378456 9.55492e-21)
(0.00414491 0.00413615 -8.84782e-21)
(0.00412755 0.004157 -8.18794e-21)
(0.00417198 0.00369924 8.91139e-21)
(0.00443806 0.00440494 0)
(0.0042196 0.00426581 2.18869e-21)
(0.00406053 0.00371888 -1.95821e-20)
(0.00440804 0.00445446 2.10322e-21)
(0.00419589 0.00426566 2.42243e-21)
(0.00420883 0.00426606 1.03513e-21)
(0.00439665 0.00445692 -9.78606e-22)
(0.00439707 0.0038663 1.8297e-20)
(0.00438336 0.00445423 0)
(0.00435472 0.00445553 1.24065e-21)
(0.00445141 0.00406659 1.00189e-20)
(0.00416765 0.00426739 2.02561e-21)
(0.00436222 0.00424948 2.02372e-20)
(0.00518781 0.00418742 3.64428e-20)
(0.000809917 0.000590402 -8.83166e-21)
(-2.69152e-05 0.00108809 4.2951e-24)
(3.56855e-05 2.8589e-05 -9.06076e-21)
(5.14508e-05 4.54829e-06 -2.12671e-21)
(6.13677e-05 0.000259167 0)
(0.000117338 -2.72912e-05 -7.37826e-21)
(6.7326e-05 -1.8921e-06 3.10751e-22)
(0.000680367 0.0005778 -9.432e-24)
(0.00257395 0.00261522 -1.86814e-20)
(0.00424839 0.00423414 5.61699e-21)
(0.0025723 0.00260419 0)
(0.00259369 0.00268344 4.03772e-21)
(0.00270417 0.00278863 8.26393e-21)
(0.0025961 0.00267729 -3.5927e-21)
(0.00272974 0.00276696 2.09508e-20)
(0.00254609 0.00263367 0)
(0.00261992 0.00265205 7.16412e-21)
(0.0026995 0.00279668 -4.83432e-21)
(0.00258963 0.00268432 -1.51412e-22)
(0.00273161 0.00277719 -8.50183e-21)
(0.00422479 0.00425988 2.53165e-21)
(0.0041241 0.00417086 0)
(0.00254203 0.00263494 3.29502e-21)
(0.00441305 0.00444841 -1.14212e-21)
(0.00236172 0.00208533 2.01889e-20)
(0.00255585 0.00278173 1.32009e-21)
(0.00234205 0.00217797 1.86016e-20)
(0.00207037 0.0016393 -3.74938e-23)
(0.0012502 0.00158985 1.77842e-20)
(8.85816e-05 1.87777e-05 0)
(0.00409653 0.00382604 3.07919e-20)
(0.00418088 0.00390975 0)
(0.00409061 0.0038287 -2.09192e-20)
(0.004199 0.00388571 3.68497e-21)
(0.00420104 0.00387822 -8.0558e-21)
(0.00437951 0.00405009 0)
(0.00436771 0.00408675 -1.39749e-20)
(0.0041118 0.00379641 0)
(0.00417227 0.00390861 0)
(0.00438854 0.00405121 6.14452e-21)
(0.00420328 0.00387802 3.10521e-21)
(0.00436873 0.00408414 3.20723e-24)
(0.00419766 0.00388277 -1.17522e-21)
(0.00394089 0.00347736 -4.00848e-20)
(0.00438388 0.00405561 1.30233e-21)
(0.00411126 0.00379458 -1.43431e-21)
(0.00416264 0.00301664 3.85394e-23)
(0.00410841 0.00380242 0)
(0.00425358 0.00332129 -1.62262e-22)
(0.00324951 0.00333619 -9.30978e-21)
(7.54894e-05 1.49233e-05 0)
(5.67494e-05 -9.05896e-05 0)
(0.00015388 0.000179035 -2.45957e-21)
(0.000127278 2.92782e-05 4.75903e-21)
(6.39808e-05 -2.88485e-05 2.75556e-21)
(6.15962e-05 8.95781e-05 -2.31813e-20)
(0.000771771 0.000212411 2.2978e-20)
(0.00078053 -0.000249045 2.99424e-20)
(5.6105e-05 5.76907e-05 5.74253e-22)
(0.000108198 2.32363e-05 0)
(0.000824598 0.000810326 4.75656e-21)
(0.000764588 0.00010937 -1.4596e-20)
(0.000230241 0.00019261 4.73572e-21)
(7.47037e-05 5.67315e-05 0)
(0.00015879 7.61561e-05 0)
(0.000639052 0.000359672 1.23429e-20)
(6.76458e-05 2.75231e-05 -5.85455e-22)
(0.000371062 0.000532673 1.24371e-20)
(0.000411992 0.000527669 3.74483e-20)
(0.000136931 6.17007e-05 0)
(0.000301667 -1.47106e-05 -1.041e-20)
(5.63241e-05 3.75816e-05 2.95357e-22)
(3.46843e-05 6.77857e-05 -3.02605e-21)
(0.000467445 0.000641302 3.76468e-20)
(0.000554228 0.000152196 1.05193e-20)
(0.000366982 0.000485393 0)
(0.000889996 8.93216e-05 5.84757e-21)
(0.000632937 0.00056281 0)
(0.000194601 7.14948e-05 -1.76124e-20)
(0.000586016 0.000435565 -4.08193e-20)
(0.000138097 -4.13257e-06 -4.75624e-21)
(0.000650893 0.000172268 0)
(0.000369314 0.000567202 -3.25999e-20)
(0.000998575 0.000247496 -2.78754e-20)
(0.000527749 0.000473217 5.43135e-21)
(0.000226105 0.000226323 -2.06853e-20)
(3.76782e-05 8.73388e-05 1.21336e-21)
(0.000827602 3.5431e-06 0)
(9.60356e-05 -2.05547e-06 5.0683e-21)
(0.0002781 8.81264e-05 0)
(4.41121e-05 -8.64598e-05 7.80007e-21)
(7.90784e-05 3.44085e-05 4.52755e-21)
(0.000988456 0.00023781 1.23148e-21)
(0.000289046 5.78224e-05 2.12924e-21)
(0.000467656 0.000282106 -6.04512e-22)
(0.00013209 0.000206015 0)
(9.3921e-05 -2.42895e-05 -1.37222e-20)
(0.000582319 0.000185414 0)
(1.84259e-05 -2.90194e-05 -1.15885e-21)
(0.000517525 0.000253657 -2.30052e-20)
(4.06674e-05 3.70455e-05 1.25012e-21)
(4.6792e-05 4.62434e-05 0)
(0.000175028 5.59379e-06 0)
(0.000780115 0.000310827 3.10218e-20)
(0.000265504 0.000309125 -4.16543e-20)
(0.000684072 0.000291858 0)
(0.000656514 0.000216794 -3.711e-20)
(0.000212961 0.000250408 1.427e-20)
(0.000375103 0.000557651 -1.00215e-20)
(0.00104493 5.33066e-05 -5.32754e-21)
(0.000116683 -9.79556e-08 -2.99785e-22)
(0.000160435 0.000281783 5.38508e-21)
(0.000781125 0.000198409 -2.65034e-22)
(0.000283795 0.000369339 0)
(0.000243237 3.88552e-05 1.72682e-20)
(7.74211e-05 -3.22133e-05 -5.77726e-21)
(0.00240214 0.00195886 -1.8464e-20)
(0.00247281 0.00224606 2.99885e-20)
(0.00272321 0.00276658 -1.65901e-20)
(0.00260896 0.00264526 -1.4235e-20)
(0.00272286 0.00276091 4.59677e-24)
(0.0025675 0.00260034 -1.38035e-20)
(0.00256577 0.00260541 1.22851e-20)
(0.00405302 0.00387896 1.2628e-21)
(9.90466e-05 0.000351105 -1.8126e-20)
(0.000230428 0.000358588 2.04203e-20)
(0.000245766 0.000402361 0)
(0.000935578 0.000266644 1.66948e-20)
(0.000921449 7.94585e-05 -1.69058e-22)
(4.5625e-05 1.85142e-06 1.63369e-27)
(0.000311311 0.000245741 1.54201e-20)
(0.00261281 0.00264678 -1.18006e-20)
(0.000218188 0.000209953 -1.59375e-20)
(0.00441415 0.00444522 -2.67976e-21)
(0.00422629 0.00425675 -2.77021e-21)
(0.00436939 0.00408566 4.73199e-21)
(0.00450807 0.00405597 -1.81365e-20)
(0.00487982 0.00423398 1.81333e-20)
(0.0041269 0.00416841 2.70617e-21)
(0.00436704 0.00395515 -1.971e-20)
(0.00209339 0.00179824 1.85997e-20)
(0.00254006 0.00263664 -1.58006e-21)
(0.00254629 0.00265576 -1.99821e-21)
(0.0041051 0.0041733 9.35184e-22)
(0.00253835 0.00267862 -9.04361e-21)
(0.00258633 0.0026801 -4.60272e-21)
(0.00269609 0.00279279 4.29404e-21)
(0.00486862 0.00412506 9.21012e-21)
(0.00269452 0.00279436 -3.76271e-21)
(0.00253646 0.00263179 1.9109e-21)
(0.0025853 0.00268318 -5.9572e-21)
(0.00441027 0.00444279 1.77147e-21)
(0.00422183 0.00425383 -1.83458e-21)
(0.00419416 0.00390101 2.88087e-22)
(0.00425059 0.00423182 -2.11262e-20)
(0.00415332 0.00414009 8.06654e-23)
(0.00443582 0.00442038 0)
(0.00259205 0.00267953 1.18547e-20)
(0.00422243 0.00425554 -7.51676e-21)
(0.00437582 0.00407467 5.0199e-21)
(0.00254159 0.00263459 8.68437e-21)
(0.00409574 0.00382357 -5.56561e-21)
(0.00410247 0.00381849 5.82707e-21)
(0.00412542 0.00416225 4.23887e-21)
(0.00419369 0.00390833 -1.03209e-20)
(0.00259006 0.00268076 0)
(0.00424644 0.00423767 -2.83851e-20)
(0.00270997 0.00278829 -4.39821e-21)
(0.00442974 0.00442084 -4.3387e-21)
(0.000432754 0.000407629 0)
(0.000331111 0.000398583 -2.82877e-20)
(0.000834827 0.000184373 -1.77821e-20)
(0.000158508 3.52524e-05 2.31759e-21)
(0.00029758 0.000591554 -1.1962e-20)
(0.000338642 0.000337779 0)
(4.51143e-05 5.16729e-06 -7.80309e-22)
(0.00074767 0.000962461 0)
(0.000691303 0.000593294 1.10442e-21)
(0.00437894 0.00405377 -4.23614e-21)
(0.00411167 0.00379694 0)
(0.0041987 0.0038775 8.30015e-21)
(0.00409835 0.00382416 -1.57755e-22)
(0.00419876 0.00388635 0)
(0.00409474 0.00382811 1.3763e-20)
(0.00411127 0.00379695 0)
(0.0041779 0.00391162 1.73486e-20)
(0.00437056 0.00408618 -1.36117e-20)
(0.00410376 0.00380673 0)
(0.00420466 0.00388118 1.78851e-21)
(0.00418051 0.0039094 0)
(0.00418283 0.00329375 -9.2913e-21)
(0.00407011 0.00383087 -6.6281e-22)
(0.00438956 0.00405397 -1.73278e-21)
(0.0043682 0.00408661 1.63126e-20)
(0.00400027 0.00351125 1.96729e-20)
(0.00440371 0.00344735 0)
(0.00419755 0.00388672 -3.50396e-21)
(0.00438317 0.00405916 2.24878e-21)
(0.00377919 0.00296167 -1.81229e-20)
(0.00043328 0.000456107 -1.88554e-20)
(9.37801e-05 -4.55055e-05 5.43838e-21)
(0.000472921 0.000373462 -5.23836e-21)
(0.00091984 1.66479e-05 -1.07204e-21)
(0.000763258 0.000303369 -9.93683e-21)
(0.000903176 0.00028969 4.27111e-21)
(0.000169116 0.00021551 8.7176e-21)
(0.0040912 0.00382211 -4.65893e-23)
(0.00419888 0.00387622 4.33769e-21)
(0.00436114 0.0040852 5.60276e-23)
(0.00411389 0.0037977 3.67584e-21)
(0.000658285 0.000432516 -2.0229e-21)
(0.000937023 0.000538054 -1.34985e-20)
(0.000746459 -4.42077e-05 4.61045e-21)
(0.00105167 0.000591882 3.80965e-21)
(0.000808219 0.00039536 0)
(0.000288412 0.00055231 9.28292e-22)
(0.00105207 0.000382084 -2.34492e-21)
(0.0002642 0.000268545 2.17733e-20)
(5.83441e-06 -1.71407e-05 -8.27115e-22)
(0.000760698 0.000387738 0)
(0.00106532 0.000279808 -2.85288e-20)
(4.36315e-05 1.02215e-05 -3.44528e-20)
(0.000419346 0.000699268 -8.68822e-21)
(0.000323645 0.000530732 -9.32613e-21)
(0.000373962 9.00975e-05 0)
(0.00018448 5.89773e-05 -1.95216e-21)
(0.00108109 0.000310893 -1.1931e-21)
(4.02947e-05 3.0613e-06 1.14393e-20)
(9.64651e-05 4.32614e-05 -4.50142e-21)
(0.000116089 5.4417e-05 4.92595e-21)
(0.000382729 0.000415924 2.77362e-20)
(0.000859899 6.94418e-05 0)
(3.47681e-05 2.22772e-06 -3.39626e-20)
(0.000244148 0.000171649 -3.26667e-21)
(0.000732056 -0.000238595 -5.6544e-21)
(0.000688178 0.000397796 -1.27656e-20)
(0.00019362 0.000126436 4.07439e-21)
(3.13956e-05 1.11651e-05 0)
(0.000665106 0.000393687 -5.74951e-21)
(0.000191564 0.000177297 5.64567e-21)
(0.000122192 0.000367656 0)
(0.000504067 0.000309184 -1.90783e-20)
(4.15735e-05 -7.29922e-06 -1.24684e-20)
(0.00053673 -0.000134721 1.18684e-20)
(0.000716814 7.60241e-05 8.48423e-21)
(0.000702493 0.000388221 -8.88788e-22)
(0.000426859 -3.49971e-05 2.53682e-21)
(0.00405091 0.00379175 -4.33704e-22)
(0.00433248 0.0040402 -4.93521e-22)
(0.00414751 0.00387133 0)
(0.00412788 0.00415814 -1.80617e-21)
(0.00443643 0.0044254 8.02001e-21)
(0.0042308 0.00424232 -8.97006e-21)
(0.00414966 0.0041394 -1.73882e-20)
(0.00503933 0.00447069 0)
(0.00438296 0.00398784 -8.76611e-21)
(0.00414793 0.00412668 1.8176e-20)
(0.00420665 0.00387965 0)
(0.00439108 0.00405198 -5.7288e-21)
(0.00410995 0.00379092 -4.47811e-21)
(0.00418024 0.00390807 2.06533e-20)
(0.00437085 0.00408278 -3.21379e-20)
(0.00437364 0.00406557 8.8591e-21)
(0.00418171 0.00390729 -1.64708e-20)
(0.00410083 0.00380452 0)
(0.00419211 0.00388916 0)
(0.000435022 0.000340213 5.99118e-21)
(0.00103453 8.68427e-05 2.22464e-20)
(0.000893465 0.000279393 2.74057e-20)
(0.000388747 0.000384062 2.39135e-20)
(0.000272148 0.000632865 0)
(0.000752852 0.000339395 -5.50232e-21)
(0.000542695 2.13752e-05 -1.56628e-20)
(0.000128034 9.18319e-05 0)
(0.000697072 0.000574118 2.2218e-21)
(3.94712e-05 2.14362e-06 1.20737e-20)
(0.000972648 0.000140429 -4.25898e-21)
(0.000781328 9.53352e-05 0)
(0.000790992 0.000231125 0)
(0.000176379 0.000289861 0)
(0.00030849 0.000594943 1.79313e-20)
(0.000836057 0.000325307 -2.50078e-21)
(0.000838062 0.000281153 -7.93924e-21)
(0.000886949 0.000258264 0)
(0.000886 0.000341948 3.16429e-21)
(0.00442181 0.00396794 0)
(0.00467585 0.00397202 9.3189e-21)
(0.00254714 0.00264895 -3.54159e-21)
(0.00464617 0.0046448 1.79542e-20)
(0.0041317 0.0041604 -1.60656e-21)
(0.00508547 0.0040913 -8.99918e-21)
(0.00407942 0.00417136 -1.4156e-21)
(0.00269828 0.00279627 1.11202e-22)
(0.00258824 0.00268391 3.46687e-21)
(0.00422289 0.0042538 -1.7833e-21)
(0.00441078 0.00444313 4.96931e-21)
(0.00443032 0.00442015 -1.63541e-20)
(0.00443383 0.00441857 -6.83009e-21)
(0.00412726 0.00416065 0)
(0.00425258 0.00423017 -1.39738e-20)
(0.00422707 0.00425237 0)
(0.00415416 0.00413867 -6.80376e-21)
(0.00422276 0.00425684 4.1914e-21)
(0.00414833 0.00413912 5.99404e-21)
(0.00442492 0.00442919 -4.05952e-21)
(0.00260991 0.00264365 5.62925e-21)
(0.0040589 0.00523189 0)
(0.00170189 0.00151993 0)
(0.00483784 0.00401581 0)
(0.00378502 0.00358342 9.99894e-21)
(0.00434521 0.00409133 -1.35981e-22)
(0.00441257 0.0044435 -3.01902e-21)
(0.00419059 0.00390878 -1.7201e-21)
(0.00416164 0.00391696 -7.4662e-22)
(0.00437549 0.00408197 -9.44704e-22)
(0.00422494 0.00425488 -3.12048e-21)
(0.00261864 0.00232172 0)
(0.00254166 0.00263804 2.49148e-21)
(0.0043537 0.00414215 2.64484e-20)
(0.00467062 0.00423084 -1.82016e-20)
(0.00437721 0.00406568 0)
(0.0025579 0.00242195 9.57258e-21)
(0.00421153 0.00407212 0)
(0.00269748 0.00279178 -1.41152e-21)
(0.00429111 0.00421579 -2.70776e-20)
(0.00248374 0.00249674 -9.11197e-21)
(0.00411422 0.00379547 0)
(0.0041922 0.00389353 -2.93403e-21)
(0.00258859 0.00267987 1.30124e-21)
(0.00428895 0.00400734 0)
(0.00254632 0.00268708 -1.64663e-21)
(0.00413101 0.00416405 1.59212e-21)
(0.0041169 0.00417308 -2.92778e-21)
(0.00331205 0.00322158 0)
(0.00437804 0.00407264 -8.42837e-21)
(0.00411372 0.0037967 1.44125e-22)
(0.00411527 0.00379476 0)
(0.00409461 0.00382428 9.19335e-21)
(0.00369624 0.00369596 6.83483e-21)
(0.00411121 0.00380196 0)
(0.00254064 0.00263414 0)
(0.00411554 0.00379435 0)
(0.00258942 0.00268461 5.41882e-21)
(0.00381139 0.00380168 -1.84519e-20)
(0.00269842 0.00279598 5.23511e-21)
(0.00273453 0.00276996 -1.59602e-20)
(0.00443307 0.0044182 3.44806e-20)
(0.00436145 0.00408144 7.77968e-21)
(0.00394853 0.0038706 1.68865e-20)
(0.00408955 0.00382607 0)
(0.00420312 0.00388395 -5.58245e-21)
(0.00439007 0.00405284 0)
(0.00420595 0.00388173 -2.21696e-21)
(0.00404735 0.0039255 0)
(0.0043898 0.00405194 4.90891e-21)
(0.00420585 0.00388146 5.05162e-21)
(0.0040893 0.00382619 -8.67156e-21)
(0.00438813 0.00405304 -5.43372e-21)
(0.00410977 0.00380082 0)
(0.00436746 0.00407925 1.54286e-20)
(0.00411317 0.00379838 -5.92595e-21)
(0.00411253 0.00379999 -6.67658e-21)
(0.00438902 0.00405144 0)
(0.00410619 0.00393633 -7.82e-21)
(0.00408857 0.00382597 8.53288e-21)
(0.00411466 0.00379665 5.62502e-21)
(0.00436917 0.00407813 7.44464e-21)
(0.0041113 0.00379815 0)
(0.00413297 0.00392241 7.68067e-21)
(0.00420466 0.00388178 0)
(0.00409159 0.00382521 0)
(0.00420123 0.0038877 1.17221e-20)
(0.00438747 0.00405556 1.14593e-20)
(0.00415406 0.00391023 2.26981e-20)
(0.00411342 0.00380016 1.26485e-20)
(0.00436945 0.00408138 1.48123e-20)
(0.00416707 0.00390543 -7.37977e-21)
(0.00409245 0.00382414 8.17552e-21)
(0.00438725 0.0040567 5.97205e-21)
(0.00420013 0.00388908 -1.35867e-22)
(0.00419927 0.00388772 -3.40397e-21)
(0.00273799 0.00277021 1.46101e-22)
(0.00409089 0.00382469 -8.05787e-21)
(0.00438602 0.00405897 -3.39105e-21)
(0.0044391 0.00442369 0)
(0.00409101 0.00382426 -7.88566e-21)
(0.0041992 0.00388882 0)
(0.00409072 0.00382484 7.26029e-21)
(0.00262176 0.00265572 -2.03234e-20)
(0.00409311 0.00382396 -9.94075e-24)
(0.00409042 0.00382415 2.26283e-20)
(0.00438732 0.00405684 6.35491e-21)
(0.00409208 0.00382572 2.22252e-20)
(0.00258069 0.00261016 2.64828e-20)
(0.00415036 0.0041434 -2.46255e-20)
(0.0025958 0.00267984 3.70352e-21)
(0.00438342 0.00406012 1.03087e-20)
(0.0043804 0.00405982 0)
(0.00415355 0.00414323 -6.69432e-21)
(0.00418505 0.00390645 1.24164e-20)
(0.00422113 0.00425675 0)
(0.00418609 0.00390701 -6.43931e-21)
(0.00415072 0.00414473 6.40991e-21)
(0.00254428 0.00263535 0)
(0.00443781 0.00442648 0)
(0.00437864 0.00405611 1.48869e-20)
(0.00410169 0.0038156 -5.43134e-21)
(0.00418368 0.00390758 -2.48352e-20)
(0.00409056 0.00382282 5.58455e-21)
(0.00417781 0.00391002 1.19201e-20)
(0.00437942 0.00405206 -7.62606e-21)
(0.00262352 0.00265126 -1.1122e-20)
(0.00259113 0.00268271 -8.33704e-21)
(0.00436729 0.00408151 5.94871e-21)
(0.00257983 0.00261373 -5.93583e-21)
(0.00436226 0.00408285 -1.4762e-22)
(0.00436549 0.00408308 4.92872e-21)
(0.0041069 0.00379161 9.49207e-21)
(0.00436089 0.00408292 5.39841e-21)
(0.00436102 0.00408298 5.73414e-21)
(0.00270797 0.00279066 1.48798e-22)
(0.00436622 0.00408235 2.54133e-20)
(0.00436354 0.00408162 -1.46797e-22)
(0.00419478 0.00389973 -5.04986e-21)
(0.00436276 0.00408097 -5.34033e-21)
(0.00437565 0.00407433 -9.49737e-21)
(9.24994e-05 0.000479159 1.61638e-20)
(0.00112634 -2.03873e-05 0)
(0.0041299 0.0041582 -1.75299e-21)
(0.00443303 0.00442518 -8.18162e-21)
(0.00422583 0.00425327 -4.16363e-21)
(0.00414776 0.00413849 -1.22781e-20)
(3.50255e-05 -8.62905e-06 -1.16525e-20)
(0.000818729 8.37413e-05 -1.31635e-21)
(0.000383778 0.000509559 -1.20623e-20)
(0.000811555 0.000470421 8.73852e-22)
(0.000297758 0.000688533 0)
(0.0012318 0.000205343 -2.39625e-21)
(0.000532756 0.000289442 -4.26001e-21)
(0.000791191 0.000102807 -3.20752e-21)
(0.000129762 0.000155445 -1.91306e-20)
(0.000289165 0.000388173 0)
(0.000693799 0.000517664 4.18349e-25)
(0.000233197 0.000378563 8.67733e-21)
(0.000832366 1.86718e-05 -1.41636e-21)
(0.00126806 0.000505645 1.59876e-20)
(0.000181603 -0.000125873 1.3043e-21)
(0.000516847 0.000428868 2.53073e-20)
(4.36691e-05 3.09562e-06 2.67923e-20)
(0.00423406 0.00422867 4.78428e-21)
(0.00414171 0.00413611 -2.61081e-20)
(0.00424529 0.00423682 1.05234e-20)
(0.00426491 0.00373229 -1.66862e-20)
(0.00424876 0.00423864 1.31808e-20)
(0.00409862 0.00381307 9.53517e-21)
(0.00447151 0.00437728 0)
(0.00443138 0.00442038 -1.85211e-20)
(0.00443184 0.00441775 4.70694e-21)
(0.00441055 0.00444202 -6.30773e-21)
(0.00422169 0.00425235 4.15241e-21)
(0.00412918 0.00415865 9.08265e-21)
(0.00311868 0.00372175 9.71489e-21)
(0.000870819 0.000520131 0)
(0.00047864 6.48834e-05 2.93733e-21)
(0.000895894 0.000141922 0)
(2.08235e-05 9.66638e-07 0)
(4.50053e-05 -2.62249e-06 1.11526e-20)
(0.000665757 0.000340377 -3.90535e-21)
(2.90983e-05 4.49869e-06 3.93753e-20)
(0.000519636 0.00047074 2.24342e-21)
(0.00227524 0.00466449 5.65723e-21)
(3.95444e-05 -6.57904e-06 1.19535e-20)
(0.000817884 0.000206213 0)
(0.000406479 0.000479249 7.04841e-21)
(0.000185804 0.000136768 5.69732e-21)
(4.36008e-05 -1.10613e-06 -1.16501e-20)
(0.000168458 0.000548022 -1.70268e-20)
(0.000859635 8.4523e-05 -1.62372e-22)
(0.000196858 0.000568274 0)
(0.000255196 0.00076662 0)
(0.00411392 0.00379595 -3.97983e-21)
(0.00436021 0.00408516 8.01079e-21)
(0.00419633 0.0038742 9.0425e-21)
(0.00409061 0.00382318 -1.16579e-20)
(0.00382056 0.00337729 -8.90688e-21)
(0.00454278 0.00432333 -1.78995e-20)
(0.00409873 0.00382319 -4.50352e-20)
(0.00426836 0.00402574 2.81175e-21)
(0.00422122 0.00425311 -2.04339e-21)
(0.00440995 0.0044422 3.81734e-21)
(0.00425156 0.00423577 -6.86112e-21)
(0.00443492 0.00442598 1.90101e-20)
(0.00412522 0.00416232 -4.2626e-21)
(0.0044305 0.00441817 -4.5089e-21)
(0.00424665 0.00423756 2.17816e-20)
(0.00414136 0.00413636 4.96269e-21)
(0.00423445 0.00422914 -4.68912e-21)
(0.000574531 0.000511623 6.31336e-21)
(0.000826644 4.77422e-05 0)
(0.000447412 0.000146532 1.60217e-24)
(0.00110574 0.000831395 -8.66522e-21)
(0.000996417 0.000365269 3.45998e-21)
(0.00443753 0.00487831 -8.70209e-21)
(0.00438142 0.00404779 8.75975e-21)
(0.00419208 0.0042319 1.06444e-20)
(0.00416665 0.00411071 0)
(0.00439087 0.00405276 4.19867e-21)
(0.00420656 0.00388073 -2.075e-21)
(0.00418251 0.00390837 -1.31014e-20)
(0.00437061 0.00408138 2.42663e-20)
(0.00419294 0.00389678 0)
(0.00410028 0.00381225 1.04365e-20)
(0.00410784 0.00379026 -1.60247e-22)
(0.00418734 0.00390886 1.50739e-22)
(0.00437343 0.00407148 0)
(0.000684013 0.000357846 0)
(0.000695052 8.18008e-05 5.91799e-21)
(0.00274791 0.00326167 -1.82911e-22)
(0.00250308 0.00277327 -7.57813e-22)
(0.00295365 0.00346956 -1.53517e-22)
(0.00282415 0.00333809 -1.63969e-22)
(0.00265166 0.00294058 -6.88628e-22)
(0.00254458 0.00283003 0)
(4.30906e-05 -3.77334e-06 -3.47743e-22)
(0.000179436 0.000105247 0)
(0.000288714 0.000615452 0)
(3.23817e-05 2.24749e-06 -4.50826e-20)
(0.000181573 0.000395184 3.54331e-20)
(0.000639865 0.000387955 -2.9218e-20)
(6.1456e-05 0.000880568 6.45438e-21)
(3.9201e-05 3.73147e-06 1.78415e-25)
(0.000710789 0.000506843 -4.03928e-21)
(4.49367e-06 0.000100022 -9.49518e-21)
(2.16933e-05 3.18985e-05 -7.79404e-21)
(0.000900371 0.000195032 -6.32141e-21)
(7.83743e-05 0.00065421 1.22254e-21)
(0.000745588 0.000333978 6.66752e-21)
(0.00036751 0.000278564 3.14514e-23)
(0.000710536 0.00047236 9.52624e-21)
(0.00111274 0.000143439 0)
(0.00010315 0.000479648 -7.11994e-21)
(0.00010553 -0.000128904 -1.159e-21)
(0.000109634 0.000106039 -2.91061e-20)
(8.89194e-05 0.000126523 0)
(2.24365e-05 5.5001e-05 2.64557e-21)
(0.00432847 0.00443798 4.03968e-23)
(0.004141 0.00425265 1.1268e-22)
(0.000804248 2.0386e-05 -4.13357e-21)
(0.00331467 0.00332329 -1.89951e-20)
(3.48088e-05 -1.21505e-05 5.32247e-21)
(0.000457994 0.000156032 -1.53232e-20)
(0.00261078 0.00279588 3.4366e-20)
(2.28213e-05 -2.70305e-06 -6.14628e-21)
(0.000114369 0.000220899 -1.84793e-20)
(0.00432822 0.00414111 -1.16941e-21)
(0.00414469 0.00396464 -6.46847e-22)
(0.000216669 0.000109184 2.42401e-20)
(0.000141663 0.000135668 1.21274e-20)
(0.00168536 0.000493029 0)
(4.53216e-05 0.00011971 -2.76188e-21)
(0.00110864 0.000445726 0)
(0.000111639 0.000744317 0)
(0.000633641 0.000517168 2.12941e-21)
(3.74552e-05 4.98373e-06 -3.56148e-20)
(0.000258942 0.000488952 2.27379e-20)
(0.000429088 -0.000252429 3.07896e-20)
(0.000915733 -3.65994e-05 -4.67759e-20)
(3.97809e-05 4.6715e-06 -1.25654e-20)
(0.000108008 -5.7542e-05 1.00894e-20)
(0.000129917 0.000274888 0)
(0.0040537 0.00415842 5.52494e-22)
(0.00067889 0.00035672 -5.2311e-22)
(0.000948524 0.00040212 -1.28031e-20)
(0.00053964 0.000132913 -3.74855e-21)
(0.000628868 0.000386068 1.65973e-21)
(0.000162888 0.000345803 -5.01385e-20)
(0.0012072 0.000304223 1.55648e-20)
(2.16749e-05 -0.000387355 9.64977e-21)
(0.000136028 0.000144554 0)
(0.000580855 -5.96307e-05 -5.00608e-21)
(2.76791e-05 4.45016e-05 -2.68887e-21)
(0.00055616 0.000138737 2.56351e-20)
(5.08177e-05 -4.08172e-05 0)
(0.000849244 0.000111727 5.21635e-21)
(0.00023186 0.000445264 0)
(4.0413e-05 1.31763e-05 9.01113e-21)
(0.00052379 4.6672e-05 1.59446e-24)
(0.000321718 0.000520094 -1.15566e-20)
(0.00134581 0.000202005 0)
(0.00076672 0.000123432 -4.74983e-21)
(0.000994754 0.000427904 5.76285e-21)
(0.00288331 0.00293598 5.78332e-22)
(0.00293296 0.00301101 0)
(0.00307291 0.0031513 -9.59834e-22)
(6.72827e-05 -7.53799e-05 0)
(0.000859444 0.000166659 5.74288e-21)
(0.00399208 0.00426255 -3.06224e-20)
(0.00085989 0.000105183 8.52548e-22)
(2.89894e-05 0.000399957 -4.03233e-24)
(0.00143169 0.00076891 3.4578e-20)
(0.000699734 0.000270553 1.63241e-20)
(2.48135e-05 0.000534312 -7.40726e-21)
(0.000571786 0.000431342 -9.0445e-21)
(4.50666e-06 4.5448e-06 0)
(0.000636857 0.000478012 -4.55361e-21)
(2.62718e-05 -1.21538e-05 2.49862e-20)
(0.00341661 0.00375273 -3.19699e-20)
(2.59561e-05 6.97025e-05 4.94429e-21)
(0.000236868 0.00053926 -1.00138e-23)
(0.000845627 1.93047e-05 3.78258e-21)
(0.00037305 0.00135375 -3.4534e-22)
(0.000134348 9.20907e-05 0)
(0.000654298 0.000747906 -4.73746e-21)
(1.85957e-05 3.02403e-05 2.37868e-20)
(0.000613396 0.0010539 1.50026e-20)
(0.000143277 0.000568647 2.89728e-21)
(2.28043e-05 -1.20281e-05 -3.53996e-20)
(0.000147102 0.00046257 0)
(-0.000629469 0.000346279 -1.27273e-21)
(2.21993e-05 -1.23046e-06 1.4728e-20)
(0.000665181 0.00144102 2.91382e-21)
(9.48465e-05 0.000602049 1.09976e-21)
(0.000203406 0.000428893 -1.49767e-20)
(0.000842439 0.000533912 1.41548e-20)
(0.000456007 0.00021329 6.4213e-21)
(0.0020062 0.00267803 -1.38037e-20)
(0.000656789 0.000295916 3.84938e-21)
(1.77977e-05 2.82006e-05 6.40182e-21)
(0.000150821 0.000299379 -4.44579e-21)
(0.000478738 0.00109391 -9.4007e-21)
(4.55129e-05 0.000605477 0)
(0.000239428 0.000510297 0)
(1.99999e-05 9.07172e-06 -6.4197e-26)
(0.00086013 5.26913e-05 -3.92863e-21)
(0.000458748 0.00032462 -1.14773e-20)
(0.00069564 0.000416851 1.31974e-20)
(0.000863468 4.48214e-05 2.81799e-21)
(0.00146647 -0.00025845 0)
(0.000856087 0.000255053 2.92299e-22)
(0.00378073 0.0045753 1.00882e-20)
(3.74398e-05 0.000106293 -9.88605e-21)
(5.45996e-05 0.000157467 -1.01521e-20)
(0.000148785 0.000428191 0)
(-0.000461896 -0.000234528 0)
(0.000139425 0.00038204 2.15965e-20)
(0.000799829 0.000158565 -1.91e-20)
(0.00195575 0.00239736 6.27513e-23)
(0.00034252 0.000570714 1.42672e-20)
(0.000953555 0.00187882 0)
(0.000318455 0.0005741 -3.15285e-20)
(0.00306572 0.0030925 2.17259e-20)
(0.000689629 0.00049392 1.0853e-20)
(0.00242202 0.00180939 0)
(0.000665962 0.000134498 -1.57834e-20)
(1.71759e-05 -1.47198e-05 -6.8846e-21)
(0.00114588 0.000813607 1.95463e-20)
(0.000687188 0.000292658 0)
(0.000678859 0.000456049 0)
(0.000768307 0.000267171 -1.45674e-20)
(0.0042154 0.0040207 1.28639e-21)
(0.00402566 0.00385348 -4.95128e-22)
(0.00392784 0.00377757 -7.87094e-22)
(0.00103504 0.000536717 -5.86556e-21)
(4.00428e-06 1.34684e-05 0)
(4.43502e-05 9.98211e-05 0)
(0.00128504 0.0026754 -1.63797e-21)
(5.06189e-05 -5.08139e-05 -6.43874e-21)
(0.00411586 0.00445761 9.89348e-21)
(0.000120477 0.000247566 8.9564e-21)
(2.86699e-05 -2.58924e-05 5.95217e-21)
(0.000517911 0.000282787 1.19229e-20)
(0.00112983 0.00045719 1.13445e-20)
(0.000982525 0.00213469 6.32746e-21)
(0.00348358 0.00473225 -2.74699e-20)
(0.000883109 0.000168998 -1.21922e-20)
(0.000165296 0.000698136 0)
(0.00246075 0.00201296 -1.49253e-20)
(0.000519074 0.000505733 -4.45132e-21)
(0.000869669 0.000142492 -1.37545e-21)
(0.000552333 0.000429944 1.09819e-20)
(0.000445613 0.000244982 -1.33313e-21)
(3.04661e-05 5.41097e-05 2.39745e-21)
(0.000846484 -7.65546e-05 0)
(0.000216577 0.000769482 3.21451e-21)
(0.000904788 0.000407909 0)
(3.4544e-05 -3.07569e-06 3.98535e-20)
(0.00053356 0.000243242 -1.00107e-20)
(7.07556e-05 -5.70327e-05 8.49012e-21)
(0.000135593 -0.00016928 1.26227e-21)
(0.000682258 3.81143e-05 0)
(3.8054e-05 -2.23767e-05 -1.04292e-20)
(0.000651147 0.000448053 -2.22205e-21)
(0.000578637 0.000479974 1.16521e-20)
(0.00301034 0.00376247 7.91727e-21)
(0.000408203 8.371e-05 3.18195e-21)
(0.00111618 5.13541e-05 0)
(0.000131819 -8.33671e-05 -4.87836e-21)
(0.000597387 0.000418429 -4.3681e-21)
(0.00102757 0.000216703 7.96226e-21)
(0.000163872 0.000347808 2.03219e-20)
(6.58022e-06 8.05883e-05 9.56729e-21)
(0.00048571 0.000614908 1.41855e-20)
(0.00107937 8.09365e-05 -2.6324e-21)
(0.00104292 4.17348e-05 6.86293e-21)
(0.00105647 9.24915e-05 0)
(0.000355331 -4.23202e-05 1.23336e-24)
(0.000545678 0.000166722 0)
(0.000151627 0.000680316 -1.46527e-21)
(0.00086406 5.55049e-05 0)
(0.000378023 -0.000175725 -1.05698e-20)
(-1.63676e-05 0.000419203 -6.95829e-21)
(0.000821826 0.000170278 0)
(3.43822e-05 0.000746453 -1.2731e-21)
(0.000911099 9.6004e-05 -2.72714e-21)
(0.00394709 0.00378572 -7.23462e-22)
(0.00226116 0.00265153 -1.12465e-20)
(-0.000347322 0.000696975 -1.7065e-20)
(5.49824e-05 0.000201386 -2.42053e-20)
(0.000917431 0.000324083 -1.90707e-20)
(0.000682152 0.00049441 -5.84993e-21)
(2.09712e-05 0.000393773 -4.28819e-21)
(0.000868821 0.000274494 1.84605e-20)
(0.00087052 0.00024345 7.78428e-21)
(0.000413052 -0.000183475 0)
(0.00404541 0.00387316 0)
(0.00422321 0.00404579 1.24743e-21)
(0.000386279 0.000773802 -4.24278e-23)
(0.000606715 9.81449e-06 3.92236e-21)
(0.000721798 0.00010964 -2.98767e-20)
(0.00109403 9.86254e-05 -7.56619e-22)
(0.000723982 0.000289135 0)
(0.00285988 0.00232833 2.88952e-21)
(4.4291e-05 -3.04314e-05 1.35642e-21)
(1.32468e-05 1.18453e-05 2.55338e-21)
(0.0039966 0.00413252 -1.14807e-21)
(0.000704562 0.000334904 3.82827e-21)
(0.00109574 0.000130135 4.32453e-21)
(0.00408077 0.00422531 1.12686e-21)
(0.00426829 0.00441177 5.87968e-22)
(0.00101947 1.53734e-05 -5.44525e-25)
(0.000967283 0.00107181 9.67544e-21)
(0.000480498 0.00085014 -1.16968e-20)
(1.24202e-05 3.36372e-06 0)
(0.00352007 0.00419855 2.64039e-23)
(0.00123582 0.0028385 9.07973e-21)
(0.0024435 0.00230701 0)
(0.00255361 0.00241455 -3.25249e-22)
(0.00241066 0.00227821 -5.88745e-22)
(-0.000223814 0.00214624 3.00942e-22)
(2.47138e-05 1.57246e-05 -1.14217e-20)
(0.000899401 0.000139645 0)
(0.00179909 0.0017504 3.64617e-20)
(0.00110998 0.00267013 0)
(0.00208833 0.00226513 2.35957e-20)
(0.00278358 0.00244761 -1.00068e-20)
(-0.000321188 0.00350386 -1.28664e-20)
(0.000715472 -0.000657756 -4.57722e-20)
(0.000770106 0.000154524 3.98065e-20)
(0.00269934 0.00437583 -1.48825e-20)
(0.000304206 0.00075631 -2.08766e-21)
(0.000673218 0.000467103 0)
(0.00181621 0.00109162 -1.70561e-20)
(8.42233e-05 0.000166424 0)
(0.00268467 0.00231916 2.50119e-20)
(0.00132017 0.00111588 -1.55938e-20)
(0.00344656 0.00507676 0)
(0.000767219 0.000919115 1.65703e-20)
(0.000141768 -0.000367781 -1.48578e-21)
(0.00420153 0.00437619 1.20421e-22)
(0.00402021 0.00419178 3.73828e-22)
(0.000612532 0.000481431 -8.14802e-21)
(0.000982263 0.00052118 -8.5266e-21)
(0.000590173 0.000626487 -3.14402e-20)
(0.00247793 0.00337233 9.80866e-21)
(0.00269148 0.00406721 7.52241e-22)
(6.24337e-05 0.000163323 0)
(0.0039313 0.00410004 3.43572e-22)
(0.00242281 0.00145497 5.52988e-20)
(0.00215427 0.00194411 0)
(8.5256e-05 0.000194372 1.32125e-20)
(0.000102823 0.000205481 0)
(0.000865042 0.0017663 -3.75123e-20)
(0.000657797 0.000469208 2.28698e-21)
(0.00276941 0.00193397 -3.00674e-20)
(0.0011008 0.000259295 0)
(0.00231937 0.00114356 1.75406e-20)
(0.00313228 0.00571113 0)
(0.00349999 0.00521333 -9.08549e-21)
(0.00257799 0.00258058 1.15167e-22)
(0.00270653 0.00270424 1.11734e-22)
(0.00251914 0.00252468 -2.06526e-22)
(0.000636726 0.000461077 0)
(0.000638065 0.000485078 4.95209e-21)
(0.00316023 0.00448572 7.17775e-21)
(0.00272481 0.00271248 1.44745e-20)
(0.00261481 0.0039368 1.95253e-20)
(0.00243002 0.00482807 2.58097e-20)
(0.00147994 0.0043107 0)
(0.00200748 0.0034046 9.37113e-21)
(0.000606482 0.0017893 1.93442e-20)
(0.00360415 0.00403874 -2.08824e-22)
(0.00369917 0.00410541 0)
(0.00387256 0.00425925 -4.79518e-25)
(0.00257129 0.00284298 1.71649e-22)
(0.00268363 0.00292336 0)
(0.00287119 0.00307788 0)
(0.00014169 0.00330962 -9.9521e-21)
(0.00321818 0.00354356 6.94018e-22)
(0.00328083 0.00361255 1.98191e-22)
(0.00185891 0.000193625 4.55832e-21)
(0.00341519 0.00376432 2.23151e-22)
(0.00184012 0.00223539 -8.6659e-22)
(0.00246793 0.00268666 4.75468e-22)
(0.0018964 0.00228703 -4.48405e-22)
(0.00252908 0.00274104 4.43305e-22)
(0.00201611 0.00240665 -4.75247e-22)
(0.00266241 0.00286665 4.35288e-22)
)
;

boundaryField
{
    back
    {
        type            empty;
    }
    front
    {
        type            empty;
    }
    ingreso
    {
        type            fixedValue;
        value           uniform (0.000970309 0 0);
    }
    salida
    {
        type            zeroGradient;
    }
    defaultFaces
    {
        type            noSlip;
    }
}


// ************************************************************************* //
