/*--------------------------------*- C++ -*----------------------------------*\
  =========                 |
  \\      /  F ield         | OpenFOAM: The Open Source CFD Toolbox
   \\    /   O peration     | Website:  https://openfoam.org
    \\  /    A nd           | Version:  8
     \\/     M anipulation  |
\*---------------------------------------------------------------------------*/
FoamFile
{
    version     2.0;
    format      ascii;
    class       volScalarField;
    location    "1.2";
    object      p;
}
// * * * * * * * * * * * * * * * * * * * * * * * * * * * * * * * * * * * * * //

dimensions      [0 2 -2 0 0 0 0];

internalField   nonuniform List<scalar> 
7843
(
3.1973e-06
9.01367e-06
9.62304e-06
1.2571e-05
2.41938e-06
1.19356e-05
1.13235e-05
2.00798e-06
1.16579e-05
2.94243e-06
7.0484e-06
3.13598e-06
1.16412e-05
7.33831e-06
5.46848e-06
6.81851e-06
6.93984e-06
5.55919e-06
1.16701e-05
1.14427e-05
1.16381e-05
1.14318e-05
7.14917e-06
1.06544e-05
6.17526e-06
1.16385e-05
6.0304e-07
1.14361e-05
1.45058e-06
1.22105e-05
1.18685e-05
3.70602e-06
1.18629e-05
2.19337e-06
6.54338e-06
6.58189e-06
5.10671e-06
1.16466e-05
1.18966e-05
9.87117e-06
5.35578e-06
7.84482e-06
2.45687e-06
8.88603e-06
1.1662e-05
1.1334e-05
7.23742e-06
1.11241e-05
9.55853e-06
1.16612e-05
1.1655e-05
8.76548e-06
4.18388e-06
1.13935e-05
2.73805e-06
1.16632e-05
1.12141e-05
1.16949e-05
1.33031e-06
1.16078e-05
2.2265e-06
1.15169e-05
1.12616e-05
1.18759e-05
8.04376e-07
6.98633e-06
6.9751e-06
1.16628e-05
1.14088e-05
2.1114e-06
1.16959e-05
3.93626e-06
1.0229e-05
1.16408e-05
1.1676e-05
6.63136e-06
2.56878e-06
2.34179e-06
3.22123e-06
1.28266e-05
1.1761e-05
1.11465e-06
7.46927e-06
1.16146e-05
2.97887e-06
3.03588e-06
1.15065e-05
1.55116e-06
1.17212e-05
1.13508e-05
1.1639e-05
8.19369e-06
1.16686e-05
1.1802e-05
1.15513e-05
3.64976e-06
1.16629e-05
4.66056e-07
1.16017e-05
6.77282e-06
6.08795e-07
4.5331e-07
1.14219e-05
1.21007e-06
1.1565e-05
1.06375e-05
1.16596e-05
1.16669e-05
1.04351e-05
8.41641e-06
1.37687e-06
1.13003e-05
1.15636e-05
3.48064e-06
1.15617e-05
1.0403e-05
1.1697e-05
2.14385e-06
1.15921e-05
8.53299e-06
2.5435e-06
2.10058e-06
7.54094e-06
2.21475e-06
1.1691e-05
1.11779e-05
7.86031e-06
1.07506e-05
1.04676e-05
1.19816e-05
8.30733e-06
1.14272e-05
1.16225e-05
2.64006e-06
9.91314e-06
4.98297e-06
1.25834e-05
1.10161e-05
5.2313e-06
1.66264e-06
1.17066e-05
1.05817e-05
1.16745e-05
1.17697e-05
1.16614e-05
1.17537e-05
7.70362e-06
1.00519e-05
1.09195e-05
1.08485e-05
2.96935e-06
1.13422e-05
1.18142e-05
8.86209e-06
7.32245e-06
6.97926e-06
1.16013e-05
1.14543e-05
9.34471e-06
4.36766e-06
1.16524e-05
7.21981e-06
1.14736e-05
7.45095e-06
8.96266e-06
1.88732e-06
1.1677e-05
2.12814e-07
4.13364e-06
7.67901e-06
1.6291e-06
8.60809e-06
7.91131e-06
1.15066e-05
8.26163e-06
1.1652e-05
1.25863e-06
1.16712e-05
7.57691e-06
3.03792e-06
2.87654e-06
2.40556e-06
1.16446e-05
9.48146e-06
6.8543e-06
1.12431e-05
1.16579e-05
1.11611e-05
3.62975e-06
1.13005e-05
3.82085e-06
4.06463e-06
1.20673e-05
1.16802e-05
7.92925e-06
1.16404e-05
1.16366e-05
1.15098e-05
1.77337e-06
1.01839e-05
8.64937e-06
1.4397e-06
8.08166e-06
3.32122e-06
1.013e-06
1.16436e-05
1.22511e-06
1.1646e-05
1.16367e-05
8.64343e-06
1.10879e-05
8.53425e-06
1.02974e-05
5.86773e-06
7.67611e-06
1.03099e-05
1.16839e-05
3.28002e-06
1.16543e-05
1.14054e-05
1.15477e-05
1.13134e-05
2.35986e-07
9.08568e-06
1.11197e-05
1.18597e-05
1.14795e-05
6.86322e-06
9.2131e-06
1.14832e-05
1.11179e-05
1.16605e-05
1.1662e-05
2.62963e-06
1.14114e-05
7.79413e-06
2.76109e-06
1.08936e-05
7.20554e-06
6.53223e-07
3.2606e-06
4.74578e-06
3.148e-06
5.23737e-06
1.12125e-05
7.46117e-06
1.18547e-05
1.16609e-05
8.04897e-06
6.82645e-06
1.21725e-05
1.16602e-05
3.50133e-06
8.02928e-06
9.90205e-06
3.48372e-06
1.10037e-05
7.9118e-06
8.61724e-07
1.1778e-05
1.18297e-05
1.1382e-05
6.53018e-07
8.38272e-06
3.14835e-06
1.13212e-05
1.16459e-05
8.7253e-06
1.16611e-05
1.07752e-05
1.17113e-05
1.16607e-05
1.16406e-05
1.10915e-05
8.7371e-06
1.15272e-05
3.84148e-06
2.52252e-06
1.12291e-05
8.0648e-06
1.78709e-06
8.14709e-06
8.42076e-06
1.15267e-05
1.19353e-05
1.16362e-05
1.13862e-05
7.91726e-06
1.55382e-06
8.96851e-06
1.16594e-05
1.17648e-05
1.20543e-05
2.8294e-06
1.11719e-05
4.74084e-06
4.82633e-06
1.16482e-05
1.07884e-05
9.62863e-06
1.09554e-05
1.14344e-05
4.63188e-06
4.24435e-06
1.15152e-05
1.12344e-05
1.16585e-05
1.01942e-05
1.12719e-05
1.11967e-05
1.12557e-05
1.07809e-05
1.17136e-05
1.17136e-05
1.16679e-05
1.15374e-05
8.84284e-06
7.37512e-06
1.17275e-05
4.89718e-06
1.16503e-05
1.16631e-05
8.3772e-06
8.50007e-06
1.13019e-05
1.09507e-05
1.1781e-05
1.15647e-05
1.10818e-05
1.16456e-05
4.43289e-06
8.26519e-06
1.22119e-05
1.18519e-05
1.08183e-05
1.13608e-05
5.29422e-07
4.4202e-06
1.0321e-05
1.13988e-05
1.13279e-05
3.99148e-06
1.16573e-05
6.56101e-07
1.10806e-05
5.97769e-07
4.26485e-06
1.18114e-05
1.12407e-05
7.11007e-07
1.20303e-05
4.34474e-06
1.16628e-05
1.16836e-05
3.33286e-06
1.16541e-05
1.12959e-05
1.12698e-05
3.45099e-06
8.75366e-06
1.21453e-05
8.85733e-06
1.16838e-05
1.25013e-05
1.20759e-05
4.0747e-06
9.53819e-06
1.18439e-05
1.15369e-05
9.1905e-06
9.41765e-06
1.18485e-05
3.31412e-06
1.1486e-05
2.29234e-06
1.18647e-05
8.02836e-06
7.06857e-06
7.054e-06
1.26579e-05
8.15527e-06
1.14274e-05
1.20323e-05
1.12734e-05
1.08807e-06
4.07501e-06
7.16735e-06
1.16437e-05
4.68246e-07
5.68157e-06
6.96054e-06
1.15922e-05
1.15908e-05
1.16406e-05
1.13971e-05
4.61381e-06
1.16572e-05
1.15694e-05
1.17225e-05
2.18712e-06
2.69833e-06
1.16567e-05
1.16421e-05
1.07126e-07
9.65598e-06
9.47973e-06
9.10181e-06
1.00231e-05
1.16559e-05
1.10406e-05
1.18675e-05
3.74123e-06
1.00033e-05
1.16006e-05
9.77434e-06
1.18048e-05
1.16563e-05
9.85218e-06
8.61821e-06
8.49271e-06
1.17344e-05
1.11606e-05
1.16469e-05
3.64908e-06
7.00802e-07
4.27548e-07
1.13572e-05
6.83791e-07
1.19242e-05
1.12636e-05
1.16623e-05
1.16562e-05
4.09437e-06
1.16656e-05
1.07907e-05
1.09389e-05
1.1562e-05
9.21308e-06
4.98858e-06
1.16588e-05
3.08334e-06
1.15748e-05
1.19052e-05
1.16556e-05
9.92297e-06
1.18139e-05
1.11952e-05
1.03194e-05
1.17444e-05
9.67125e-06
1.7244e-06
1.75915e-06
1.15778e-05
1.17747e-05
1.15605e-05
4.5991e-06
4.29254e-06
1.15506e-05
9.99705e-06
1.16536e-05
1.14575e-05
1.29351e-06
3.83719e-07
1.72021e-07
1.14587e-05
5.87408e-07
1.13819e-05
1.12547e-05
1.1635e-05
1.12131e-05
4.65272e-06
1.4975e-06
1.1651e-05
1.16446e-05
1.13767e-05
3.30575e-06
9.60514e-06
1.16415e-05
1.10734e-05
9.07274e-06
1.16023e-05
1.15048e-05
1.18223e-05
1.15722e-05
1.12842e-05
1.14311e-05
4.51977e-06
9.99549e-06
6.00393e-08
1.20294e-06
7.68932e-06
9.79607e-06
1.16544e-05
3.43564e-06
1.14946e-05
1.25402e-05
2.44358e-07
8.79331e-08
1.15475e-05
1.16505e-05
4.8622e-06
1.16593e-05
1.94889e-06
1.06349e-05
3.70372e-06
2.40717e-06
1.83543e-06
1.16517e-05
3.54651e-06
9.94162e-06
1.16619e-05
1.2093e-05
5.11715e-06
4.77231e-06
1.12822e-05
9.3123e-06
1.10365e-05
1.22557e-05
1.15996e-05
1.14342e-05
1.04357e-05
1.0836e-05
3.56289e-06
8.97925e-06
1.1557e-05
9.89572e-06
9.09497e-06
1.15601e-05
1.08937e-05
1.16666e-05
1.16361e-05
1.16494e-05
8.17392e-06
1.16509e-05
1.15337e-05
1.14237e-05
1.14666e-05
1.16539e-05
8.71469e-06
1.15693e-05
3.58647e-06
1.16191e-05
8.58685e-06
9.62425e-07
9.36149e-06
1.16194e-05
1.2855e-06
3.77488e-06
6.74832e-06
8.14506e-06
1.15912e-05
9.69239e-06
1.19149e-05
1.14316e-05
1.1285e-05
8.29565e-06
1.01385e-05
1.12386e-05
1.16573e-05
2.72926e-06
1.01395e-05
8.63259e-06
9.84191e-06
7.05145e-06
1.24586e-05
2.06298e-06
1.16296e-05
2.86901e-06
5.78253e-06
1.10858e-05
9.49399e-06
4.11675e-06
1.43971e-06
1.19573e-05
1.11064e-05
1.0068e-05
7.98206e-06
1.15626e-05
1.17716e-05
1.12016e-06
1.16117e-05
1.19783e-05
2.2673e-06
1.19018e-05
1.16545e-05
1.15982e-05
1.13634e-05
9.27994e-06
1.16605e-05
1.16502e-05
1.13772e-05
1.14907e-05
1.16365e-05
5.49943e-06
1.1247e-05
2.83161e-06
1.16287e-05
9.78517e-06
1.16438e-05
1.1866e-05
1.145e-05
1.16588e-05
2.90113e-06
4.48636e-08
1.82546e-07
9.83247e-06
9.05684e-06
6.55275e-06
4.76678e-06
1.15397e-05
1.16537e-05
8.26582e-06
1.03075e-05
1.11464e-05
5.24767e-06
9.08141e-06
1.16385e-05
5.88145e-06
8.94224e-06
1.15184e-05
1.16606e-05
1.1739e-05
7.83016e-06
1.1112e-05
1.16249e-05
1.13188e-05
1.12366e-05
1.18245e-05
1.12547e-05
9.69514e-06
1.11459e-05
1.10949e-05
1.05165e-05
6.80843e-06
1.13743e-05
5.6081e-07
1.15229e-05
1.16437e-05
1.16352e-05
1.14439e-05
1.11317e-05
1.1004e-05
9.88035e-06
7.32158e-06
7.40747e-06
1.50863e-06
1.11915e-05
6.13655e-06
1.11884e-05
1.19602e-05
1.16518e-05
1.16459e-05
1.15917e-05
1.11875e-05
1.1046e-05
1.171e-05
1.15326e-05
1.15011e-05
8.33285e-06
5.40322e-06
9.8822e-06
1.15991e-05
1.16591e-05
1.15155e-05
1.61303e-06
1.16781e-05
1.12866e-05
1.15721e-05
4.4843e-06
2.86821e-06
1.10513e-05
9.94594e-06
5.53478e-06
1.11493e-05
1.16721e-05
1.10892e-05
9.62436e-06
1.17119e-05
1.13363e-05
9.35424e-06
1.16576e-05
7.23055e-06
1.16447e-05
8.18496e-06
1.1388e-05
1.20344e-05
2.17625e-06
1.14569e-05
1.1869e-05
1.12048e-05
7.20012e-06
4.24116e-06
9.48724e-06
6.03539e-06
1.09761e-05
1.11976e-05
1.17127e-05
1.1546e-05
6.26245e-06
1.12113e-05
1.10748e-05
2.09008e-06
1.18208e-05
1.02641e-05
2.8794e-06
1.16976e-05
1.16507e-05
1.16261e-05
1.13162e-05
1.16526e-05
5.65723e-06
1.16415e-05
1.23685e-06
1.14909e-05
8.45637e-07
1.16259e-05
1.257e-05
7.79496e-06
1.16712e-05
9.77642e-06
1.20517e-05
1.16927e-05
1.17537e-05
6.35289e-06
2.58724e-06
1.10338e-05
1.14457e-05
1.13289e-05
1.16389e-05
1.13198e-05
1.17292e-05
1.16344e-05
8.25584e-06
1.12494e-05
1.66269e-06
4.49159e-06
1.04589e-06
9.80269e-06
1.05057e-05
1.16078e-05
9.55091e-06
9.939e-07
1.18362e-05
1.14518e-05
1.16441e-05
1.15813e-05
1.11155e-05
1.13994e-05
1.13434e-05
1.12378e-05
1.12466e-05
1.10604e-05
1.16401e-05
1.10317e-05
5.91737e-07
1.03497e-05
1.14693e-05
1.12674e-05
3.07587e-06
1.14534e-05
1.16124e-05
1.15246e-05
1.10729e-05
3.47011e-06
1.16537e-05
1.19726e-05
1.14368e-05
1.14285e-05
1.12851e-05
1.15413e-05
1.14535e-06
1.16555e-05
1.16393e-05
6.50805e-06
1.9213e-06
4.21082e-06
1.71013e-06
1.24613e-05
1.10553e-05
1.16876e-05
9.9525e-06
1.19725e-05
1.59171e-06
1.03802e-05
1.23974e-06
1.16567e-05
1.13594e-05
1.16641e-05
1.5259e-06
1.13442e-05
1.12817e-05
1.18327e-05
1.0755e-05
1.16442e-05
1.09353e-05
1.13333e-05
1.16416e-05
1.1801e-05
1.14073e-05
1.1397e-05
1.16421e-05
1.14466e-05
1.02052e-05
5.3727e-06
1.12768e-05
4.36801e-06
1.17135e-05
1.16396e-05
1.12007e-05
8.07968e-06
1.17168e-05
3.58208e-06
1.16455e-05
1.08351e-05
2.09825e-06
1.10095e-06
1.12999e-05
1.1583e-05
3.70646e-06
1.14464e-05
1.11062e-05
1.18463e-05
1.13885e-05
1.14168e-05
7.56729e-06
1.14631e-05
1.09281e-05
1.1434e-05
1.1237e-05
1.16959e-05
1.12903e-05
1.09672e-05
1.13085e-05
6.26324e-06
4.11833e-06
1.13071e-05
1.16604e-05
1.1583e-05
8.17288e-07
1.15995e-05
4.21892e-06
1.149e-05
1.16539e-05
2.00941e-06
1.16343e-05
1.17027e-05
1.12854e-05
1.16628e-05
2.29345e-06
9.57121e-06
1.20338e-05
1.14694e-05
1.13178e-05
1.12148e-05
1.15199e-05
2.41799e-06
1.06202e-05
1.10342e-05
1.17464e-05
1.04475e-05
1.18435e-05
1.13936e-05
1.11385e-05
9.4159e-06
1.13481e-05
1.17498e-05
1.14519e-05
9.18649e-07
1.16673e-05
1.11131e-05
1.14544e-05
1.10181e-05
1.15454e-05
1.16507e-05
1.12819e-05
1.07654e-05
1.14666e-05
1.09464e-05
1.16601e-05
1.16279e-05
1.18425e-05
1.17573e-05
1.05946e-05
1.16562e-05
1.0839e-05
1.18545e-05
8.43729e-06
2.37156e-06
1.0498e-05
7.80538e-06
1.11476e-05
1.07278e-05
1.16575e-05
1.16508e-05
1.13985e-05
1.13319e-05
1.13514e-05
9.59775e-06
9.4531e-06
1.15352e-05
1.16883e-05
1.10923e-05
1.00456e-05
1.17933e-05
1.13801e-05
1.14608e-05
1.13893e-05
1.16273e-05
1.13122e-05
3.39607e-06
1.166e-05
1.00627e-05
2.77479e-06
1.26122e-05
2.6688e-06
1.15092e-05
1.13673e-05
1.16885e-05
1.15966e-05
1.12658e-05
7.95265e-06
1.14885e-05
8.96847e-06
1.18623e-05
1.16909e-05
1.15223e-05
2.54361e-06
1.15008e-05
6.69423e-06
1.157e-05
1.14588e-05
9.1602e-06
1.13966e-05
6.54854e-06
1.03705e-05
1.13187e-05
1.14694e-05
1.19266e-05
1.37582e-06
1.55957e-06
1.1401e-05
1.12392e-05
1.14816e-05
1.15522e-05
6.39061e-06
1.11704e-05
4.24515e-07
1.0271e-06
1.14117e-05
1.16308e-05
1.18261e-05
1.02009e-05
1.15359e-05
1.17993e-05
3.21427e-06
1.19612e-05
1.20759e-05
1.16563e-05
2.12816e-06
1.14333e-05
1.17387e-05
1.96733e-06
1.16137e-05
1.15626e-05
1.13148e-05
1.02097e-05
1.17833e-05
8.60633e-07
1.14673e-05
1.16427e-05
1.15502e-05
1.16755e-05
3.63785e-06
3.49666e-06
1.10993e-05
1.17045e-05
1.16449e-05
1.14863e-05
1.16548e-05
1.13373e-05
1.01679e-05
1.18059e-05
1.15592e-05
1.14408e-05
1.18403e-05
1.04977e-05
1.16222e-05
1.14938e-05
1.1457e-05
2.57773e-06
1.16398e-05
1.15459e-05
1.15505e-05
1.16104e-05
1.14999e-05
1.17345e-05
1.15254e-05
7.28528e-06
3.58942e-06
1.16659e-05
1.16509e-05
1.00459e-05
1.05222e-05
1.17222e-05
1.16426e-05
1.15557e-05
1.12593e-05
1.15158e-05
1.12677e-05
1.15199e-05
1.17308e-05
1.18202e-05
1.0552e-05
1.05576e-05
1.14654e-05
1.14326e-05
1.17975e-05
9.17341e-06
1.14512e-05
1.15644e-05
1.11618e-05
1.13958e-05
1.15614e-05
1.15984e-05
1.17811e-05
1.16307e-05
9.94565e-06
1.1302e-05
1.16653e-05
1.1649e-05
1.15785e-05
3.16528e-06
1.15167e-05
1.15312e-05
1.15277e-05
1.14735e-05
1.16601e-05
1.16851e-05
1.02361e-05
1.14942e-05
1.00001e-05
1.12004e-05
1.13035e-05
9.83015e-06
1.33431e-06
1.15944e-05
1.14839e-05
1.13685e-05
1.19606e-05
1.16202e-05
1.24489e-05
1.03823e-05
1.19898e-05
1.15443e-05
1.12675e-05
9.60846e-06
3.96528e-06
1.20559e-05
1.43609e-06
1.20401e-05
1.16518e-05
1.16923e-05
1.16411e-05
9.83974e-06
1.16922e-05
1.17633e-05
1.163e-05
1.01132e-05
1.16302e-05
1.07497e-05
1.16465e-05
9.47995e-06
1.08031e-05
1.17774e-05
1.09825e-05
9.28537e-06
1.17254e-05
9.23708e-06
1.26454e-05
1.18836e-05
1.19278e-05
1.16588e-05
1.01786e-05
1.25731e-05
1.16465e-05
8.46021e-06
1.14549e-05
1.25932e-05
1.16557e-05
1.16748e-05
1.16301e-05
1.13031e-05
1.16159e-05
1.14889e-05
1.11016e-05
9.34995e-06
1.16378e-05
1.16264e-05
9.35849e-06
1.18049e-05
1.15467e-05
9.89648e-06
7.56447e-06
1.19018e-05
4.34274e-06
1.15961e-05
1.16441e-05
1.16545e-05
1.1848e-05
1.19445e-05
1.16543e-05
1.16026e-05
1.16737e-05
9.57314e-06
9.30769e-06
5.24498e-06
1.15738e-05
1.08373e-05
8.86257e-06
1.16309e-05
1.14639e-05
1.17087e-05
1.1668e-05
1.16104e-05
1.04574e-05
1.16774e-05
1.16168e-05
1.19724e-05
1.16669e-05
1.1922e-06
1.12743e-05
1.16695e-05
3.04018e-06
7.69966e-06
9.83478e-06
7.38298e-07
1.15491e-05
1.15316e-05
1.16278e-05
1.02348e-05
1.16691e-05
1.16525e-05
2.75332e-06
6.00907e-06
1.0133e-05
1.16774e-05
1.15914e-05
1.15822e-05
1.01291e-05
1.13222e-05
1.17349e-05
1.19888e-05
1.1652e-05
9.44979e-06
1.15871e-05
9.88159e-06
7.82594e-06
1.14266e-05
1.12726e-05
2.24638e-06
1.15844e-05
8.60791e-06
1.16771e-05
9.69653e-06
1.17498e-05
1.1648e-05
3.25832e-06
1.16431e-05
9.08315e-06
1.16011e-05
1.16288e-05
1.14167e-05
1.16608e-05
6.67521e-06
1.16403e-05
1.16071e-05
1.16472e-05
1.15129e-06
1.13429e-05
1.16531e-05
1.16631e-05
1.12076e-05
1.15124e-05
8.84145e-06
1.3412e-06
1.16557e-05
1.15089e-05
1.17812e-05
1.16634e-05
1.17237e-05
1.15517e-05
1.14167e-05
1.00096e-05
1.15493e-05
1.02363e-05
1.16418e-05
6.31414e-06
1.16021e-05
1.14915e-05
8.98849e-06
1.11079e-05
1.20477e-05
1.12642e-05
1.14813e-05
1.17623e-05
1.16542e-05
1.16478e-05
9.11344e-06
1.16592e-05
1.16521e-05
1.16391e-05
4.97515e-06
1.12915e-05
9.66611e-06
1.18934e-05
6.51807e-06
1.16601e-05
1.16987e-05
1.10994e-05
9.83156e-06
9.30284e-06
1.16167e-05
9.90238e-06
8.93719e-06
1.15854e-05
1.15894e-05
8.97984e-06
9.6214e-06
1.16517e-05
1.1573e-05
9.49751e-06
8.22471e-06
1.16647e-05
3.46368e-06
1.19105e-05
1.12699e-05
1.16366e-05
1.12777e-05
1.1976e-05
1.16618e-05
1.11415e-05
1.16736e-05
1.01779e-06
1.16604e-05
1.1265e-05
1.16462e-05
9.74859e-06
1.0013e-05
1.00175e-05
9.86357e-06
1.17571e-05
1.26131e-05
1.15757e-05
1.17217e-05
1.12432e-05
1.16517e-05
8.94391e-06
1.16514e-05
1.16496e-05
1.13307e-05
1.16565e-05
1.15402e-05
9.79178e-06
9.70989e-06
1.16529e-05
1.16601e-05
1.1523e-05
3.08736e-06
1.19068e-05
9.90724e-06
1.16588e-05
1.15751e-05
1.16879e-05
1.16664e-05
1.2495e-05
1.00251e-05
1.16328e-05
9.54512e-06
1.16646e-05
1.16421e-05
1.16473e-05
9.9909e-06
1.16535e-05
2.91631e-06
1.16515e-05
9.75564e-06
1.03406e-05
1.16564e-05
1.16521e-05
1.13623e-05
9.2284e-06
1.20312e-05
9.88136e-06
1.16551e-05
1.16565e-05
1.16604e-05
1.16216e-05
1.16379e-05
9.88161e-06
1.03652e-05
9.72946e-07
1.20646e-05
1.10174e-06
1.15138e-05
1.1612e-05
1.16352e-05
1.16625e-05
1.09344e-05
1.13526e-05
1.15819e-05
1.16712e-05
1.1603e-05
1.09582e-05
9.60708e-06
1.02945e-05
8.82433e-06
1.16856e-05
1.16385e-05
1.16411e-05
1.15845e-05
1.16279e-05
1.25543e-05
9.91734e-06
1.16185e-05
1.16444e-05
1.16525e-05
1.16375e-05
1.14781e-05
1.15988e-05
1.15685e-05
1.16184e-05
1.05619e-05
9.84298e-06
1.20532e-05
9.45824e-06
1.17331e-05
1.19988e-05
1.16266e-05
1.16544e-05
6.86818e-06
1.15842e-05
8.96427e-06
1.14405e-05
9.90238e-06
1.16536e-05
1.16469e-05
9.85796e-06
1.08905e-05
1.13177e-05
9.78586e-06
1.15013e-05
1.16522e-05
1.1649e-05
9.10126e-06
9.60345e-06
1.27148e-05
1.16055e-05
1.00817e-05
1.16317e-05
1.16588e-05
1.21837e-05
1.02736e-05
1.15964e-05
1.16512e-05
1.16506e-05
1.16716e-05
1.16099e-05
1.13506e-05
1.16629e-05
1.16527e-05
1.17275e-05
1.16436e-05
1.20385e-05
1.16368e-05
3.86581e-06
1.16497e-05
9.75055e-06
1.16517e-05
9.66529e-06
1.1608e-05
1.16557e-05
1.25253e-05
1.17143e-05
1.20498e-05
1.16499e-05
1.16466e-05
1.26037e-05
1.1634e-05
1.16636e-05
1.16645e-05
1.16434e-05
1.16262e-05
1.12135e-05
9.39501e-06
1.16171e-05
1.16463e-05
1.16481e-05
1.16129e-05
1.50263e-06
8.98556e-06
1.16566e-05
1.20039e-05
1.16521e-05
1.16546e-05
1.16562e-05
1.16556e-05
9.46481e-06
9.78771e-06
1.16635e-05
1.09107e-05
7.58942e-06
1.16555e-05
8.6806e-06
1.15987e-05
1.15857e-05
9.33065e-06
1.25868e-05
1.16627e-05
1.16329e-05
1.16542e-05
1.16319e-05
1.16465e-05
1.16532e-05
1.16533e-05
1.16599e-05
1.12507e-05
1.15463e-05
9.51164e-06
9.74511e-06
1.16533e-05
1.16533e-05
1.16323e-05
8.6039e-06
9.40681e-06
1.15871e-05
1.16566e-05
1.16508e-05
8.73158e-06
1.16407e-05
1.2438e-05
1.16542e-05
9.49534e-06
1.10322e-05
1.16733e-05
1.16602e-05
1.18046e-06
1.16521e-05
1.16675e-05
1.16524e-05
1.16623e-05
1.16536e-05
8.89867e-06
1.1666e-05
9.5304e-06
1.22111e-05
1.16251e-05
1.24445e-05
1.16454e-05
1.1802e-05
1.16599e-05
1.16816e-05
1.16487e-05
1.17755e-05
1.16284e-05
1.16618e-05
1.16324e-05
9.5838e-06
9.65381e-06
1.16578e-05
1.16872e-05
1.16383e-05
1.16516e-05
1.16545e-05
1.16566e-05
1.16516e-05
1.16562e-05
1.12584e-05
1.16433e-05
1.15331e-05
1.07309e-05
1.16591e-05
1.12581e-05
1.16413e-05
1.16341e-05
8.54848e-06
1.16299e-05
9.60711e-06
1.16572e-05
1.1634e-05
1.16561e-05
8.63582e-06
1.16491e-05
1.1641e-05
1.16594e-05
1.16342e-05
1.1644e-05
1.16455e-05
1.16541e-05
1.16354e-05
1.16328e-05
1.14441e-05
8.7454e-06
1.16596e-05
1.16544e-05
1.16546e-05
9.67179e-06
2.82849e-06
1.1646e-05
1.16332e-05
1.21195e-05
1.16597e-05
1.16482e-05
1.15916e-05
1.25636e-05
1.16276e-05
1.21091e-05
1.163e-05
1.16496e-05
1.16588e-05
1.16445e-05
1.16082e-05
9.70425e-06
1.16341e-05
1.16414e-05
9.33143e-06
1.16415e-05
1.16267e-05
1.17374e-05
1.00147e-05
3.83889e-06
9.54847e-06
1.16685e-05
1.01491e-05
1.16786e-05
9.46005e-06
1.16314e-05
8.69486e-06
9.92639e-06
1.16352e-05
9.65618e-06
1.16345e-05
1.15928e-05
1.16107e-05
1.30825e-06
8.521e-06
1.16417e-05
9.57141e-07
1.1634e-05
1.166e-05
9.6473e-06
1.16349e-05
9.34856e-06
1.16523e-05
1.24558e-05
1.1654e-05
1.16513e-05
1.16243e-05
1.1642e-05
1.16437e-05
1.16537e-05
1.16516e-05
9.76118e-06
9.25927e-06
1.16519e-05
1.16614e-05
9.20965e-06
1.16212e-05
1.16511e-05
1.16517e-05
1.09261e-05
1.16479e-05
9.56492e-06
1.16478e-05
1.16629e-05
1.16512e-05
3.20968e-06
9.68738e-06
1.16315e-05
8.4171e-06
1.16308e-05
5.95863e-06
1.16275e-05
1.20512e-05
1.16536e-05
1.16491e-05
1.16402e-05
9.35419e-06
1.16359e-05
1.16348e-05
1.16457e-05
1.16511e-05
1.16583e-05
1.16393e-05
1.16384e-05
9.77626e-06
8.47831e-06
1.16542e-05
1.16467e-05
1.161e-05
9.5559e-06
1.16294e-05
1.23397e-05
1.24673e-05
1.16412e-05
1.1639e-05
1.16284e-05
1.19845e-05
9.20162e-06
9.31856e-06
1.16264e-05
1.13288e-05
1.16254e-05
1.16458e-05
1.16578e-05
1.16485e-05
1.1643e-05
1.16516e-05
1.16461e-05
8.79988e-06
1.16515e-05
1.16212e-05
9.19915e-06
1.16286e-05
1.16594e-05
1.16322e-05
1.16473e-05
1.16473e-05
9.33995e-06
1.16515e-05
1.1618e-05
8.35731e-06
1.16489e-05
1.16478e-05
9.21149e-06
1.16239e-05
9.27089e-06
1.16501e-05
1.16519e-05
1.16376e-05
9.48234e-06
1.16551e-05
1.16508e-05
1.16407e-05
1.1579e-05
8.84961e-06
9.2043e-06
1.16412e-05
1.1636e-05
1.16516e-05
1.16095e-05
1.15925e-05
1.16526e-05
1.16738e-05
1.16297e-05
1.16322e-05
9.40956e-06
1.16343e-05
1.16347e-05
1.16338e-05
1.16075e-05
1.16397e-05
9.67866e-06
9.09321e-06
1.15828e-05
9.3229e-06
1.1631e-05
1.16519e-05
1.16368e-05
1.15949e-05
1.1639e-05
9.07195e-06
1.16591e-05
9.61225e-06
1.16535e-05
8.28282e-06
1.16351e-05
1.13315e-05
1.16405e-05
1.16447e-05
1.16294e-05
1.16252e-05
1.16461e-05
1.16383e-05
1.16414e-05
1.16385e-05
9.09074e-06
1.27532e-05
1.16531e-05
1.16095e-05
1.16558e-05
1.16352e-05
1.16563e-05
1.15963e-05
1.16477e-05
1.1644e-05
1.16631e-05
1.16366e-05
9.41173e-06
9.44031e-06
8.88367e-06
4.10445e-06
1.16421e-05
1.1639e-05
1.16251e-05
9.0811e-06
1.16104e-05
1.16083e-05
8.28991e-06
9.51063e-06
9.32674e-06
9.53258e-06
1.16451e-05
9.78313e-06
1.16353e-05
3.33838e-06
1.16355e-05
1.1635e-05
1.16048e-05
1.16418e-05
2.36183e-06
1.16359e-05
1.16222e-05
1.16097e-05
1.16359e-05
1.1639e-05
1.16372e-05
9.13834e-06
1.16013e-05
1.16189e-05
9.16798e-07
1.1636e-05
1.16336e-05
1.16539e-05
1.16553e-05
1.16551e-05
1.16081e-05
1.16481e-05
1.16487e-05
1.16018e-05
1.1652e-05
1.16253e-05
1.16523e-05
1.16432e-05
1.15845e-05
9.13836e-06
1.16136e-05
1.16384e-05
1.16475e-05
1.16447e-05
1.16438e-05
1.16384e-05
1.16296e-05
1.16731e-05
9.02107e-06
1.16016e-05
1.18991e-05
1.16298e-05
8.90315e-06
1.16539e-05
1.15965e-05
8.94458e-06
9.08253e-06
1.16409e-05
9.33638e-06
1.16302e-05
9.18289e-06
1.10953e-05
8.17023e-06
8.97238e-06
1.16283e-05
2.24778e-06
1.16251e-05
1.16516e-05
9.0109e-06
1.16396e-05
8.78666e-06
1.1612e-05
1.1653e-05
1.16508e-05
1.16197e-05
9.21098e-06
9.2768e-06
1.16492e-05
1.167e-05
9.43681e-06
9.32387e-06
9.14521e-06
9.10529e-06
1.16393e-05
9.22701e-06
1.16388e-05
8.98263e-06
1.1636e-05
1.164e-05
8.82713e-06
9.07066e-06
8.95511e-06
8.87352e-06
1.16357e-05
1.16415e-05
1.16428e-05
8.58252e-06
1.16391e-05
1.16176e-05
3.20968e-06
1.16098e-05
1.16157e-05
8.40239e-06
8.0561e-06
1.16462e-05
8.73522e-06
8.85493e-06
1.08512e-05
1.16311e-05
1.16511e-05
1.16649e-05
9.45146e-06
8.92555e-06
8.87246e-06
8.86968e-06
1.16285e-05
1.16308e-05
1.28037e-05
9.29227e-06
8.81752e-06
1.16214e-05
1.16484e-05
1.16499e-05
1.1651e-05
1.16475e-05
9.2081e-06
1.16383e-05
9.24041e-06
1.1646e-05
9.02187e-06
8.8321e-06
1.16518e-05
1.14206e-05
1.16502e-05
1.27499e-05
1.16291e-05
1.16476e-05
1.16414e-05
1.16481e-05
9.01383e-06
9.05264e-06
1.16399e-05
1.1646e-05
8.79998e-06
9.05222e-06
1.16472e-05
8.69421e-06
8.69102e-06
1.1648e-05
8.73964e-06
8.75906e-06
9.10792e-06
1.16301e-05
1.16365e-05
1.1632e-05
8.84758e-06
9.37541e-06
1.16223e-05
8.95494e-06
8.68878e-06
9.09071e-06
1.16466e-05
1.16357e-05
8.70984e-06
1.16292e-05
8.11706e-06
1.16288e-05
1.21259e-05
1.16467e-05
8.67138e-06
8.56488e-06
8.75105e-06
1.1652e-05
8.62427e-06
8.88214e-06
8.97376e-06
8.21543e-06
8.8151e-06
8.04535e-06
8.03818e-06
8.58891e-06
9.22287e-06
8.09337e-06
8.97097e-06
8.65265e-06
9.10012e-06
1.16244e-05
8.97451e-06
8.53919e-06
8.56164e-06
8.50816e-06
7.91138e-06
1.16306e-05
8.44096e-06
9.56798e-06
8.46754e-06
8.43789e-06
1.16855e-05
8.70437e-06
8.67903e-06
1.16083e-05
8.88007e-06
1.16182e-05
1.16432e-05
7.84979e-06
7.69366e-06
8.57253e-06
9.05954e-06
8.30566e-06
8.72129e-06
8.85615e-06
1.16495e-05
7.70219e-06
8.31181e-06
8.39321e-06
1.1638e-05
8.99416e-06
7.45322e-06
8.90649e-06
8.3446e-06
8.7364e-06
8.61996e-06
7.55794e-06
7.94687e-06
8.32891e-06
8.21437e-06
8.2771e-06
8.09861e-06
8.18442e-06
7.57188e-06
7.51455e-06
8.09132e-06
1.16473e-05
8.22318e-06
8.6156e-06
8.44599e-06
8.76614e-06
8.21655e-06
7.39822e-06
7.3754e-06
8.59473e-06
8.35918e-06
7.32387e-06
8.19186e-06
8.31039e-06
8.15934e-06
8.58588e-06
8.09928e-06
8.24862e-06
1.16533e-05
8.0572e-06
8.42925e-06
7.74875e-06
8.19399e-06
8.53492e-06
8.60251e-06
8.34277e-06
8.65112e-06
7.20409e-06
8.7164e-06
7.63349e-06
8.18106e-06
7.92976e-06
8.34435e-06
8.70484e-06
8.17919e-06
7.99192e-06
8.4963e-06
7.94185e-06
7.68993e-06
7.18968e-06
8.05127e-06
8.04188e-06
8.10187e-06
7.97546e-06
8.46853e-06
8.31148e-06
7.92324e-06
8.23007e-06
8.00473e-06
8.33857e-06
8.49081e-06
7.05573e-06
8.20561e-06
8.46708e-06
1.16634e-05
7.98191e-06
7.80247e-06
7.91922e-06
8.37692e-06
8.06785e-06
7.85103e-06
7.38375e-06
8.49873e-06
7.56405e-06
7.21188e-06
7.10179e-06
1.15992e-05
1.1647e-05
6.93543e-06
7.96018e-06
7.806e-06
8.34845e-06
7.67513e-06
7.78823e-06
8.23063e-06
8.07704e-06
7.91911e-06
7.87685e-06
7.81637e-06
7.92633e-06
8.26177e-06
7.96558e-06
7.72498e-06
7.67959e-06
8.5654e-06
7.05371e-06
7.5476e-06
7.84658e-06
6.93339e-06
6.82038e-06
7.6434e-06
8.1487e-06
8.14709e-06
8.05387e-06
7.99143e-06
7.97405e-06
8.11305e-06
7.46387e-06
6.98911e-06
7.42015e-06
7.59956e-06
7.71971e-06
6.71113e-06
7.49549e-06
7.26195e-06
8.03094e-06
7.47383e-06
7.96038e-06
7.91171e-06
7.65112e-06
7.54083e-06
7.53668e-06
7.41327e-06
7.7996e-06
8.02939e-06
7.58961e-06
7.29315e-06
6.75829e-06
7.75094e-06
7.35602e-06
8.14695e-06
7.17439e-06
7.59289e-06
7.4667e-06
7.87723e-06
7.99511e-06
7.28538e-06
7.91505e-06
7.47394e-06
7.64136e-06
7.2944e-06
1.54178e-06
6.6082e-06
7.54693e-06
7.3474e-06
7.84542e-06
6.89024e-06
7.31861e-06
6.48918e-06
7.73298e-06
6.64698e-06
1.46851e-06
7.16563e-06
7.80036e-06
6.51938e-06
7.42089e-06
7.23615e-06
7.31049e-06
7.79913e-06
8.19187e-06
7.22078e-06
7.34026e-06
5.64347e-06
7.79474e-06
7.30454e-06
7.33725e-06
6.44847e-06
7.09433e-06
7.43814e-06
7.54554e-06
7.03935e-06
7.12337e-06
7.0475e-06
5.65889e-06
7.18394e-06
6.74475e-06
5.76727e-06
6.01317e-06
7.42262e-06
7.68344e-06
7.75989e-06
6.91198e-06
7.21383e-06
6.59913e-06
7.08793e-06
6.96745e-06
7.16866e-06
6.7954e-06
7.01531e-06
7.30074e-06
5.34726e-06
6.07076e-06
6.36817e-06
6.9069e-06
7.56856e-06
7.68532e-06
6.95821e-06
7.44154e-06
7.05709e-06
6.93034e-06
7.52205e-06
7.18098e-06
7.32232e-06
6.78595e-06
7.71583e-06
6.16788e-06
6.77643e-06
7.05312e-06
7.22247e-06
5.44047e-06
6.8413e-06
6.96099e-06
6.92207e-06
6.16999e-06
7.49569e-06
7.45314e-06
6.15428e-06
7.08441e-06
6.33148e-06
6.89729e-06
6.71449e-06
6.28001e-06
6.47762e-06
7.45414e-06
7.05655e-06
7.183e-06
6.65911e-06
6.41442e-06
7.33519e-06
6.03777e-06
6.80358e-06
7.00634e-06
7.25535e-06
7.04945e-06
7.28414e-06
7.27709e-06
6.30988e-06
7.33917e-06
6.9032e-06
6.41349e-06
6.8343e-06
6.70835e-06
6.04315e-06
6.92431e-06
6.53174e-06
6.5367e-06
6.58743e-06
6.7901e-06
7.40261e-06
5.90536e-06
6.92888e-06
6.92046e-06
6.79686e-06
7.21776e-06
7.37498e-06
5.85743e-06
6.8316e-06
6.03788e-06
6.78509e-06
5.65064e-06
5.91384e-06
5.5232e-06
6.54455e-06
6.66366e-06
6.55089e-06
6.40492e-06
6.67694e-06
6.20728e-06
6.79251e-06
6.22583e-06
6.55812e-06
6.46078e-06
6.83034e-06
6.58202e-06
7.10517e-06
6.68447e-06
7.10109e-06
6.33457e-06
7.16695e-06
7.20408e-06
5.68887e-06
5.34623e-06
6.28678e-06
5.5992e-06
6.45371e-06
6.27767e-06
6.24627e-06
6.63732e-06
6.66751e-06
6.98579e-06
5.79015e-06
6.45536e-06
6.32889e-06
5.80043e-06
6.65203e-06
5.56673e-06
6.20801e-06
6.41034e-06
6.54049e-06
5.5361e-06
6.26703e-06
6.57932e-06
6.08325e-06
6.50739e-06
5.54448e-06
6.15007e-06
6.87486e-06
6.70587e-06
6.2982e-06
5.47409e-06
6.40151e-06
6.76042e-06
6.18188e-06
6.58235e-06
6.79415e-06
6.93109e-06
5.40759e-06
5.39828e-06
6.71245e-06
6.08232e-06
6.02348e-06
6.20153e-06
5.75035e-06
6.16111e-06
5.36606e-06
6.42485e-06
6.44971e-06
6.40394e-06
6.37752e-06
6.50684e-06
6.43941e-06
5.93694e-06
5.41744e-06
5.95553e-06
6.76852e-06
6.2581e-06
6.69421e-06
6.79283e-06
5.93659e-06
6.6537e-06
5.2613e-06
5.89591e-06
6.67197e-06
6.07473e-06
6.04361e-06
5.94901e-06
5.20562e-06
5.78122e-06
6.5473e-06
6.32741e-06
5.8282e-06
6.03217e-06
6.10039e-06
5.64928e-06
6.09612e-06
6.1714e-06
6.33067e-06
6.53378e-06
5.1312e-06
6.14369e-06
5.90668e-06
5.7701e-06
5.91671e-06
5.03323e-06
6.01219e-06
5.70105e-06
5.82321e-06
5.01703e-06
5.64411e-06
5.99814e-06
5.38468e-06
5.41095e-06
5.20364e-06
6.10013e-06
5.32528e-06
5.5738e-06
5.25638e-06
6.41034e-06
6.45115e-06
5.81385e-06
5.81114e-06
5.14119e-06
5.51495e-06
5.00866e-06
5.79063e-06
6.28701e-06
5.99536e-06
5.37535e-06
5.90588e-06
4.72077e-06
5.67969e-06
6.27083e-06
6.03182e-06
5.52219e-06
5.61451e-06
5.69786e-06
5.57288e-06
4.895e-06
5.46597e-06
6.28673e-06
5.44634e-06
5.77794e-06
5.66357e-06
5.4366e-06
4.93154e-06
6.13338e-06
5.57239e-06
4.77568e-06
4.83393e-06
6.07448e-06
6.0328e-06
5.31988e-06
5.74975e-06
5.61129e-06
6.20148e-06
4.65421e-06
5.49683e-06
6.00912e-06
5.58638e-06
5.69815e-06
5.65592e-06
6.1571e-06
5.50361e-06
4.67199e-06
5.53603e-06
5.44711e-06
4.70855e-06
5.92051e-06
6.05558e-06
5.97763e-06
4.60873e-06
5.47223e-06
5.19321e-06
5.28576e-06
5.40269e-06
5.31988e-06
6.08134e-06
5.85061e-06
5.32367e-06
4.82798e-06
5.82826e-06
5.27574e-06
4.50011e-06
5.91822e-06
5.62251e-06
5.32213e-06
5.9174e-06
5.60873e-06
5.18042e-06
4.45267e-06
5.4463e-06
5.37213e-06
4.59738e-06
5.33275e-06
5.24614e-06
5.1282e-06
5.75016e-06
5.06795e-06
5.32925e-06
5.19308e-06
5.14452e-06
4.69254e-06
4.48489e-06
4.94251e-06
4.38375e-06
5.24207e-06
4.68632e-06
4.55781e-06
4.56685e-06
5.19553e-06
4.50737e-06
4.8489e-06
5.18671e-06
5.63472e-06
5.6832e-06
4.36504e-06
4.81517e-06
5.06687e-06
4.62876e-06
5.70947e-06
5.23565e-06
5.50027e-06
4.53147e-06
5.00025e-06
5.06699e-06
5.03873e-06
5.02497e-06
4.9893e-06
5.41013e-06
5.49085e-06
5.18181e-06
4.23474e-06
5.63559e-06
4.49934e-06
4.94102e-06
4.33846e-06
4.51278e-06
4.93465e-06
4.64516e-06
5.15426e-06
5.32731e-06
5.32925e-06
4.74065e-06
4.26159e-06
5.54332e-06
4.89035e-06
4.81592e-06
4.2437e-06
4.6803e-06
3.71649e-06
4.90016e-06
4.30621e-06
4.62021e-06
4.6033e-06
4.0867e-06
4.89288e-06
5.35495e-06
4.80115e-06
4.44067e-06
4.89912e-06
4.7773e-06
4.76598e-06
4.75417e-06
5.14143e-06
3.84202e-06
4.74112e-06
4.63681e-06
4.60322e-06
3.98142e-06
3.95062e-06
4.66814e-06
4.86435e-06
4.62872e-06
4.29122e-06
4.51193e-06
4.75226e-06
4.51453e-06
4.76281e-06
4.90138e-06
4.5928e-06
4.38632e-06
4.99441e-06
4.98083e-06
5.04025e-06
5.07088e-06
4.6519e-06
4.48897e-06
4.42376e-06
3.98358e-06
5.03677e-06
5.01892e-06
3.83079e-06
4.53687e-06
3.82916e-06
5.25139e-06
3.94734e-06
4.43131e-06
4.47288e-06
4.45695e-06
3.70234e-06
4.04976e-06
4.44083e-06
4.56773e-06
4.63369e-06
3.16681e-06
4.52518e-06
4.95301e-06
3.79944e-06
4.45334e-06
4.40826e-06
4.88881e-06
4.38143e-06
3.36813e-06
3.42726e-06
4.37829e-06
3.84143e-06
3.70493e-06
4.67438e-06
4.28111e-06
4.39684e-06
4.73343e-06
4.62634e-06
4.16328e-06
4.71849e-06
4.17606e-06
1.95484e-06
3.59223e-06
4.78097e-06
4.39067e-06
3.81802e-06
1.70409e-06
3.30011e-06
4.28297e-06
4.00059e-06
3.28992e-06
4.35197e-06
4.13326e-06
2.79419e-06
3.59392e-06
2.13793e-06
3.12929e-06
3.68546e-06
4.00727e-06
4.1798e-06
4.42346e-06
7.83036e-06
4.12107e-06
2.62718e-06
4.48552e-06
3.44105e-06
4.25892e-06
4.36566e-06
4.27251e-06
2.33887e-06
3.81844e-06
3.85204e-06
1.98625e-06
2.37319e-06
4.1578e-06
1.48177e-06
1.49978e-06
4.46251e-06
4.589e-06
2.38728e-06
4.08288e-06
3.19656e-06
2.3983e-06
4.37184e-06
3.04497e-06
4.23932e-06
3.05006e-06
2.7645e-06
3.40119e-06
4.50016e-06
3.27847e-06
4.02065e-06
1.34797e-06
4.77962e-06
3.47912e-06
2.51212e-06
3.10219e-06
3.96012e-06
3.14511e-06
4.01254e-06
4.37147e-06
4.01603e-06
2.62164e-06
4.08198e-06
1.6592e-06
5.63869e-06
5.44223e-06
4.52889e-06
3.46358e-06
5.67931e-06
3.04784e-06
3.92658e-06
5.55313e-06
4.20683e-06
4.14646e-06
4.52817e-06
4.76723e-06
4.5594e-06
4.6546e-06
3.21816e-06
4.03211e-06
3.51274e-06
2.37376e-06
3.26816e-06
2.17089e-06
3.99852e-06
3.26647e-06
3.51726e-06
4.33253e-06
2.4622e-06
1.84209e-06
6.66859e-06
2.36908e-06
1.866e-06
2.74104e-06
4.30176e-06
2.21864e-06
3.5008e-06
1.82135e-06
2.26233e-06
6.54011e-06
3.34714e-06
7.17506e-06
2.65211e-06
3.87495e-06
1.74385e-06
6.79518e-06
1.96096e-06
2.63886e-06
3.40521e-06
3.87696e-06
2.92469e-06
6.4118e-06
4.14163e-06
3.33166e-06
3.96818e-06
8.51622e-06
3.77028e-06
2.15004e-06
3.23947e-06
1.84597e-06
3.67317e-06
4.04687e-06
3.36151e-06
2.7738e-06
2.42762e-06
2.66881e-06
2.04733e-06
2.34691e-06
3.67995e-06
4.02075e-06
3.87945e-06
1.72275e-06
2.56543e-06
3.20088e-06
3.54622e-06
3.88195e-06
6.79593e-06
3.03092e-06
4.12453e-06
1.42041e-06
3.36937e-06
8.33985e-06
1.92488e-06
1.8503e-06
1.88304e-06
7.93689e-06
2.80298e-06
9.62501e-06
4.29177e-06
3.94432e-06
1.62618e-06
7.0485e-06
2.00463e-06
7.26217e-06
2.89015e-06
6.28529e-06
7.46443e-06
4.05431e-06
4.24523e-06
6.48924e-06
2.32829e-06
6.70068e-06
8.63117e-06
2.37644e-06
2.62201e-06
3.90463e-06
3.13376e-06
8.40613e-06
1.59353e-06
2.89145e-06
1.6024e-06
2.80652e-06
6.0328e-06
8.05373e-06
3.31947e-06
3.89399e-06
9.06929e-06
8.21199e-06
3.24889e-06
3.76763e-06
3.68596e-06
3.01895e-06
2.638e-06
4.4446e-06
3.89536e-06
2.86009e-06
6.15881e-06
2.60901e-06
2.01021e-06
2.53331e-06
3.34939e-06
3.09703e-06
3.70207e-06
2.13658e-06
3.74004e-06
3.38203e-06
7.80769e-06
9.43834e-06
3.10116e-06
2.05379e-06
2.94026e-06
2.75479e-06
3.22244e-06
3.52068e-06
2.29947e-06
9.1209e-06
3.51521e-06
3.22495e-06
2.19853e-06
2.25627e-06
2.66461e-06
1.05188e-06
7.58466e-06
7.95008e-06
2.64475e-06
2.59116e-06
8.64037e-06
8.85727e-06
2.92375e-06
2.97708e-06
2.07986e-06
8.85811e-06
3.76634e-06
8.74542e-06
7.82031e-06
1.80088e-06
1.63501e-06
2.03003e-06
4.24086e-06
2.25961e-06
4.66983e-06
1.23081e-06
1.62391e-06
2.26829e-06
6.48655e-06
3.5458e-06
2.69685e-06
3.01552e-06
2.72193e-06
4.54363e-06
2.50544e-06
7.42642e-06
1.75521e-06
1.73448e-06
2.03736e-06
2.51369e-06
9.19393e-06
2.49475e-06
3.37819e-06
9.77736e-06
3.25718e-06
1.36462e-06
2.98121e-06
3.17055e-06
6.91844e-06
4.27427e-06
3.00795e-06
3.10794e-06
1.61514e-06
3.75596e-06
3.33179e-06
1.49215e-06
2.34441e-06
1.36674e-06
2.99619e-06
2.10938e-06
1.8369e-06
2.58975e-06
1.85687e-06
8.98854e-06
3.17448e-06
1.73145e-06
1.9379e-06
1.49009e-06
5.90902e-06
5.29781e-06
3.28291e-06
3.16793e-06
2.6833e-06
2.09261e-06
9.25438e-06
7.55421e-06
4.01212e-06
1.52775e-06
2.8298e-06
2.24463e-06
2.47997e-06
2.5411e-06
2.49065e-06
1.10002e-06
5.39892e-06
1.3042e-06
3.24632e-06
1.97512e-06
2.75116e-06
7.11456e-06
2.98666e-06
1.61515e-06
3.35679e-06
4.10928e-06
3.08244e-06
3.37614e-06
5.02363e-06
3.77584e-06
2.2116e-06
5.28854e-06
8.5231e-06
1.49469e-06
4.16482e-06
2.26038e-06
7.68081e-06
2.16317e-06
7.42786e-06
9.46994e-06
2.08106e-06
4.40111e-06
9.31726e-06
4.15259e-06
2.69738e-06
1.97928e-06
3.14131e-06
6.3605e-06
9.55636e-06
1.46797e-06
1.45039e-06
2.29427e-06
3.11913e-06
1.73626e-06
3.92641e-06
1.40933e-06
2.71208e-06
8.08459e-06
9.66973e-06
3.37464e-06
2.28325e-06
7.7023e-06
3.54366e-06
1.6838e-06
3.77658e-06
2.68947e-06
7.30129e-06
3.62635e-06
2.92052e-06
7.70342e-06
4.11216e-06
6.92194e-06
2.41901e-06
3.39495e-06
3.09287e-06
1.56633e-06
2.52824e-06
1.98711e-06
1.22535e-06
5.70042e-06
5.2702e-06
5.24932e-06
7.9387e-06
3.89505e-06
1.59366e-06
3.50571e-06
3.20938e-06
3.54126e-06
4.97289e-06
1.58718e-06
1.78595e-06
1.81124e-06
3.63987e-06
6.69647e-06
2.50866e-06
7.81366e-06
4.14776e-06
2.48317e-06
4.0213e-06
3.11647e-06
2.69383e-06
2.14774e-06
2.26235e-06
2.74298e-06
8.81618e-06
3.89048e-06
2.88632e-06
2.78442e-06
2.18923e-06
9.86571e-06
5.26963e-06
3.04572e-06
3.57667e-06
2.65688e-06
1.58562e-06
2.98958e-06
1.37182e-06
2.7142e-06
2.03644e-06
2.59676e-06
3.76885e-06
2.87224e-06
3.54591e-06
2.02432e-06
2.26012e-06
3.51207e-06
3.67948e-06
3.03582e-06
2.07598e-06
2.56206e-06
2.45535e-06
2.94716e-06
4.54094e-06
6.68419e-06
2.57624e-06
3.47853e-06
5.65399e-06
3.64484e-06
3.38476e-06
2.86154e-06
2.85515e-06
1.74244e-06
1.94579e-06
2.63401e-06
1.16506e-06
1.13753e-06
5.14329e-06
5.5298e-06
3.57644e-06
2.11836e-06
2.13545e-06
3.02469e-06
2.68357e-06
3.13039e-06
2.75854e-06
2.88154e-06
2.90764e-06
3.12831e-06
2.10397e-06
3.25711e-06
3.1477e-06
2.45119e-06
2.25815e-06
2.33562e-06
3.22714e-06
3.64576e-06
2.62726e-06
3.00461e-06
5.41533e-06
2.03333e-06
4.05793e-06
1.89135e-06
2.59982e-06
2.10101e-06
7.29943e-06
3.31519e-06
2.01504e-06
3.63e-06
5.39651e-06
3.64568e-06
7.69244e-06
3.41259e-06
2.12507e-06
1.72326e-06
6.80957e-06
2.91431e-06
1.76311e-06
2.48948e-06
2.232e-06
3.39191e-06
2.16112e-06
2.30061e-06
1.14123e-06
2.50716e-06
9.10566e-06
2.16796e-06
2.38834e-06
1.65961e-06
3.0717e-06
1.91185e-06
3.75775e-06
1.77392e-06
4.24908e-06
2.07035e-06
3.51711e-06
3.38813e-06
2.95963e-06
2.37703e-06
3.41262e-06
3.7652e-06
4.61135e-06
3.33627e-06
7.95728e-06
4.64584e-06
1.5941e-06
6.03136e-06
2.80329e-06
9.80521e-06
3.55687e-06
9.42805e-06
2.53431e-06
8.31112e-06
1.86964e-06
3.26049e-06
9.0662e-06
3.09688e-06
2.20993e-06
2.78976e-06
2.37126e-06
2.74844e-06
1.28524e-06
2.40926e-06
1.89295e-06
3.52519e-06
2.13821e-06
3.65724e-06
2.69367e-06
9.74726e-06
5.52295e-06
1.64587e-06
2.13651e-06
1.8839e-06
1.01228e-05
2.4818e-06
3.94024e-06
8.98626e-06
1.96594e-06
1.53474e-06
2.25532e-06
1.92128e-06
1.90913e-06
2.61651e-06
3.00902e-06
2.01654e-06
2.43335e-06
2.58817e-06
7.34576e-06
4.25391e-06
2.38185e-06
2.06263e-06
6.715e-07
2.514e-06
2.2625e-06
2.38795e-06
2.47815e-06
2.15784e-06
8.76181e-06
7.80838e-06
1.80085e-06
3.81653e-06
2.86e-06
4.21385e-06
3.96154e-06
2.54414e-06
3.9309e-06
2.13652e-06
1.4806e-06
1.60552e-06
2.47986e-06
2.90585e-06
3.2337e-06
3.31063e-06
3.20558e-06
2.01393e-06
3.45273e-06
3.73058e-06
2.03806e-06
4.10525e-06
4.3348e-06
1.61579e-06
4.27174e-06
3.80315e-06
2.50542e-06
1.74707e-06
2.39566e-06
3.04355e-06
3.75126e-06
2.97995e-06
2.66135e-06
1.91829e-06
3.80007e-06
2.23618e-06
3.55387e-06
3.67432e-06
3.08698e-06
1.85266e-06
4.05336e-06
9.21899e-06
3.166e-06
3.44587e-06
2.67922e-06
3.17235e-06
4.01093e-06
9.13513e-06
3.76865e-06
2.28598e-06
2.87255e-06
1.57865e-06
2.16402e-06
1.98036e-06
1.76747e-06
3.88524e-06
1.85305e-06
2.47147e-06
1.47719e-06
3.79987e-06
1.80452e-06
4.13844e-06
1.88045e-06
3.42742e-06
1.63681e-06
1.69356e-06
2.78761e-06
2.52089e-06
3.81571e-06
2.80413e-06
2.9299e-06
4.14604e-06
1.57997e-06
2.58271e-06
2.62818e-06
1.94472e-06
1.80422e-06
3.2854e-06
1.84806e-06
2.50833e-06
2.76676e-06
2.5775e-06
2.86657e-06
1.56416e-06
2.44805e-06
5.69048e-06
2.31408e-06
5.11744e-06
2.14811e-06
1.9647e-06
3.47381e-06
3.22544e-06
2.14401e-06
3.40424e-06
2.38022e-06
5.43423e-06
2.74672e-06
2.35004e-06
4.55493e-06
2.09177e-06
1.9173e-06
4.04511e-06
2.2819e-06
2.38546e-06
2.02936e-06
2.54505e-06
2.84848e-06
3.17838e-06
2.4423e-06
1.69208e-06
2.01081e-06
2.11886e-06
1.82017e-06
4.57182e-06
2.19532e-06
5.11576e-06
3.80494e-06
4.82397e-06
1.80595e-06
2.26354e-06
3.64275e-06
2.64219e-06
5.23561e-06
4.66052e-06
3.05498e-06
4.2668e-06
2.27656e-06
2.34177e-06
2.38991e-06
1.7118e-06
2.75499e-06
2.06649e-06
4.86278e-06
5.12175e-06
4.13301e-06
4.25719e-06
5.0159e-06
4.72373e-06
4.7577e-06
4.88783e-06
4.1352e-06
5.1748e-06
4.77023e-06
5.14932e-06
4.31883e-06
5.11682e-06
5.42697e-06
5.52889e-06
4.77685e-06
5.30137e-06
4.91899e-06
4.74781e-06
5.56187e-06
4.40191e-06
4.87549e-06
5.1584e-06
6.18568e-06
4.69302e-06
5.04525e-06
5.47778e-06
5.03056e-06
5.39646e-06
5.18997e-06
5.83978e-06
5.47541e-06
5.05495e-06
5.26962e-06
4.82112e-06
4.94648e-06
6.09638e-06
4.91269e-06
5.63128e-06
6.15714e-06
6.32182e-06
5.94723e-06
5.82205e-06
6.28239e-06
5.8768e-06
5.77306e-06
5.758e-06
5.89445e-06
6.00236e-06
6.19937e-06
5.06667e-06
6.90938e-06
5.71407e-06
6.29692e-06
6.39427e-06
7.08327e-06
6.42277e-06
5.26594e-06
6.83859e-06
6.91512e-06
7.0406e-06
5.85884e-06
6.96219e-06
6.57763e-06
7.67579e-06
7.6412e-06
7.02198e-06
6.48512e-06
7.55979e-06
7.13695e-06
7.42729e-06
7.10953e-06
6.86946e-06
6.36934e-06
6.46435e-06
7.30858e-06
7.21101e-06
7.56924e-06
7.9245e-06
7.42992e-06
6.61769e-06
7.21017e-06
6.50005e-06
7.7281e-06
7.61307e-06
7.86624e-06
8.401e-06
7.67287e-06
7.55349e-06
7.15733e-06
7.03033e-06
7.45442e-06
7.88013e-06
8.16924e-06
8.28608e-06
8.18124e-06
8.16519e-06
9.06266e-06
8.31911e-06
8.22371e-06
8.31234e-06
8.38071e-06
8.48921e-06
8.07492e-06
8.7268e-06
8.10759e-06
8.56619e-06
7.2963e-06
8.44309e-06
8.83682e-06
8.49909e-06
8.43906e-06
7.17423e-06
8.26484e-06
8.46838e-06
7.84062e-06
8.43364e-06
8.55713e-06
8.13037e-06
1.15835e-05
8.41859e-06
8.05764e-06
8.59735e-06
7.93163e-06
7.66761e-06
8.30555e-06
7.79519e-06
8.26422e-06
1.36263e-06
8.8236e-06
8.30653e-06
8.94308e-06
8.67627e-06
8.84748e-06
8.82957e-06
8.83125e-06
8.45202e-06
8.55245e-06
9.17551e-06
8.9437e-06
1.08699e-06
8.94285e-06
8.42577e-06
8.02034e-06
1.22771e-06
1.16459e-05
8.4647e-06
1.16335e-05
1.16452e-05
1.16353e-05
1.16544e-05
1.16481e-05
1.16376e-05
8.7924e-06
9.14258e-06
1.16366e-05
1.16582e-05
9.45546e-06
1.1635e-05
1.16451e-05
1.16399e-05
8.15667e-06
1.16459e-05
1.16267e-05
8.24092e-06
8.7635e-06
9.54481e-06
1.16503e-05
1.1643e-05
1.1618e-05
1.16169e-05
1.14657e-05
8.28038e-06
1.16238e-05
1.16186e-05
1.16319e-05
8.34193e-06
1.16585e-05
1.16411e-05
1.16277e-05
1.16522e-05
1.16552e-05
1.16454e-05
1.16221e-05
9.47086e-06
1.16426e-05
1.16606e-05
1.12e-05
1.16454e-05
1.16465e-05
1.1624e-05
1.14329e-05
1.15592e-05
1.1647e-05
1.16654e-05
1.16132e-05
1.16474e-05
1.16306e-05
1.16428e-05
1.16491e-05
1.16522e-05
1.16365e-05
1.1661e-05
1.16495e-05
1.1646e-05
1.16594e-05
1.16633e-05
1.16428e-05
1.16412e-05
1.16544e-05
1.16078e-05
1.16412e-05
1.16319e-05
1.1663e-05
1.16555e-05
1.16451e-05
2.17793e-06
8.35261e-06
1.16536e-05
1.16639e-05
1.16528e-05
1.4295e-06
1.16277e-05
1.17392e-05
1.16487e-05
1.16456e-05
1.16626e-05
9.78888e-06
1.16503e-05
1.16528e-05
1.16299e-05
1.16436e-05
1.1668e-05
1.16206e-05
1.16451e-05
9.23154e-06
1.16486e-05
1.16273e-05
1.16284e-05
9.38525e-06
1.16433e-05
1.16404e-05
1.16546e-05
1.16438e-05
1.16496e-05
1.16515e-05
1.16335e-05
1.1632e-05
1.24458e-06
1.1166e-06
8.12928e-06
1.16459e-05
1.20804e-05
1.16474e-05
1.1666e-05
1.16502e-05
1.16601e-05
1.1477e-05
1.16485e-05
1.16443e-05
1.16455e-05
1.16418e-05
1.16243e-05
1.16484e-05
1.16566e-05
1.16548e-05
1.16053e-05
1.16326e-05
1.14376e-05
1.16467e-05
1.16599e-05
1.19859e-05
1.16182e-05
1.16433e-05
1.16349e-05
1.16654e-05
1.16465e-05
6.38089e-06
1.16425e-05
3.71252e-06
1.16561e-05
1.16393e-05
1.16276e-05
1.16477e-05
1.16371e-05
1.16456e-05
9.35855e-06
1.16504e-05
1.1631e-05
1.15646e-05
1.16443e-05
1.16374e-05
2.32408e-06
1.16646e-05
1.16125e-05
1.16502e-05
1.16809e-05
1.16475e-05
1.16565e-05
1.16424e-05
1.16446e-05
1.1641e-05
1.16475e-05
1.1655e-05
1.16292e-05
1.16176e-05
1.16489e-05
1.16353e-05
9.76506e-06
1.16474e-05
1.16283e-05
1.1642e-05
1.16422e-05
1.16107e-05
1.16464e-05
1.16443e-05
1.12212e-05
1.16394e-05
1.16446e-05
1.16315e-05
1.16423e-05
1.16548e-05
9.34007e-06
1.16423e-05
1.16518e-05
1.16512e-05
1.16605e-05
1.1643e-05
1.16473e-05
1.16366e-05
1.53286e-06
1.16472e-05
1.16371e-05
9.26003e-06
1.16472e-05
9.26415e-06
1.16381e-05
1.54488e-06
1.16521e-05
1.16512e-05
1.16501e-05
9.61905e-06
9.91582e-06
1.16408e-05
1.16569e-05
1.17316e-05
1.1641e-05
1.16392e-05
1.16487e-05
1.16534e-05
1.16466e-05
1.15752e-05
1.15394e-05
1.16498e-05
1.16601e-05
1.20641e-05
1.16307e-05
1.16361e-05
1.56883e-06
1.16452e-05
1.16349e-05
1.1646e-05
1.16264e-05
1.1672e-05
1.16471e-05
1.36068e-06
1.16221e-05
1.16442e-05
1.16349e-05
1.16395e-05
1.16458e-05
1.16248e-05
1.16521e-05
1.16455e-05
1.16167e-05
7.80559e-06
1.16505e-05
9.90523e-06
1.1651e-05
1.16362e-05
1.16031e-05
1.16485e-05
1.19507e-05
1.40938e-06
1.16339e-05
1.16456e-05
1.16541e-05
1.16542e-05
1.16594e-05
1.15895e-05
1.16308e-05
1.16493e-05
9.04286e-06
1.16255e-05
9.9126e-06
1.16496e-05
1.16504e-05
1.16437e-05
1.16212e-05
1.15191e-05
1.16457e-05
1.08919e-05
1.16499e-05
1.35585e-06
3.08054e-06
1.16449e-05
1.16442e-05
1.16508e-05
1.13256e-06
1.16501e-05
1.23904e-06
1.16082e-05
1.1647e-05
1.16738e-05
9.30777e-06
1.16529e-05
1.16338e-05
1.16183e-05
1.16495e-05
1.16515e-05
2.19714e-06
1.1646e-05
1.16546e-05
4.30727e-06
1.14809e-05
1.16574e-05
9.91667e-06
1.16321e-05
1.16753e-05
1.16576e-05
1.16345e-05
1.16449e-05
1.16399e-05
1.16519e-05
1.16473e-05
1.16246e-05
2.97405e-06
1.1646e-05
1.49162e-06
1.15797e-05
1.16554e-05
1.16533e-05
1.16561e-05
1.16556e-05
1.16551e-05
1.16731e-05
1.16479e-05
1.16514e-05
9.11052e-06
1.16471e-05
1.16342e-05
2.22858e-06
1.15428e-05
1.16504e-05
1.16198e-05
1.17056e-05
1.01209e-05
1.16506e-05
1.16356e-05
1.35973e-06
9.41732e-06
1.1641e-05
1.67708e-06
1.16522e-05
9.76686e-06
1.16296e-05
9.47639e-06
1.16211e-05
1.16534e-05
1.16096e-05
1.16079e-05
1.16235e-05
1.16385e-05
1.14542e-05
1.16375e-05
1.16491e-05
1.15357e-05
1.16534e-05
1.16454e-05
1.16378e-05
1.02375e-06
1.16541e-05
1.16349e-05
1.1651e-05
1.16605e-05
1.16405e-05
1.16321e-05
1.16495e-05
1.16445e-05
1.16345e-05
1.16481e-05
1.16253e-05
1.16557e-05
1.16347e-05
1.25115e-06
1.16517e-05
1.16397e-05
1.16663e-05
1.16355e-05
1.16496e-05
1.16501e-05
1.16636e-05
1.48679e-06
1.20131e-05
1.16351e-05
1.15764e-05
1.16557e-05
6.16117e-06
1.16487e-05
1.16484e-05
1.16197e-05
1.14868e-05
1.16596e-05
1.16489e-05
1.16564e-05
1.12553e-05
1.16618e-05
1.16562e-05
1.16525e-05
1.16539e-05
1.16099e-05
1.16564e-05
1.16511e-05
1.16499e-05
1.1669e-05
1.16578e-05
1.16517e-05
1.16476e-05
1.16526e-05
1.16686e-05
1.16467e-05
1.38473e-06
1.31167e-06
9.15603e-06
1.15213e-05
1.16438e-05
1.15781e-05
1.1653e-05
1.16823e-05
1.16559e-05
1.16508e-05
1.16553e-05
1.16929e-05
1.16341e-05
1.16562e-05
1.16526e-05
1.16543e-05
1.16516e-05
1.16476e-05
1.16465e-05
1.16509e-05
1.16595e-05
1.15139e-05
9.04982e-06
1.16396e-05
1.16346e-05
6.46403e-06
1.16516e-05
1.16589e-05
1.16408e-05
1.16413e-05
1.16345e-05
1.16592e-05
1.16534e-05
1.16534e-05
7.57319e-06
1.17608e-05
1.16498e-05
1.16586e-05
9.02188e-06
1.16468e-05
1.16387e-05
1.16535e-05
1.16688e-05
1.16569e-05
1.16466e-05
1.16517e-05
1.16582e-05
1.16442e-05
1.16688e-05
1.16537e-05
1.16461e-05
1.16469e-05
1.16514e-05
1.16504e-05
1.16511e-05
1.18722e-05
1.14729e-05
1.16519e-05
1.17538e-05
1.16339e-05
8.09639e-06
3.06588e-06
1.16679e-05
1.16474e-05
1.1601e-05
9.22284e-06
1.16496e-05
1.16466e-05
2.36026e-06
1.15295e-05
1.16532e-05
1.16356e-05
8.83074e-06
1.16583e-05
1.16575e-05
1.16505e-05
1.1644e-05
1.10738e-05
1.16521e-05
1.0352e-05
2.65793e-06
1.16519e-05
1.18541e-05
1.16495e-05
1.16379e-05
1.13651e-05
1.16347e-05
1.16326e-05
1.16505e-05
9.84305e-06
1.16402e-05
8.68409e-06
1.16269e-05
1.16495e-05
1.16361e-05
1.16453e-05
1.16504e-05
1.16583e-05
1.18335e-05
4.39225e-06
1.15791e-05
3.75477e-06
7.4914e-06
1.16352e-05
6.26794e-06
1.16478e-05
1.16468e-05
1.16572e-05
1.15254e-05
9.38946e-06
1.18729e-05
8.99029e-06
4.21639e-06
1.16394e-05
1.12881e-05
1.15088e-05
1.16678e-05
1.16599e-05
6.54163e-06
1.16499e-05
1.15533e-05
1.16542e-05
1.16409e-05
1.68973e-06
1.16535e-05
1.16243e-05
1.14104e-05
8.37851e-06
1.16569e-05
1.16546e-05
1.43961e-06
1.16054e-05
1.17418e-05
1.16501e-05
1.14272e-05
9.42129e-06
1.16402e-05
9.15476e-06
1.12357e-05
1.143e-05
1.15667e-05
6.28837e-06
8.75027e-06
1.16194e-05
1.16494e-05
1.16185e-05
1.16525e-05
1.16534e-05
1.16529e-05
1.16498e-05
1.16078e-05
1.16556e-05
1.16481e-05
1.21202e-05
1.16447e-05
1.16431e-05
1.16534e-05
1.15463e-05
8.3772e-06
8.03327e-06
1.16449e-05
1.16366e-05
3.58558e-06
1.15931e-05
1.16532e-05
1.16556e-05
1.16581e-05
1.16578e-05
1.42237e-06
1.00609e-05
1.16518e-05
1.17823e-05
9.82155e-06
7.5527e-06
1.16104e-05
1.02218e-05
1.1649e-05
1.16577e-05
7.96943e-06
1.16631e-05
1.16566e-05
1.1655e-05
1.15208e-05
1.16447e-05
1.1644e-05
1.19445e-05
8.48041e-06
1.16449e-05
6.42072e-06
1.23479e-06
1.16557e-05
2.45065e-06
1.16343e-05
8.70038e-06
9.89668e-06
1.16309e-05
1.16553e-05
1.16421e-05
1.16443e-05
1.16302e-05
1.21168e-05
1.16477e-05
1.16675e-05
2.7517e-06
1.14662e-05
1.16185e-05
1.16613e-05
1.16565e-05
1.1641e-05
1.1656e-05
8.43738e-06
1.16391e-05
1.1655e-05
1.21037e-05
1.16525e-05
1.16435e-05
1.49717e-06
1.16553e-05
1.16609e-05
6.63312e-06
1.46255e-06
8.17867e-06
1.16379e-05
1.1645e-05
8.92625e-06
1.1643e-05
1.1315e-05
1.16423e-05
1.16498e-05
1.16403e-05
1.15833e-05
1.16723e-05
1.16382e-05
1.16477e-05
1.24027e-06
1.16408e-05
1.47117e-06
4.12806e-06
1.16501e-05
1.16542e-05
1.91393e-06
1.00285e-05
1.16544e-05
1.16416e-05
1.18794e-05
3.35336e-06
1.14009e-05
1.2175e-05
1.16402e-05
1.16475e-05
1.173e-05
1.14783e-05
1.21499e-05
1.16081e-05
1.16412e-05
8.50725e-06
1.16485e-05
1.25119e-05
1.16674e-05
1.1607e-05
1.16068e-05
1.16408e-05
1.16454e-05
1.16403e-05
1.164e-05
1.16445e-05
1.16568e-05
1.1621e-05
1.15571e-05
4.46771e-06
1.16602e-05
1.09824e-05
1.16525e-05
1.14904e-05
1.52141e-06
9.03106e-06
1.13162e-05
1.27444e-06
1.13655e-05
1.16356e-05
1.1659e-05
7.64377e-06
1.16493e-05
1.24913e-06
1.16465e-05
1.01668e-05
1.16502e-05
1.16183e-05
1.21902e-05
1.16497e-05
2.7822e-06
1.1642e-05
8.05837e-06
3.15619e-06
1.16141e-05
1.17115e-05
1.21175e-05
1.06185e-05
7.72597e-06
1.16568e-05
1.16574e-05
1.15958e-05
7.14248e-06
8.80672e-06
5.27581e-06
1.16417e-05
1.16199e-05
1.16416e-05
1.16163e-05
4.26565e-06
7.6223e-06
3.6337e-06
1.19445e-05
6.2443e-06
1.16549e-05
1.2037e-05
1.16552e-05
1.10419e-05
1.16469e-05
1.16292e-05
3.71288e-06
1.16388e-05
9.23919e-06
1.16347e-05
1.16556e-05
1.1651e-05
1.16406e-05
5.12184e-06
1.16152e-05
1.02113e-05
1.1639e-05
1.16521e-05
1.14456e-05
1.00652e-05
1.13535e-06
6.41541e-06
1.16434e-05
1.16525e-05
1.21356e-05
3.29126e-06
8.06332e-06
7.04036e-06
1.16429e-05
1.16232e-05
1.1638e-05
1.15453e-05
4.8956e-06
1.16575e-05
1.199e-05
6.64925e-06
1.16375e-05
1.16562e-05
1.16239e-05
4.59439e-06
1.16392e-05
1.11885e-05
4.73724e-06
1.16481e-05
1.04075e-05
1.20057e-05
1.16591e-05
1.1644e-05
1.16266e-05
1.03515e-05
1.15117e-05
1.21383e-05
2.47389e-06
1.23121e-05
1.16461e-05
1.12534e-05
1.16471e-05
1.13363e-05
1.00113e-05
1.16479e-05
1.11929e-05
1.16654e-05
1.03632e-05
1.1364e-05
1.16635e-05
1.17066e-05
1.16527e-05
2.79261e-06
8.88636e-06
1.16677e-05
1.16575e-05
1.14703e-05
1.16421e-05
3.40729e-06
8.1419e-06
1.16604e-05
1.16458e-05
1.16595e-05
1.16413e-05
1.16023e-05
1.16061e-05
7.62277e-06
1.36173e-06
1.20843e-05
8.62978e-06
1.15652e-05
1.16303e-05
7.917e-06
2.30318e-06
1.21241e-05
1.16356e-05
1.15892e-05
3.46771e-06
8.56384e-06
1.18307e-05
1.20851e-05
1.16911e-05
1.16623e-05
1.16384e-05
1.16509e-05
1.05402e-05
1.16518e-05
7.6799e-06
1.10872e-05
2.36009e-06
1.21037e-05
4.97485e-06
4.79212e-06
1.19766e-05
5.63647e-06
1.15397e-05
1.14783e-05
1.16528e-05
7.92536e-06
1.12517e-05
1.16266e-05
1.13438e-05
2.16287e-06
1.16222e-05
1.14851e-06
1.16453e-05
1.16531e-05
1.1531e-05
2.02617e-06
1.0906e-05
1.36309e-06
1.16492e-05
1.16189e-05
1.16632e-05
1.1349e-05
1.21806e-05
1.2185e-05
1.16508e-05
4.93661e-06
1.16305e-05
1.16644e-05
1.16151e-05
1.15765e-05
1.16518e-05
8.57362e-06
1.1656e-05
1.14794e-06
1.13376e-05
1.66425e-06
1.16171e-05
1.16608e-05
2.88141e-06
1.18402e-05
1.31844e-06
3.67204e-06
1.11782e-05
4.94186e-06
1.19596e-05
1.21631e-05
1.72838e-06
1.15989e-05
1.1739e-05
1.1642e-05
1.16586e-05
8.56116e-06
1.01167e-05
1.20396e-05
1.18742e-05
1.16378e-05
1.21683e-05
9.47402e-06
1.17397e-05
1.16486e-05
1.13246e-05
1.16555e-05
1.16539e-05
1.16521e-05
8.29178e-06
1.1316e-05
1.16411e-05
6.12951e-06
1.04548e-05
1.16615e-05
1.16835e-05
1.16379e-05
1.16048e-05
1.16718e-05
1.16447e-05
9.3671e-06
1.21135e-05
1.13444e-05
3.78536e-06
1.13624e-05
1.1358e-05
1.13216e-05
9.29381e-06
1.16801e-05
1.22462e-05
1.14014e-05
1.13566e-05
1.56933e-06
1.17165e-05
1.17096e-05
1.16311e-05
1.13783e-05
1.15967e-05
4.00107e-06
1.13171e-05
1.16804e-05
1.16403e-05
7.71597e-06
1.16472e-05
1.80137e-06
1.02074e-05
1.16702e-05
7.26643e-06
5.62664e-06
1.21205e-05
1.16529e-05
1.17412e-05
1.01009e-05
1.23957e-05
1.19535e-05
1.88352e-06
1.20007e-05
1.15968e-05
1.16201e-05
4.88232e-06
1.16472e-05
1.1761e-05
1.16046e-05
1.13944e-05
1.16586e-05
1.16244e-05
7.43623e-06
2.96115e-06
1.16547e-05
1.16158e-05
1.16801e-05
1.21089e-05
1.17577e-05
1.19345e-05
8.38637e-06
1.16401e-05
1.18246e-05
1.17979e-05
1.13487e-05
1.16528e-05
1.16258e-05
1.16449e-05
1.16404e-05
1.16615e-05
1.16488e-05
6.0035e-06
1.1276e-06
1.16493e-05
1.1615e-05
8.7159e-06
1.79421e-06
1.16719e-05
1.16558e-05
1.16509e-05
1.04129e-06
1.2092e-05
1.17246e-05
2.70668e-06
7.51865e-06
4.05339e-06
1.10629e-05
1.16557e-05
1.16525e-05
1.16476e-05
1.16084e-05
1.17883e-05
1.1324e-05
1.22377e-05
1.16531e-05
1.16412e-05
6.01177e-06
1.16622e-05
1.03359e-05
1.13927e-05
1.17424e-05
1.16538e-05
1.20595e-05
1.19596e-05
1.1657e-05
1.16425e-05
1.1651e-05
1.17019e-05
2.90042e-06
1.16385e-05
1.16457e-05
1.16547e-05
6.2557e-06
1.82042e-06
1.01028e-05
1.16076e-05
2.04648e-06
1.16384e-05
1.16203e-05
4.16457e-06
1.13299e-05
1.15604e-05
7.93106e-06
1.1606e-05
1.18202e-05
3.2814e-06
1.1631e-05
1.1231e-05
8.31308e-06
1.20152e-05
1.22103e-05
1.21036e-05
1.20923e-05
7.01866e-06
1.92352e-06
1.16398e-05
1.16425e-05
5.14955e-06
1.12587e-05
1.20971e-05
1.34776e-06
1.16508e-05
1.17595e-05
1.19925e-05
1.19843e-05
1.16169e-05
1.14535e-05
1.20977e-05
4.08996e-06
1.10031e-05
7.84241e-06
1.16586e-05
1.09451e-05
7.05776e-06
8.78006e-06
1.16361e-05
1.16718e-05
1.1583e-05
1.17094e-05
1.20216e-05
9.36624e-06
1.17476e-05
1.14741e-05
1.22192e-05
1.12459e-05
5.10066e-06
1.19912e-05
1.20159e-05
1.15792e-05
1.08674e-05
1.1677e-05
1.18812e-05
4.7132e-06
1.16535e-05
1.15681e-05
1.16384e-05
1.16574e-05
1.16655e-05
1.24165e-05
1.20357e-05
1.14434e-05
1.2119e-05
1.18048e-05
7.01495e-06
1.16475e-05
4.43255e-06
1.15647e-05
1.16457e-05
1.1649e-05
1.18836e-05
1.13519e-05
1.12095e-05
1.128e-05
1.3382e-06
1.16953e-05
3.41912e-06
8.1889e-06
1.18137e-05
1.15754e-05
1.18492e-05
7.15784e-06
1.16529e-05
1.12921e-05
1.16539e-05
1.19946e-05
1.19906e-05
1.20617e-05
1.16455e-05
6.52191e-06
1.16961e-05
1.16171e-05
1.18256e-05
1.1633e-05
1.15179e-05
9.75071e-06
1.20185e-06
1.17206e-05
1.07598e-05
1.16092e-05
1.20081e-05
1.08764e-05
4.8618e-06
1.19879e-05
1.15997e-05
1.16629e-05
1.16086e-05
1.01948e-05
1.13129e-05
1.18479e-05
1.16546e-05
1.20065e-05
7.24112e-06
4.84797e-06
1.3924e-06
1.20275e-05
5.22724e-06
1.18895e-05
1.16417e-05
1.19974e-05
1.12794e-05
1.06698e-05
1.15415e-05
1.19134e-05
6.88692e-06
1.16512e-05
1.34619e-06
1.16464e-05
1.17219e-05
1.1596e-05
2.58461e-06
6.80581e-06
1.1981e-05
1.17041e-05
1.16558e-05
1.17489e-05
1.25062e-06
1.16574e-05
1.19015e-06
1.19149e-05
1.19472e-05
1.1896e-05
1.18514e-05
1.18452e-05
6.89991e-06
1.15596e-05
1.21638e-05
1.16539e-05
1.16532e-05
1.18136e-05
1.16445e-05
1.13407e-05
9.6782e-06
1.16395e-05
1.16557e-05
1.18902e-05
1.16578e-05
1.16713e-05
6.75943e-06
1.12037e-05
4.79608e-06
1.1815e-05
1.14267e-05
1.1495e-05
1.16289e-05
1.15876e-05
1.14887e-05
1.16147e-05
1.18828e-05
1.19366e-05
1.1518e-05
3.53336e-06
1.17502e-05
1.19392e-05
8.01812e-06
8.69014e-06
5.35271e-06
1.16304e-05
1.16508e-05
9.34114e-06
1.43523e-06
8.95556e-06
1.18474e-05
1.16846e-05
1.12882e-05
1.4014e-07
1.16512e-05
1.16818e-05
1.1362e-05
1.16434e-05
1.18535e-05
1.1914e-05
7.11477e-06
1.11606e-05
1.16432e-05
1.21351e-05
1.14773e-05
2.4177e-06
4.86376e-06
1.12576e-05
3.6593e-06
1.20536e-05
1.16718e-05
1.16886e-05
1.20293e-05
7.33568e-06
1.15957e-05
6.42658e-06
1.1634e-05
8.38023e-06
1.14182e-05
1.16548e-05
5.06061e-06
7.46157e-06
2.00471e-06
1.16785e-05
1.15829e-05
1.20528e-05
1.1987e-05
1.13007e-05
1.1657e-05
1.16412e-05
1.16448e-05
1.91473e-06
9.83835e-06
1.16441e-05
1.1581e-05
1.13363e-05
1.20359e-05
1.1945e-05
1.15208e-05
1.10552e-05
7.89243e-06
1.16536e-05
5.47853e-06
1.15458e-05
1.64264e-06
1.14308e-05
5.09799e-06
1.19648e-05
6.63366e-06
1.11903e-05
1.1818e-05
3.61882e-06
1.16575e-05
1.20437e-06
1.17385e-05
1.15842e-05
9.79018e-06
1.07809e-05
1.83711e-06
1.08115e-05
1.20356e-05
1.10465e-05
7.38165e-06
1.14489e-05
9.43344e-06
3.79953e-06
7.76832e-06
1.16366e-05
1.16366e-05
1.16513e-05
1.17527e-05
7.33718e-06
1.70257e-06
1.05196e-05
1.11794e-05
2.97533e-06
1.14436e-05
1.12615e-05
1.18709e-05
1.1658e-05
1.16506e-05
1.16419e-05
1.16143e-05
1.17861e-06
7.49482e-06
1.19686e-05
6.04714e-06
1.06759e-05
6.50709e-06
1.16423e-05
1.18688e-05
1.16683e-05
8.60113e-06
1.16377e-05
9.55281e-06
1.16519e-05
3.82766e-06
1.15677e-05
1.16537e-05
1.15822e-05
1.01204e-05
1.62768e-06
1.16485e-05
1.12357e-05
1.0968e-05
6.77274e-06
1.15893e-05
1.15887e-05
7.6884e-06
1.13202e-05
1.16512e-05
1.13809e-05
8.25248e-06
1.13869e-05
1.15997e-05
1.13794e-05
1.14846e-05
8.38121e-06
1.19169e-05
4.72007e-06
1.16552e-05
1.18035e-05
1.19107e-05
1.19381e-05
1.19438e-05
1.15483e-05
5.59178e-06
1.16264e-05
1.20183e-05
1.19739e-05
5.4078e-06
1.16567e-05
1.15199e-05
1.18248e-05
1.18941e-05
1.1644e-05
1.14215e-05
1.16915e-05
1.15111e-05
5.94285e-06
9.57481e-06
1.15114e-05
1.16531e-05
1.14739e-05
1.15026e-05
1.14106e-05
1.16949e-05
1.15347e-05
1.2074e-05
3.91175e-06
1.16541e-05
1.17947e-05
3.06013e-06
5.81764e-06
1.18341e-05
1.1451e-05
5.75381e-06
1.17989e-05
1.16219e-05
1.14464e-05
1.12523e-05
1.14105e-05
1.08097e-05
1.19824e-05
1.15012e-05
1.20136e-05
5.00098e-06
7.04668e-06
1.16577e-05
1.13986e-05
5.66802e-06
1.13213e-05
5.8056e-06
6.64573e-06
1.15347e-05
1.1729e-05
8.27683e-06
1.16493e-05
7.56322e-06
4.03816e-06
1.15858e-05
1.19415e-05
8.04251e-06
7.81355e-07
1.16495e-05
7.08214e-06
1.15445e-05
1.16577e-05
1.18391e-05
9.56579e-06
1.1252e-05
1.1652e-05
1.16529e-05
1.14263e-05
1.12986e-05
1.14711e-05
1.13384e-05
8.87509e-06
1.05999e-05
1.20937e-05
1.13177e-05
1.13662e-05
1.15948e-05
1.20969e-05
1.18913e-05
1.114e-05
7.0268e-06
5.88378e-06
1.19916e-05
6.25442e-06
2.69442e-06
7.03687e-06
1.16576e-05
1.14759e-05
1.70359e-06
1.16634e-05
1.20514e-05
9.17218e-06
1.16803e-05
3.92874e-06
1.16694e-05
1.14904e-05
2.82082e-06
1.16362e-05
1.20322e-05
1.17044e-05
1.16677e-05
1.1435e-05
9.65981e-06
1.16599e-05
2.83369e-06
7.39363e-06
4.1804e-06
1.16533e-05
1.16533e-05
1.19307e-05
1.13976e-06
1.16565e-05
1.1664e-05
1.08308e-05
1.16499e-05
1.16732e-05
1.12144e-05
1.14727e-05
1.13702e-05
6.13933e-06
6.1842e-06
1.16636e-05
1.15981e-05
1.17046e-05
1.16549e-05
1.15163e-05
1.16849e-05
6.12812e-06
1.17879e-05
1.09133e-05
1.1629e-05
1.0211e-05
6.19437e-06
1.16543e-05
1.20174e-05
9.72498e-06
7.393e-06
3.01068e-06
1.11968e-05
1.20275e-05
6.95644e-06
1.17999e-05
1.13476e-05
1.12359e-05
9.63392e-06
1.15251e-05
1.69657e-06
8.38452e-06
1.13764e-05
1.16393e-05
1.1652e-05
1.10956e-05
1.21071e-05
1.11673e-06
1.17009e-05
1.16514e-05
2.17036e-06
1.00042e-05
1.14534e-05
1.06987e-05
1.14292e-05
1.15113e-05
1.13543e-05
1.20566e-05
7.31055e-06
1.13827e-05
1.1475e-05
1.13932e-05
1.13033e-05
5.03594e-06
8.50761e-06
3.47529e-06
1.20179e-05
1.46166e-06
1.143e-05
1.16528e-05
6.3204e-06
6.57592e-06
1.15018e-05
1.16481e-05
1.11394e-05
1.04571e-05
1.16362e-05
1.1656e-05
1.69383e-06
1.2056e-05
1.12489e-05
1.16954e-05
1.14085e-05
8.89873e-06
1.13578e-05
1.81238e-06
1.18814e-05
4.29111e-06
1.16567e-05
1.20336e-05
1.12946e-05
1.17222e-05
1.16969e-05
1.17207e-05
6.564e-06
1.14249e-05
1.13204e-05
1.20835e-05
1.16819e-05
7.14729e-06
1.16535e-05
1.16586e-05
7.18499e-06
4.41775e-06
6.70489e-06
1.16548e-05
8.1597e-06
1.11429e-05
1.1482e-05
1.16464e-05
7.31947e-06
1.13999e-05
1.12896e-05
1.2043e-05
1.19927e-05
1.12333e-05
1.18441e-05
1.19485e-05
1.16528e-05
1.14352e-05
1.19634e-05
1.14089e-05
1.12948e-05
1.16901e-05
1.13675e-05
1.16544e-05
1.17966e-05
1.15281e-05
5.87598e-06
8.93262e-06
1.20149e-05
1.16953e-05
1.16504e-05
1.15171e-05
1.27682e-06
7.20954e-06
9.16913e-06
8.48617e-06
6.94324e-06
7.14034e-06
1.15643e-05
1.14688e-05
9.71194e-06
1.1356e-05
1.16567e-05
9.37087e-06
1.14044e-05
1.16724e-05
1.19105e-05
1.11156e-06
1.16547e-05
5.74963e-06
1.16666e-05
1.20138e-05
1.16531e-05
1.16883e-05
1.02152e-05
1.13185e-05
1.1415e-05
1.16018e-05
1.15922e-05
6.58253e-06
9.39235e-06
1.15879e-05
1.15208e-05
1.1615e-05
6.57381e-06
1.16312e-05
4.55891e-06
1.09596e-05
1.13491e-05
1.16477e-05
1.12891e-05
9.86077e-06
1.16537e-05
1.15822e-05
1.07418e-05
1.29427e-06
1.10888e-05
1.11828e-05
1.19958e-05
1.8538e-06
6.93161e-06
1.11451e-05
8.80088e-06
1.13336e-05
1.16281e-05
1.12615e-05
6.69968e-06
7.6921e-06
1.161e-05
1.10982e-05
1.16363e-05
4.30772e-06
1.16659e-05
1.13457e-05
7.15375e-06
1.15831e-05
1.134e-05
7.32339e-06
1.1554e-05
1.11145e-05
1.19393e-05
8.7317e-06
1.10779e-05
1.05762e-05
1.0576e-05
1.14232e-05
1.16413e-05
1.12838e-05
1.14508e-05
1.12931e-05
1.17823e-05
4.68417e-06
6.76013e-06
1.14109e-05
2.80583e-06
1.40608e-06
1.1655e-05
1.16102e-05
1.12786e-05
1.16454e-05
1.16492e-05
1.67662e-06
9.69455e-06
1.16483e-05
1.20346e-05
1.1367e-05
1.16374e-05
1.16439e-05
6.32603e-06
1.13609e-05
1.1037e-05
6.66607e-06
6.67881e-06
1.10899e-05
1.10882e-05
6.88564e-06
1.16578e-05
4.81179e-06
6.86206e-06
1.16025e-05
1.12063e-05
1.13264e-05
6.57828e-06
1.1379e-05
1.16335e-05
1.18367e-05
1.12999e-05
1.1318e-05
7.43814e-06
1.12639e-06
1.43539e-06
1.11102e-05
9.46141e-06
1.11645e-05
1.13202e-05
9.9113e-06
1.09994e-05
1.42198e-06
1.40283e-06
1.17354e-05
1.13951e-05
5.73185e-06
1.17658e-05
1.18899e-05
8.67376e-07
1.1776e-05
1.16302e-05
1.17524e-05
1.15441e-05
1.13738e-05
1.15767e-05
1.07421e-05
1.11926e-05
1.11763e-05
1.12e-05
1.1718e-05
1.1438e-05
6.38078e-06
6.97344e-06
5.49588e-06
1.14345e-05
1.16533e-05
1.15907e-05
1.11573e-05
1.16042e-05
8.99846e-07
3.59626e-06
7.19309e-06
1.1267e-05
1.12524e-05
6.9524e-06
5.86079e-06
3.59248e-06
4.92251e-06
1.12928e-05
1.0885e-05
1.14578e-05
1.13138e-05
1.11056e-05
1.17619e-05
1.17302e-05
1.1255e-05
1.13212e-05
1.16085e-05
1.15662e-05
1.09705e-05
7.07845e-06
1.16534e-05
6.55265e-06
8.05995e-06
8.62969e-06
5.04878e-06
5.36802e-06
1.16458e-05
1.14217e-05
1.05408e-05
1.16047e-05
1.14027e-05
1.17127e-05
1.12755e-05
1.17473e-05
9.11655e-06
1.16382e-05
1.1925e-05
1.10489e-05
1.1204e-05
1.8119e-06
7.55118e-06
1.14873e-05
6.00219e-06
3.65342e-06
1.21759e-06
1.16846e-05
5.24208e-06
1.1612e-05
1.18926e-05
1.17355e-05
5.94601e-06
1.165e-05
1.16749e-05
1.16337e-05
1.16207e-05
1.15921e-05
1.17391e-05
1.14667e-05
1.14642e-05
1.18688e-05
6.29953e-06
1.17577e-05
1.13142e-05
1.17798e-05
7.78254e-06
1.47617e-06
8.26484e-06
1.1618e-05
1.15014e-05
5.11606e-06
1.16386e-05
1.16564e-05
7.01207e-06
1.14846e-05
7.90734e-07
1.1655e-05
9.18847e-06
8.37069e-06
1.14569e-05
1.18254e-05
1.11673e-06
1.19409e-05
1.28092e-05
1.14211e-05
1.11658e-05
1.00666e-05
1.14724e-05
1.16643e-05
1.14626e-05
5.18498e-06
1.20366e-06
6.11448e-06
1.16946e-05
1.08874e-06
1.14742e-05
1.11929e-05
7.28107e-06
7.447e-06
1.16584e-05
1.16331e-05
9.70141e-06
5.62324e-06
8.74047e-06
1.09596e-05
6.20067e-07
7.17288e-06
1.14824e-05
1.12347e-05
1.14996e-05
2.72321e-06
1.16739e-05
1.17236e-06
6.73481e-06
1.09613e-05
7.33183e-06
8.52141e-06
1.08527e-05
2.91778e-06
5.30978e-06
1.17177e-05
6.19898e-06
7.45736e-06
7.26217e-06
1.03635e-05
1.15808e-05
1.03847e-05
1.17306e-05
1.12793e-05
6.17309e-06
1.77266e-06
1.19059e-05
9.7594e-06
1.04715e-05
7.80045e-06
7.67169e-06
1.11332e-05
1.15546e-05
1.11441e-05
5.27807e-06
1.11748e-05
1.16557e-05
2.87929e-06
1.1574e-05
1.17512e-05
1.18026e-05
7.89262e-06
1.13556e-05
1.09068e-05
1.1042e-05
1.1386e-05
1.20233e-05
9.25874e-06
5.43718e-06
1.16329e-05
1.16548e-05
1.11571e-05
1.10526e-05
1.11186e-05
1.00678e-05
1.16575e-05
5.9202e-06
1.23706e-06
4.20553e-06
4.18226e-06
6.24234e-06
1.16436e-05
1.18091e-05
1.14813e-05
4.86385e-06
1.09335e-05
3.97781e-06
1.18714e-05
4.99018e-06
5.29015e-06
1.16517e-05
6.49446e-06
1.7427e-06
1.1894e-05
5.56324e-06
1.09648e-05
1.17103e-05
1.16537e-05
1.13567e-05
9.61417e-06
9.38933e-06
1.18674e-05
1.14129e-05
1.09513e-05
1.00211e-05
4.73549e-06
1.13781e-05
1.14305e-05
1.18419e-05
4.31342e-06
1.17644e-05
1.15676e-05
7.36648e-06
1.15715e-05
1.49311e-06
7.8482e-06
7.67996e-06
1.19176e-05
1.13597e-05
5.29028e-06
1.16503e-05
5.31545e-06
1.16526e-05
1.1659e-05
8.5776e-06
1.16569e-05
1.14465e-05
7.70743e-06
7.13806e-06
5.79403e-06
1.15739e-05
1.16496e-05
8.97112e-06
4.60746e-06
1.1252e-05
1.16426e-05
1.11387e-05
1.10866e-05
1.13444e-05
7.40838e-06
1.16528e-05
1.15698e-05
1.16595e-05
1.12178e-05
8.25713e-06
1.16219e-05
1.15136e-05
6.91797e-06
8.41271e-07
7.83349e-06
5.54157e-06
1.10861e-05
3.987e-06
1.16228e-05
1.57331e-06
5.93197e-06
1.20752e-05
1.21173e-05
4.48017e-06
1.16261e-05
1.10559e-05
1.17032e-05
5.81921e-06
1.27702e-06
1.10884e-05
6.87464e-06
1.02236e-05
1.16586e-05
1.16553e-05
1.1144e-05
9.63521e-06
6.98869e-06
3.0315e-06
1.19401e-05
1.13681e-05
7.10042e-06
1.16572e-05
7.96016e-06
1.19711e-05
8.99475e-06
1.16496e-05
4.35208e-06
9.30963e-06
6.05799e-06
1.18886e-05
4.04813e-06
3.1711e-07
1.1169e-05
9.04047e-06
6.93157e-06
1.1132e-05
6.62201e-06
4.22445e-06
6.06753e-06
1.13383e-05
6.93877e-06
1.16536e-05
1.15336e-05
4.31602e-06
1.13556e-05
7.15165e-06
8.08777e-06
1.5952e-06
9.76583e-06
1.13639e-05
1.20806e-05
1.16119e-05
1.06157e-05
1.13846e-05
1.10814e-05
1.1652e-05
1.19321e-05
5.56717e-06
1.09943e-05
1.12459e-05
3.13115e-06
9.57056e-07
1.1426e-05
1.14778e-05
1.17277e-05
8.50195e-06
6.83084e-06
1.11024e-05
1.1986e-05
1.11329e-05
1.22236e-06
1.18355e-05
8.21625e-06
1.13164e-05
6.31103e-06
1.17039e-05
4.18729e-06
6.44706e-06
1.1655e-05
8.39455e-06
5.44156e-06
1.21061e-05
7.25451e-06
1.15851e-05
1.10938e-05
1.1091e-05
1.16996e-05
1.16547e-05
8.81795e-06
1.21156e-05
1.71229e-06
1.11477e-05
7.49236e-06
1.15977e-05
1.10569e-05
7.2645e-06
1.18257e-05
1.13686e-05
5.77827e-06
8.54527e-06
8.34532e-06
5.16184e-06
4.06176e-06
1.1416e-05
1.12145e-05
1.16539e-05
1.16363e-05
1.16541e-05
1.04064e-06
6.43761e-06
7.53567e-06
1.16847e-05
1.16345e-05
1.12915e-05
1.10695e-05
1.16282e-05
6.82578e-06
1.04918e-05
1.1752e-05
4.90825e-06
1.16593e-05
9.5549e-06
8.47513e-06
3.93568e-06
4.60898e-06
2.40887e-06
8.14143e-06
8.17061e-06
3.54903e-06
1.21291e-05
1.16232e-05
1.19258e-06
1.58234e-06
1.19629e-06
8.50063e-07
1.40143e-06
1.24574e-06
2.97287e-06
1.13926e-06
1.07476e-05
3.81035e-06
9.48681e-07
9.22729e-06
1.12981e-05
6.81812e-06
1.13983e-05
1.15623e-05
1.18721e-05
1.68596e-06
3.02496e-06
1.21516e-05
1.16544e-05
8.60502e-06
7.20518e-06
6.69073e-06
1.16467e-05
1.13811e-05
7.00266e-06
8.51199e-06
3.30152e-06
1.17248e-05
1.12969e-05
1.10998e-05
7.9281e-06
1.14356e-05
1.16583e-05
2.07542e-06
3.42476e-06
1.12457e-05
1.1101e-05
1.14363e-05
1.15969e-05
1.16609e-05
1.12057e-05
1.14365e-05
7.0892e-06
5.37411e-06
8.73679e-06
8.64722e-06
1.144e-05
9.78222e-06
6.81693e-06
6.60937e-06
1.11182e-05
1.03505e-05
1.16361e-05
1.1378e-05
4.93553e-06
1.16375e-05
6.45217e-06
1.11379e-05
9.70645e-06
6.48193e-06
1.12933e-05
1.12344e-05
7.5818e-06
1.12279e-05
1.02709e-06
1.12554e-05
1.1833e-05
1.18433e-05
1.12991e-05
1.41475e-06
1.16647e-05
9.47807e-06
5.18909e-06
8.86944e-06
4.83926e-06
1.1801e-05
8.22875e-06
1.38194e-06
1.67383e-06
4.80966e-06
1.16007e-05
2.67557e-06
1.27364e-05
7.39036e-06
1.11299e-05
1.16592e-05
1.13495e-05
1.14158e-05
8.8129e-06
1.10247e-05
1.14528e-05
1.16103e-05
6.80844e-06
1.16558e-05
1.16593e-05
7.66322e-06
7.06992e-06
1.11222e-05
1.14983e-05
6.79197e-06
9.85179e-07
4.68379e-06
9.00322e-06
8.07702e-06
3.25784e-06
1.10683e-05
5.17383e-06
1.16304e-05
1.79785e-06
1.18137e-05
8.86025e-06
6.54311e-06
1.24829e-05
1.16543e-05
1.1593e-05
1.1271e-05
1.11431e-05
1.15901e-05
1.10598e-05
8.66899e-07
1.13996e-05
1.20957e-05
3.30152e-06
1.15114e-05
9.48542e-06
1.12176e-05
7.19659e-06
1.12515e-05
1.15466e-05
1.20979e-05
4.55778e-06
1.16579e-05
1.11863e-05
1.06754e-05
1.1399e-05
9.1375e-06
8.02531e-06
1.14892e-05
1.19886e-05
1.17851e-05
1.13517e-05
1.22102e-05
1.12611e-05
7.81072e-06
7.38183e-06
3.29922e-06
4.0399e-07
1.15709e-05
3.17375e-06
1.13823e-05
1.14338e-05
7.79009e-06
4.43248e-06
1.12275e-05
1.16952e-05
1.18384e-05
1.16994e-05
1.10755e-05
9.27316e-06
7.51092e-06
9.54422e-06
1.17157e-05
4.18331e-06
5.58091e-06
3.55749e-06
1.20149e-05
1.11858e-05
9.40931e-06
3.15291e-06
6.35365e-06
1.03267e-05
1.15734e-05
3.04637e-06
1.13887e-05
7.45017e-06
2.37323e-06
6.07242e-06
1.1149e-05
8.6147e-06
1.17179e-05
1.1659e-05
1.15958e-05
1.14686e-05
1.16698e-05
1.13277e-05
2.92039e-06
1.16575e-05
1.10764e-05
1.15494e-05
2.41392e-06
5.60535e-06
1.13793e-05
1.5155e-06
7.57684e-06
1.1657e-05
7.51662e-06
1.19324e-05
9.62255e-07
1.12196e-05
2.54528e-06
6.53848e-06
1.06734e-05
1.16523e-05
7.81849e-06
5.69e-06
6.81214e-06
1.19781e-05
1.11592e-05
8.53836e-06
1.16303e-05
1.25369e-06
1.16221e-05
8.67022e-06
3.97167e-06
1.16501e-05
1.17712e-05
1.1204e-05
1.09838e-05
1.11198e-05
1.16175e-05
3.00998e-06
1.15663e-05
1.14809e-05
1.16484e-05
1.1252e-05
1.15854e-05
8.27584e-06
1.21495e-05
3.84643e-06
1.11856e-05
7.63499e-06
1.13976e-05
1.16618e-05
3.44659e-06
9.36501e-06
1.15738e-05
1.16627e-05
6.24003e-06
1.17653e-05
1.12656e-05
7.93351e-06
7.9098e-06
1.93802e-06
9.20149e-06
1.19915e-05
1.19691e-05
1.10405e-05
3.72186e-06
1.13035e-05
1.18922e-05
7.76154e-06
8.75746e-06
1.09505e-06
5.73642e-06
1.11615e-05
6.22755e-06
3.47012e-06
7.87213e-06
5.69318e-06
1.07854e-05
1.58965e-06
1.16876e-05
1.12069e-05
2.42455e-06
1.18344e-05
1.24125e-05
1.17707e-05
7.88792e-06
1.1264e-05
9.74796e-06
9.67716e-06
1.18907e-05
1.15546e-05
6.85888e-06
1.17327e-05
7.64246e-06
1.13313e-05
8.42089e-06
1.11049e-05
2.30182e-06
1.11177e-05
1.16608e-05
9.8374e-06
8.18663e-06
2.67306e-06
2.40204e-06
1.1805e-05
8.01425e-06
5.43097e-06
1.19135e-05
1.11406e-05
6.88395e-06
1.13083e-05
5.98914e-06
3.18744e-06
3.35528e-06
1.15286e-05
1.78956e-06
4.50262e-06
1.55356e-06
4.44609e-06
9.8072e-06
2.18046e-06
3.34533e-06
9.889e-07
1.11425e-05
7.58212e-06
9.29227e-06
1.13348e-05
7.57999e-06
8.14042e-06
1.17917e-05
9.67947e-06
1.14851e-05
1.18073e-05
1.21721e-05
1.0447e-05
1.11195e-05
2.98199e-06
2.05908e-06
9.93264e-06
1.13843e-05
1.52809e-06
8.54059e-07
1.12409e-05
2.11116e-06
1.19579e-05
1.08871e-05
1.14139e-05
7.06622e-06
3.22188e-06
1.21475e-05
1.12147e-05
2.05101e-06
1.12729e-05
3.36482e-06
8.26679e-06
1.70447e-06
1.69533e-06
1.06935e-05
1.16576e-05
1.3762e-06
9.21525e-06
1.18208e-05
1.93832e-06
1.20338e-05
9.29312e-06
1.20193e-05
1.14278e-05
1.89946e-06
6.09949e-06
1.13668e-05
8.74833e-06
1.09269e-06
1.05356e-06
3.09595e-06
1.8176e-06
5.7215e-06
8.39263e-06
1.12221e-05
1.16267e-05
1.20845e-05
7.62129e-06
1.14824e-05
1.13866e-05
1.58373e-06
7.44046e-06
1.14122e-05
1.13973e-05
1.15312e-05
7.03867e-06
2.97233e-06
1.13235e-05
1.16591e-05
1.27054e-05
1.14861e-05
8.51906e-06
7.76741e-06
1.16871e-05
1.15304e-05
1.10755e-05
9.99325e-06
1.1944e-05
1.14823e-05
9.70762e-06
8.61114e-06
1.15522e-05
8.62213e-06
1.14337e-05
2.67683e-06
2.59706e-06
1.15446e-05
2.84867e-06
6.36901e-06
1.12271e-05
6.55896e-06
5.97345e-06
1.17482e-05
1.00468e-05
8.64554e-06
1.19191e-05
3.40533e-06
1.17421e-05
5.00193e-06
1.15759e-05
1.23726e-05
1.16322e-05
1.11256e-05
7.34521e-06
8.63939e-06
1.16164e-05
1.54705e-06
1.14036e-05
8.86679e-06
1.01921e-05
2.74321e-06
1.18113e-05
1.16639e-05
1.18974e-06
1.33908e-06
8.77211e-06
1.16473e-05
5.06288e-06
1.18655e-05
5.05838e-06
1.66298e-06
1.16478e-05
1.16592e-05
1.16272e-05
1.12253e-05
8.12015e-07
1.32486e-06
1.15829e-05
1.11314e-05
8.04473e-06
8.76015e-06
3.39208e-08
5.84702e-06
1.16605e-05
1.19933e-05
6.21223e-06
8.89996e-06
2.46953e-06
1.1564e-05
1.11996e-05
1.0644e-06
1.1639e-05
1.59336e-06
1.16359e-05
8.01777e-06
1.13926e-05
1.09912e-05
1.14302e-05
1.21665e-05
1.16352e-05
7.36662e-06
1.16503e-05
1.12926e-05
1.16596e-05
1.15678e-05
1.28107e-06
1.12124e-05
9.15265e-06
9.77007e-06
1.16691e-05
1.16173e-05
9.02874e-06
1.34764e-06
2.79388e-06
6.73797e-06
2.34079e-06
1.16329e-05
3.91285e-06
1.1116e-05
1.05455e-05
1.2132e-05
1.15374e-05
1.16566e-05
3.429e-06
1.56145e-06
1.11213e-05
4.19334e-06
6.43289e-06
6.74893e-06
1.20603e-05
2.20898e-06
1.16772e-05
1.07241e-05
9.63765e-07
9.01521e-06
1.11945e-05
2.87284e-06
9.15929e-06
1.18037e-05
7.52678e-06
1.10914e-05
1.15704e-05
1.16659e-05
7.10703e-06
5.15973e-06
1.16166e-05
5.63902e-06
4.18431e-06
1.16606e-05
6.67945e-06
4.91418e-06
1.47493e-06
1.20253e-05
1.30203e-06
1.16547e-05
1.05366e-06
1.16701e-05
2.07739e-06
1.13768e-05
3.10341e-06
9.52375e-06
1.17088e-05
7.64572e-06
1.16264e-05
1.11986e-05
2.40827e-06
9.49701e-06
8.93695e-06
1.16554e-05
8.97965e-07
1.14005e-05
6.44821e-06
8.96449e-06
1.15207e-05
1.04876e-05
7.22945e-06
1.94624e-06
3.93095e-06
1.13405e-05
1.13673e-05
1.15967e-05
1.14414e-05
1.03842e-05
7.12643e-06
1.18495e-05
7.04651e-06
9.65678e-06
1.24358e-05
1.12003e-05
8.62079e-07
1.67622e-06
1.81359e-06
4.96531e-06
7.41153e-06
1.00117e-06
5.79098e-07
1.16398e-05
1.11447e-05
1.01927e-05
6.05158e-06
1.19086e-05
1.17738e-05
9.09273e-06
1.11373e-05
1.04968e-06
3.19851e-06
8.46056e-06
7.29287e-06
1.0165e-05
6.67155e-06
8.29994e-06
6.12457e-06
1.68059e-06
1.08988e-05
1.15426e-05
9.08076e-06
1.01232e-06
1.16579e-05
1.17201e-05
1.095e-05
6.86533e-06
6.3057e-06
8.17245e-06
1.16589e-05
7.12935e-06
1.16434e-05
1.10527e-05
1.15706e-05
1.55028e-06
1.14852e-05
1.15849e-05
1.15713e-05
1.14972e-05
2.9421e-06
1.19005e-05
3.2329e-06
9.42715e-06
3.37202e-06
2.91933e-06
1.11767e-05
1.16547e-05
3.03398e-07
1.14106e-05
6.86847e-06
1.1159e-05
1.159e-05
1.20044e-05
1.16929e-05
1.09146e-05
1.10766e-05
3.63671e-06
6.89652e-06
1.16275e-05
1.16637e-05
6.92793e-06
1.1633e-05
1.42317e-06
4.30577e-06
2.02524e-06
9.36079e-07
1.07061e-05
1.16988e-05
5.77358e-06
4.09849e-06
2.51356e-06
1.16518e-05
1.41041e-06
8.14328e-06
1.59475e-06
1.16609e-05
1.17486e-05
6.61573e-06
1.16345e-05
5.14679e-06
3.2344e-06
8.98118e-06
1.71454e-06
1.16116e-05
8.42704e-06
4.80638e-06
1.19224e-05
1.16449e-05
1.14839e-05
1.16495e-05
2.03096e-06
1.08387e-05
6.49154e-06
6.17877e-06
1.1041e-06
1.15419e-05
4.77469e-06
1.16329e-05
9.18504e-06
7.50901e-06
1.16537e-05
1.17012e-05
1.14222e-05
1.20949e-05
4.09135e-06
1.03327e-06
7.29323e-06
1.11364e-05
1.14216e-05
9.42833e-06
1.12911e-05
1.16285e-05
9.70079e-06
7.91037e-06
-1.03838e-07
2.5483e-06
1.16532e-05
8.55393e-06
1.12434e-05
1.18861e-05
1.19252e-05
1.98997e-06
1.14993e-05
8.15977e-06
2.53752e-06
1.16455e-05
6.66847e-06
1.16035e-05
8.40475e-06
9.26408e-06
5.59546e-06
3.91986e-06
6.08838e-06
1.13177e-05
1.16239e-05
9.29753e-07
3.54917e-06
9.60004e-06
1.17168e-05
1.1838e-05
1.13886e-05
1.16415e-05
1.16431e-05
1.32959e-06
6.07202e-06
1.11845e-05
8.26949e-06
2.84392e-06
8.92869e-06
7.5534e-07
1.02736e-05
5.69989e-06
2.25486e-06
1.16828e-05
1.1053e-06
1.02126e-05
1.07e-05
5.90477e-06
6.34188e-06
6.808e-06
1.82566e-06
1.15119e-05
1.19346e-05
9.83576e-06
1.15158e-05
2.75237e-06
1.19117e-05
1.12553e-05
9.64825e-06
1.15831e-05
1.14596e-05
1.17414e-05
1.16586e-05
5.61536e-06
8.49038e-06
1.14493e-05
3.02576e-06
1.16401e-05
1.12938e-05
6.6856e-06
1.21521e-06
5.16463e-06
1.20303e-05
6.9611e-07
1.1789e-05
8.94441e-06
1.83066e-06
1.16417e-05
1.11361e-05
8.69156e-06
1.12938e-06
1.1145e-05
1.17818e-05
7.52273e-06
7.2735e-06
1.11337e-05
7.71542e-07
2.98754e-06
5.8338e-06
1.23649e-05
1.16205e-05
3.68434e-06
8.66415e-06
5.46768e-06
1.31539e-06
1.38342e-06
5.65002e-06
1.12649e-05
1.21286e-05
6.93231e-06
6.28299e-06
1.19327e-05
1.14708e-05
1.15338e-05
6.3778e-06
1.16515e-05
1.16782e-05
5.8358e-06
4.05386e-07
1.16879e-05
1.15493e-05
6.85161e-07
1.18161e-05
1.19816e-05
3.72475e-06
3.38923e-06
2.5325e-06
9.28663e-07
5.1426e-07
1.17233e-05
1.06748e-05
4.67401e-06
6.0283e-06
1.15505e-05
3.10254e-06
1.35585e-06
1.45847e-06
1.16644e-05
2.62366e-06
8.39546e-06
3.41373e-06
4.50096e-06
1.07807e-05
1.89779e-06
1.16502e-05
1.07119e-06
1.1573e-05
1.163e-05
3.04102e-06
3.88503e-06
6.61701e-06
5.35013e-06
1.29402e-05
4.55461e-06
1.10206e-05
7.92459e-06
5.89663e-06
7.52898e-07
8.81377e-06
1.1649e-05
4.74087e-06
2.29751e-06
8.28865e-06
7.5794e-06
3.92296e-06
4.74935e-06
1.99904e-06
6.72917e-06
1.14323e-05
7.05436e-06
7.7642e-06
1.15197e-05
6.93086e-06
5.11969e-06
1.1646e-05
1.64932e-06
4.99019e-06
1.16383e-05
1.15294e-05
4.32141e-06
1.1628e-05
1.76727e-06
4.58569e-06
2.36855e-06
5.1237e-06
1.16003e-05
1.16492e-05
3.44211e-06
9.35104e-06
5.33969e-06
1.15973e-05
1.15946e-05
1.15738e-05
4.31683e-06
1.16311e-05
7.53591e-06
6.70707e-06
7.62715e-06
2.92712e-06
4.38578e-06
1.16275e-05
9.96538e-06
3.24631e-06
4.7129e-06
4.0136e-06
5.83179e-06
5.67407e-06
1.25204e-05
2.80995e-06
5.40606e-06
4.70641e-06
1.19155e-06
1.1658e-05
1.14862e-05
1.15335e-05
1.16386e-05
1.15563e-05
9.14556e-06
8.80848e-06
9.52804e-07
1.16646e-05
1.16531e-05
1.11182e-05
1.19437e-05
1.16614e-05
1.16152e-05
1.15279e-05
1.16516e-05
1.18486e-05
1.16282e-05
8.52166e-06
9.22637e-06
1.10946e-05
1.1014e-05
8.05566e-06
1.16871e-05
1.96433e-06
1.02102e-05
1.13355e-05
5.18712e-06
1.16385e-05
1.09975e-05
1.12171e-05
1.15185e-05
1.13241e-05
1.41385e-06
1.16433e-05
1.16074e-05
1.17143e-05
2.48174e-06
8.7722e-06
8.17217e-06
9.26983e-06
5.3106e-06
1.14136e-05
6.70556e-06
1.1365e-05
1.145e-05
8.69879e-06
1.20839e-05
1.14857e-05
1.17667e-05
5.21196e-06
1.15493e-05
1.14422e-05
1.09541e-05
1.25881e-05
1.15098e-05
1.1615e-05
1.18852e-05
9.62533e-07
2.75604e-06
1.52543e-06
3.6713e-06
1.1261e-05
9.60954e-06
9.44528e-06
1.16119e-05
1.12956e-05
1.10953e-05
1.31924e-06
8.11086e-06
1.22512e-05
1.24569e-06
2.79699e-06
1.16534e-05
7.31047e-07
1.15809e-05
1.152e-05
1.15929e-05
1.15381e-05
4.55148e-06
1.14472e-05
3.00193e-06
5.67106e-06
1.14669e-05
1.16268e-05
1.15481e-05
1.28924e-06
6.55606e-06
8.71656e-06
1.1475e-05
2.72134e-06
1.15378e-05
1.16548e-05
1.11869e-05
1.22024e-05
1.94715e-06
1.17885e-05
8.60493e-06
1.20346e-05
1.1593e-05
5.08299e-06
1.11305e-05
1.1727e-05
1.12392e-05
1.13017e-05
1.1429e-05
2.64727e-06
8.04385e-07
1.85676e-07
1.21294e-05
2.61037e-06
8.1539e-07
8.58174e-06
1.13388e-05
1.17321e-05
1.14048e-05
6.40743e-06
1.11247e-05
1.25384e-05
1.15836e-05
1.16266e-05
1.11949e-05
1.19502e-05
2.14037e-06
5.51376e-07
1.07195e-05
1.16284e-05
1.10485e-05
2.50307e-06
9.06198e-06
1.16547e-05
1.16616e-05
5.54407e-06
1.01014e-05
1.1028e-05
1.18223e-05
5.50581e-06
1.14193e-05
1.15226e-05
1.13487e-05
6.20429e-06
1.25586e-05
7.4403e-06
7.71828e-06
4.95402e-06
8.19455e-06
8.66336e-07
8.05392e-06
1.17615e-05
7.92451e-06
3.22503e-06
1.16616e-05
5.79253e-06
1.16839e-05
1.14512e-05
1.18832e-05
1.13675e-05
5.98571e-06
1.12597e-05
9.47478e-06
6.68787e-06
5.29457e-06
1.14336e-05
8.89778e-06
1.16577e-05
7.91752e-06
1.16626e-05
9.18867e-06
7.88093e-07
8.46625e-06
2.46984e-06
1.15364e-05
5.67498e-06
1.12627e-05
1.16621e-05
1.02835e-05
1.12496e-05
8.48181e-07
5.41729e-06
9.8509e-07
5.92531e-06
3.2634e-06
2.0605e-06
2.26522e-06
4.57867e-06
1.12708e-05
1.16538e-05
6.46792e-06
8.30819e-06
8.75907e-07
1.16602e-05
1.16684e-05
1.15641e-05
1.28547e-06
4.82713e-06
1.14089e-05
1.13233e-05
6.64355e-06
1.15522e-05
1.141e-05
1.14071e-05
1.13574e-05
9.31435e-06
1.18688e-05
1.18809e-05
1.16647e-05
6.17372e-06
1.11451e-05
3.01045e-06
2.85865e-06
4.92081e-06
5.10261e-06
1.16296e-05
1.06185e-05
5.85629e-07
7.389e-07
1.16451e-05
4.70281e-06
1.15883e-05
1.16364e-05
9.02302e-06
1.02313e-05
1.12181e-05
1.1643e-05
1.13536e-05
1.08461e-05
1.12853e-05
9.56453e-06
5.29095e-06
2.70218e-06
8.19088e-07
4.78098e-06
8.3494e-06
7.9371e-06
1.12001e-05
1.15784e-05
1.15664e-05
6.26422e-07
1.12048e-05
1.15743e-05
1.14635e-05
1.05943e-05
1.18603e-05
1.13051e-05
1.10563e-05
9.39705e-06
3.57251e-06
2.17505e-06
8.40875e-06
5.05355e-06
6.11585e-07
1.16532e-05
7.08139e-06
9.46348e-07
-1.09685e-07
2.01579e-06
1.0362e-05
1.14161e-05
1.16694e-05
4.68828e-06
9.29458e-07
3.1512e-06
7.09581e-07
1.21565e-05
1.10506e-05
1.21122e-05
1.16338e-05
8.3878e-06
9.14835e-06
1.14218e-05
7.57172e-06
5.1646e-06
1.1454e-05
1.2214e-05
1.21768e-05
1.09257e-06
1.1733e-05
3.32906e-06
1.18413e-05
1.18789e-05
6.33734e-06
1.75382e-06
1.02596e-05
1.27333e-05
1.15225e-05
6.09616e-07
8.23201e-06
7.35901e-07
4.87635e-07
6.05923e-07
4.73513e-07
5.64726e-07
6.4182e-06
1.13343e-05
1.26166e-05
1.15425e-05
3.90302e-06
1.12878e-05
1.1546e-05
7.74827e-06
1.16285e-05
1.1578e-05
1.14621e-05
1.14262e-05
5.80941e-06
5.31147e-06
9.27298e-06
5.03808e-06
9.92848e-07
1.14907e-05
9.52008e-06
1.16412e-05
1.10628e-05
2.9364e-06
1.19588e-05
6.29974e-06
1.16813e-05
1.12981e-05
8.4829e-07
2.28906e-06
1.11905e-05
1.14732e-05
1.16918e-05
8.87586e-07
1.15727e-05
7.31911e-06
1.11343e-05
1.11836e-05
4.01044e-07
1.15342e-05
1.17489e-05
8.11595e-06
7.16704e-07
1.17483e-05
1.16549e-05
1.14538e-05
1.19714e-05
1.17981e-05
7.95583e-06
1.05706e-05
1.11147e-05
2.51698e-06
9.43282e-06
1.1883e-05
6.72073e-06
1.1222e-05
5.53816e-06
1.15503e-05
1.14064e-05
1.10086e-05
4.91049e-06
1.14697e-05
6.99834e-06
1.16528e-05
1.10869e-05
1.1205e-05
1.1576e-06
4.37513e-06
1.4429e-06
1.06283e-05
9.64314e-06
1.81483e-06
3.05495e-06
4.3731e-06
7.70093e-06
8.534e-06
1.10341e-05
6.38553e-07
1.13092e-05
1.09001e-06
1.14276e-05
5.39677e-06
9.43844e-06
1.13238e-05
1.25782e-05
4.52257e-06
1.20968e-05
1.2058e-05
1.28197e-06
1.09921e-05
7.99837e-06
4.70262e-06
4.62894e-06
1.16342e-05
9.50484e-07
1.16565e-05
8.91236e-07
1.15253e-05
4.24646e-06
4.93181e-06
9.1577e-06
5.09121e-06
1.12324e-05
1.16127e-05
5.48591e-06
4.39696e-06
8.88681e-06
8.64773e-06
1.16513e-05
1.15097e-05
1.14258e-05
1.14156e-05
1.18534e-05
9.75511e-07
1.21561e-05
9.66925e-07
1.12228e-05
1.12583e-05
6.21585e-07
7.26097e-07
1.14815e-05
1.1492e-05
1.19447e-05
1.1777e-05
1.1322e-05
1.16344e-05
1.05828e-05
9.76408e-06
6.34684e-06
1.17521e-05
1.15708e-05
9.55977e-06
1.14577e-05
1.14351e-05
4.12203e-06
1.16244e-05
6.74324e-06
7.8808e-06
1.19212e-05
1.14262e-05
7.49501e-06
1.16485e-05
1.14255e-05
1.16459e-05
1.03487e-05
1.2082e-05
1.01667e-05
1.07739e-05
1.68548e-06
7.55839e-06
6.06937e-06
2.45044e-06
4.53225e-06
6.92183e-06
5.91675e-06
7.23903e-07
7.94657e-07
1.1711e-05
5.10674e-06
1.0405e-05
1.13295e-05
1.91064e-06
4.32136e-06
1.20542e-05
4.04132e-06
4.0787e-06
1.17009e-05
1.16578e-05
1.13925e-05
1.16161e-05
9.08104e-06
3.99688e-06
5.7988e-06
8.72264e-06
1.17633e-05
1.05823e-05
1.24371e-05
3.38447e-06
8.93516e-06
1.16485e-05
1.14108e-05
1.16493e-05
7.97093e-06
1.20213e-05
9.67584e-06
3.52207e-06
1.0634e-06
5.95444e-06
2.63122e-06
1.15321e-05
9.5693e-06
2.14528e-06
3.96037e-06
3.57433e-07
3.64243e-07
3.92375e-07
4.98751e-07
3.25646e-06
1.06523e-05
6.66336e-07
7.4643e-06
1.16485e-05
1.19908e-05
2.86511e-06
1.24425e-05
3.87197e-06
1.16077e-05
1.40668e-06
8.42385e-06
9.8813e-06
9.32176e-06
1.20894e-05
1.00987e-05
1.161e-05
1.86909e-06
1.17045e-05
1.1532e-05
1.09805e-05
1.21005e-05
1.09935e-05
1.16061e-05
1.11661e-05
1.15462e-05
3.40682e-06
1.01595e-06
4.55089e-06
5.46707e-06
3.11435e-06
1.12424e-05
1.14718e-05
3.74552e-06
1.43997e-06
4.20731e-06
1.15502e-05
1.16354e-05
6.96246e-06
9.78033e-06
1.14063e-05
8.0809e-07
1.19139e-05
1.17042e-05
1.16531e-05
1.16515e-05
1.47055e-06
1.164e-05
1.16483e-05
1.16268e-05
7.67659e-06
1.13646e-05
1.17598e-05
1.1021e-05
1.13238e-05
7.24526e-06
1.16208e-05
8.87281e-06
9.86245e-06
1.16513e-05
1.17543e-05
4.52808e-07
1.10674e-05
1.16521e-05
1.06109e-05
1.14104e-05
1.17943e-05
1.17207e-05
1.14286e-05
1.16176e-05
1.18505e-05
3.61944e-06
1.06453e-05
1.0047e-05
4.08358e-06
5.58033e-06
1.11934e-05
1.13412e-05
2.67505e-06
1.21226e-05
1.11006e-05
1.16609e-05
1.11234e-05
7.55908e-06
4.07118e-06
1.11925e-05
8.32198e-07
5.44808e-06
1.19095e-05
2.25683e-07
2.39644e-07
3.10562e-07
1.11814e-05
1.16339e-05
1.11519e-05
8.68124e-06
1.42211e-06
8.98406e-06
3.56411e-06
1.17587e-05
1.288e-07
8.45455e-08
3.66818e-07
1.06344e-05
7.52531e-07
9.14987e-06
1.16447e-05
1.6844e-06
4.03402e-06
3.21285e-06
1.137e-05
2.17987e-06
1.91362e-06
1.11666e-05
6.27017e-06
1.1209e-05
1.30606e-06
5.60997e-06
3.49353e-06
7.34618e-06
4.49258e-07
1.16788e-05
9.05585e-06
1.17004e-05
2.99317e-06
3.96021e-06
7.17407e-06
7.22698e-06
5.32791e-06
1.19974e-05
1.1564e-05
1.22943e-05
1.15948e-05
1.12423e-05
1.17793e-05
4.39278e-06
9.17377e-06
1.12073e-05
1.14345e-05
1.16609e-05
4.79259e-06
1.16298e-05
7.56739e-06
1.17026e-05
1.11677e-05
1.16451e-05
8.16328e-07
1.11775e-05
2.86309e-06
1.16122e-05
4.80385e-06
5.19598e-06
3.21962e-06
1.17366e-05
3.37083e-06
1.16736e-05
1.17192e-05
1.71511e-06
8.71587e-07
1.08465e-06
5.95665e-07
9.25877e-07
9.33549e-07
1.17073e-05
1.02684e-05
4.14842e-06
9.63192e-06
1.17254e-05
3.83535e-06
8.82186e-06
1.15285e-05
2.29596e-06
2.98758e-06
1.16306e-05
9.03894e-06
3.54088e-06
1.17407e-05
1.21524e-05
1.16706e-05
1.16393e-05
1.1708e-05
1.16397e-05
7.10692e-06
1.15993e-05
3.68064e-06
1.14949e-05
1.14637e-05
6.81464e-06
5.98011e-06
1.18006e-05
9.4241e-07
1.16252e-05
3.25212e-06
7.01167e-06
1.19245e-05
1.13236e-05
7.16287e-06
1.17332e-05
3.71e-06
1.83846e-06
1.166e-05
1.20608e-05
1.16521e-05
1.16196e-05
3.13596e-06
1.14882e-06
1.13412e-05
1.14976e-05
1.14447e-05
1.15462e-05
1.90031e-06
1.13452e-05
3.77752e-06
1.16358e-05
1.15335e-05
1.08632e-05
1.20518e-05
1.16002e-05
6.42741e-06
1.14089e-05
1.16692e-05
3.58618e-06
1.11573e-05
1.10171e-05
1.16477e-05
1.18181e-05
5.96488e-06
1.15518e-05
2.02267e-06
3.90481e-07
1.18189e-05
9.96289e-06
2.93368e-06
1.95418e-06
6.98772e-06
2.76682e-07
2.70359e-07
6.98848e-06
1.15274e-05
8.30075e-06
6.62395e-06
1.16251e-05
1.15073e-05
1.16279e-05
1.16347e-05
1.15283e-05
2.82177e-06
1.84414e-06
1.2922e-06
7.93516e-07
1.15555e-05
3.46238e-06
1.16069e-05
2.80492e-06
5.27499e-06
1.24652e-05
1.15539e-05
6.59587e-06
6.05548e-06
1.05923e-05
1.14181e-05
1.16204e-05
1.15213e-05
2.80353e-06
1.15694e-05
1.24423e-05
1.16638e-05
1.18712e-05
1.21199e-05
1.20421e-05
1.09279e-05
9.91228e-06
6.74172e-06
1.16038e-05
2.06896e-06
1.12706e-05
4.08753e-07
2.86325e-06
4.8736e-06
1.16232e-05
3.33778e-06
1.15917e-05
1.16511e-05
5.97503e-06
1.16552e-05
1.15285e-05
1.13617e-05
6.78329e-06
1.18417e-05
1.16132e-05
1.1224e-05
5.69186e-06
1.16038e-05
2.85029e-07
1.23226e-05
1.20604e-05
9.26366e-06
1.15383e-05
6.9458e-07
2.27538e-06
1.16259e-05
1.61498e-06
4.59564e-07
1.17863e-05
1.16195e-05
9.31578e-06
2.875e-06
1.16092e-05
1.19591e-05
3.35634e-06
1.00214e-05
6.25737e-06
1.12985e-05
3.21117e-06
2.1857e-06
1.15369e-05
2.39166e-06
1.11688e-05
1.1649e-05
1.17865e-05
2.53553e-06
5.92263e-06
1.12361e-05
1.15706e-05
1.1204e-05
2.27114e-06
1.11033e-05
1.13412e-05
1.16537e-05
1.20892e-05
4.65068e-06
6.74231e-06
1.19288e-05
5.65026e-06
4.89775e-06
1.16397e-05
3.07889e-06
6.6178e-06
1.1289e-05
1.15254e-05
2.30606e-06
1.14094e-05
1.2266e-05
7.80206e-06
1.20708e-05
1.92236e-06
3.92631e-06
4.57739e-06
1.12849e-05
6.35896e-06
1.20255e-05
1.04694e-05
3.49246e-06
1.15156e-05
1.08016e-05
4.998e-06
1.14243e-05
1.12038e-05
1.09299e-06
8.1814e-07
1.13993e-05
6.54991e-06
1.28586e-06
1.14281e-05
1.08539e-05
4.438e-06
1.05163e-05
7.15324e-06
2.75859e-07
2.42661e-06
3.63624e-06
1.16511e-05
1.17922e-05
1.16629e-05
1.1457e-05
2.30014e-06
1.18273e-05
4.05728e-06
2.16164e-06
1.14559e-05
1.19311e-05
1.15266e-05
1.16511e-05
1.20601e-05
3.66732e-06
1.16473e-05
5.80817e-06
2.64825e-06
7.6328e-07
1.17075e-05
6.55435e-06
2.6658e-06
9.24394e-06
1.22851e-06
1.1564e-05
1.1295e-05
1.12951e-05
8.03802e-06
2.54762e-06
1.12816e-05
1.19035e-05
1.13601e-05
2.18559e-06
1.13576e-05
1.12819e-05
4.67326e-06
2.43126e-06
9.36933e-06
1.15116e-05
1.16101e-05
1.20671e-05
1.17948e-05
4.19336e-06
6.22664e-06
1.09833e-06
1.1463e-05
6.2209e-06
5.93654e-06
1.13146e-05
1.13495e-05
1.15751e-05
1.14508e-05
1.16033e-05
1.11013e-05
3.67512e-06
1.32553e-06
2.66846e-06
2.4289e-06
1.13592e-05
1.27357e-05
1.18393e-05
6.50803e-06
1.12581e-05
1.16809e-05
4.0594e-06
3.92776e-06
6.31594e-06
1.25e-05
1.85104e-06
1.09945e-05
5.80725e-06
4.32757e-06
1.21753e-05
1.16448e-05
1.12708e-05
5.91507e-06
1.12401e-05
1.15224e-05
1.16495e-05
2.78844e-06
2.8555e-07
1.05247e-07
1.17829e-05
6.66816e-06
1.16427e-05
2.7474e-06
1.13142e-05
1.17329e-05
2.28617e-06
1.13641e-05
1.10568e-05
1.16959e-05
1.09305e-05
1.19164e-05
6.2797e-06
1.15262e-05
3.18619e-06
9.69786e-06
1.14872e-05
1.1424e-05
4.18964e-06
1.15728e-05
6.61799e-06
1.18013e-05
1.16585e-05
6.35289e-06
2.7972e-06
1.1554e-05
1.15696e-05
4.54207e-06
4.45969e-06
5.52605e-06
1.20458e-05
1.16517e-05
1.15007e-05
2.9087e-06
1.04437e-05
1.1414e-05
1.13851e-05
1.11625e-05
1.19564e-05
2.18532e-06
5.30062e-06
1.18793e-05
1.16169e-05
5.7802e-06
7.39849e-07
2.68565e-06
1.2081e-05
1.14059e-05
1.15375e-05
1.16535e-05
1.15428e-05
4.31748e-06
1.30508e-06
1.13914e-05
9.90917e-06
3.24825e-06
2.08428e-06
7.31586e-06
1.16437e-05
1.0389e-05
2.59232e-06
4.60181e-06
2.30587e-06
3.11633e-06
1.13652e-05
1.11579e-05
6.05039e-06
8.07135e-07
1.49113e-06
1.1712e-05
3.14422e-06
2.00667e-06
1.02137e-05
1.26212e-05
1.14636e-05
5.87831e-06
1.16368e-05
1.12112e-05
1.10692e-05
3.52757e-06
9.39839e-06
1.19898e-05
1.11871e-05
4.44456e-06
1.21007e-05
1.0862e-05
1.90823e-06
8.04171e-06
1.14053e-05
1.16361e-05
1.04344e-05
5.86074e-07
1.19485e-05
1.16313e-05
2.71995e-07
1.14385e-05
1.13771e-05
1.69852e-06
1.16551e-05
6.72155e-06
1.1416e-05
1.14204e-05
1.14778e-05
1.14993e-05
1.14027e-05
1.15545e-05
3.86363e-06
1.15627e-05
1.02409e-06
1.66024e-06
5.72458e-06
1.16013e-05
1.18751e-05
3.27015e-06
9.31815e-06
5.76155e-06
2.63713e-06
4.57477e-06
1.16551e-05
1.11296e-05
6.02818e-06
4.4591e-06
1.16378e-05
1.12359e-05
6.20856e-06
5.82265e-06
1.1773e-05
1.15907e-05
1.26414e-06
1.62512e-06
1.16386e-05
2.76691e-06
1.1652e-05
1.11751e-05
1.20201e-05
9.98439e-06
3.44668e-06
1.16334e-05
3.55242e-06
1.0639e-05
1.14375e-05
9.09021e-06
1.14745e-05
7.79417e-06
5.10394e-07
6.41794e-07
4.92429e-07
5.60689e-07
5.33512e-07
6.94033e-06
3.67316e-06
4.69563e-06
4.33257e-06
5.5178e-06
1.18938e-05
1.15212e-05
1.16113e-05
1.1537e-05
1.15513e-05
1.16313e-05
5.53003e-06
9.6795e-07
1.18826e-05
5.50788e-06
1.14052e-05
1.16388e-05
9.03837e-07
4.79441e-06
1.17854e-05
5.6297e-07
1.14159e-05
4.1528e-06
6.58438e-06
5.28464e-06
5.41668e-06
1.07259e-05
1.16318e-05
5.26593e-06
1.28315e-05
7.76319e-06
9.14826e-07
5.91124e-06
5.18217e-06
4.44447e-06
2.33881e-06
1.14634e-05
1.18762e-05
5.37577e-06
1.16359e-05
1.14371e-05
7.46068e-06
2.72403e-06
4.25778e-06
1.14914e-05
1.16621e-05
4.96248e-06
1.15646e-05
3.18742e-06
1.16531e-05
1.14477e-05
6.24729e-06
1.16295e-05
1.16459e-05
1.16496e-05
5.48051e-06
1.10986e-05
2.55262e-06
1.19231e-05
1.14328e-05
1.16372e-05
1.19654e-05
1.16234e-05
1.16306e-05
1.15377e-05
1.15945e-05
3.35286e-07
1.14342e-05
1.14601e-05
7.90638e-06
1.16471e-05
1.16812e-05
4.30836e-06
1.12969e-05
7.03869e-06
9.49064e-06
1.16217e-05
5.25739e-06
1.15119e-05
1.18098e-05
1.11769e-05
1.14771e-05
1.16979e-05
4.57304e-06
5.80429e-06
8.51689e-08
-5.58396e-08
2.11508e-08
1.16238e-05
4.19654e-06
1.1617e-05
5.51534e-06
1.15408e-05
4.37394e-06
1.18228e-05
1.15438e-05
1.08736e-05
1.0977e-05
1.16021e-05
1.15849e-05
1.19626e-05
1.13895e-05
5.36761e-06
6.12601e-06
9.44402e-06
3.47334e-06
4.68353e-06
1.15956e-05
9.07763e-06
4.97721e-06
1.18756e-05
1.11039e-05
3.13596e-06
1.16372e-05
1.16573e-05
1.15242e-05
3.61602e-06
1.16292e-05
1.16074e-05
4.9856e-06
1.16269e-05
1.18784e-05
1.02147e-06
1.14474e-05
1.10889e-05
1.16702e-05
1.16312e-05
1.14155e-05
1.62147e-06
7.80175e-06
5.74531e-06
1.15295e-05
1.15394e-05
1.14382e-05
5.5807e-06
1.11802e-05
5.41653e-06
1.16451e-05
4.83096e-06
4.89973e-06
1.23045e-05
1.16297e-05
1.2078e-05
3.92023e-06
6.74692e-06
1.1669e-05
5.4694e-06
1.16289e-05
4.90317e-06
1.15419e-05
1.71971e-06
3.06451e-06
1.24652e-05
5.01359e-06
3.34289e-06
7.6167e-07
7.91715e-07
4.59739e-07
5.1812e-07
4.85251e-06
1.16358e-05
6.25405e-06
1.17981e-05
1.04189e-05
2.92425e-06
1.16466e-05
5.7397e-06
5.14926e-06
9.27412e-06
5.66852e-06
4.55924e-06
1.15282e-05
1.14083e-05
1.162e-05
1.14081e-05
1.16265e-05
1.1471e-05
4.57988e-06
2.943e-06
6.40191e-06
4.57367e-06
1.15857e-05
1.13059e-05
1.16265e-05
4.59336e-07
1.16255e-05
5.42955e-06
1.16194e-05
1.63976e-06
1.16317e-05
1.1613e-05
1.1693e-05
5.75169e-06
3.58551e-06
1.16682e-05
1.16264e-05
1.16057e-05
1.14312e-05
6.49796e-06
1.15952e-05
1.15073e-05
3.90183e-06
6.63591e-06
1.16209e-05
1.1436e-05
1.16168e-05
1.16326e-05
1.15143e-05
1.14446e-05
6.18054e-07
1.13224e-05
7.59084e-06
5.27802e-06
1.12694e-05
3.88831e-06
1.16572e-05
9.70066e-06
1.16382e-05
4.45011e-06
6.14451e-06
1.15963e-05
6.15553e-06
1.15725e-05
1.23745e-05
1.99825e-06
5.39765e-06
1.16236e-05
9.29503e-06
1.13789e-05
9.64053e-06
6.31336e-06
1.16323e-05
1.16287e-05
1.15784e-05
1.15173e-05
1.17185e-05
1.03085e-05
2.26009e-06
3.18611e-06
1.11769e-05
6.44201e-06
6.12835e-06
4.21312e-06
1.22587e-06
1.95738e-06
1.88224e-06
7.76923e-06
3.81409e-06
6.51246e-06
7.67215e-06
6.22832e-06
9.44086e-06
1.16608e-05
9.32951e-06
1.14185e-05
1.22236e-05
9.15574e-06
1.18618e-05
1.12473e-05
1.13683e-05
9.91933e-06
9.57704e-06
9.21374e-06
1.09899e-06
4.48208e-07
1.20238e-05
1.16098e-07
9.15357e-07
5.24822e-06
1.17724e-05
1.16523e-05
3.54595e-07
2.29843e-07
2.5486e-06
1.16212e-05
1.24595e-05
1.16434e-05
1.20449e-05
1.16416e-05
1.16946e-05
1.1138e-05
1.14636e-05
1.13797e-05
1.04352e-05
1.16557e-05
5.03375e-07
1.16324e-05
1.1615e-05
1.14372e-05
1.04346e-05
1.18553e-05
1.14818e-05
2.40168e-08
-7.12196e-08
1.12786e-05
4.60969e-07
1.14162e-05
1.18673e-05
1.1119e-05
1.10719e-05
1.11957e-05
1.1044e-05
3.70054e-07
1.12313e-05
1.11485e-05
1.1462e-05
1.12192e-05
9.41126e-06
7.19871e-06
8.02979e-07
1.18023e-05
1.117e-05
1.1465e-05
1.25574e-06
2.85411e-06
1.18586e-05
6.88331e-07
3.9755e-06
1.11718e-05
3.3406e-07
2.98274e-07
1.06607e-05
3.29682e-06
1.15502e-05
1.13927e-05
3.81289e-06
1.12371e-05
1.1299e-05
1.16392e-05
1.22083e-05
2.5996e-06
1.18405e-05
4.05265e-07
2.12366e-07
1.50691e-07
1.18124e-05
1.14692e-05
8.92745e-06
1.17344e-05
6.2429e-07
6.12191e-06
1.16113e-05
1.15088e-05
2.4196e-06
1.21141e-05
3.50026e-06
1.13848e-05
1.24871e-05
6.84177e-06
4.25023e-06
1.19115e-05
5.70747e-06
3.61285e-07
1.27358e-06
8.76177e-07
9.16478e-06
2.6053e-06
1.14914e-05
9.97582e-06
1.1631e-05
1.16004e-05
2.94821e-06
1.14392e-05
9.00985e-07
6.70656e-07
1.4617e-06
1.16748e-05
1.16324e-05
1.10834e-05
3.03704e-07
1.13673e-05
1.2616e-07
1.15913e-05
1.1591e-05
3.6059e-06
6.16266e-06
1.09557e-05
1.02779e-05
9.91886e-06
1.15326e-05
6.47002e-06
5.10559e-06
1.16277e-05
9.71279e-06
5.72569e-06
2.54357e-06
1.16168e-05
9.19933e-06
1.16596e-05
1.56427e-06
1.20954e-05
1.16728e-05
1.12705e-05
1.15499e-05
1.15558e-05
5.4638e-07
4.3715e-07
3.00573e-07
1.1564e-05
1.20895e-05
7.34122e-07
6.08941e-06
1.15573e-05
1.15503e-05
1.1651e-05
1.15293e-05
1.15754e-05
1.16145e-05
5.86624e-06
2.82596e-07
4.9931e-06
1.1628e-05
1.1636e-05
1.19992e-05
3.81057e-06
5.61038e-06
4.33358e-07
1.15826e-05
3.01464e-07
1.1609e-05
1.12278e-05
6.36409e-08
9.92648e-08
6.35954e-07
2.53149e-06
1.15946e-05
1.16864e-05
3.24521e-06
1.0903e-05
5.91963e-08
1.16578e-05
1.60524e-07
8.27493e-08
1.15945e-05
1.26141e-05
1.18166e-05
1.16267e-05
1.1569e-05
5.67887e-06
5.18009e-06
1.16476e-05
1.15722e-05
1.1933e-05
6.10139e-06
1.16304e-05
4.80515e-06
1.15115e-05
1.14759e-05
1.1379e-05
1.16932e-05
1.08633e-05
2.69272e-08
4.54825e-06
1.11937e-05
1.14724e-05
4.53429e-06
4.47505e-06
3.88933e-06
1.1693e-05
1.22281e-05
1.1455e-05
1.10758e-05
4.86835e-06
1.19342e-05
6.36249e-06
1.14599e-05
9.36108e-06
1.16552e-05
1.18576e-05
5.00029e-06
1.2161e-05
1.02776e-06
1.09817e-05
1.15128e-05
1.06209e-05
1.1605e-05
4.2111e-06
4.1351e-06
-1.90818e-08
-7.27327e-08
-3.05706e-08
2.59388e-08
3.59773e-08
1.19314e-05
)
;

boundaryField
{
    back
    {
        type            empty;
    }
    ingreso
    {
        type            zeroGradient;
    }
    salida
    {
        type            fixedValue;
        value           uniform 0;
    }
    front
    {
        type            empty;
    }
    defaultFaces
    {
        type            zeroGradient;
    }
}


// ************************************************************************* //
