/*--------------------------------*- C++ -*----------------------------------*\
  =========                 |
  \\      /  F ield         | OpenFOAM: The Open Source CFD Toolbox
   \\    /   O peration     | Website:  https://openfoam.org
    \\  /    A nd           | Version:  8
     \\/     M anipulation  |
\*---------------------------------------------------------------------------*/
FoamFile
{
    version     2.0;
    format      ascii;
    class       surfaceScalarField;
    location    "7.6";
    object      phi;
}
// * * * * * * * * * * * * * * * * * * * * * * * * * * * * * * * * * * * * * //

dimensions      [0 3 -1 0 0 0 0];

internalField   nonuniform List<scalar> 
5897
(
4.46545e-10
-1.59225e-10
8.22958e-10
-1.11028e-09
-1.12225e-08
1.26129e-08
-1.23508e-08
1.09604e-08
9.52019e-09
-9.44374e-09
1.33405e-10
-2.09862e-10
1.58753e-10
-1.2761e-09
1.16649e-09
-4.91417e-11
1.24056e-08
-1.06747e-08
3.621e-11
-1.76716e-09
-7.85885e-09
-2.69428e-09
6.56204e-09
3.99108e-09
-4.84805e-09
3.9694e-10
-6.35539e-10
5.08665e-09
1.34439e-08
7.34364e-09
9.92626e-11
-2.08868e-08
-8.72339e-09
1.89348e-09
-7.09903e-10
7.53981e-09
2.85162e-09
9.34011e-09
-9.93792e-09
-2.25381e-09
-1.37875e-11
6.61256e-10
-7.35317e-10
8.78486e-11
-1.43925e-09
8.99132e-09
1.80462e-09
1.76076e-08
8.23429e-10
-1.50923e-08
-3.33864e-09
1.36412e-08
8.03537e-10
-2.0391e-09
1.60049e-09
1.73869e-10
-3.51145e-10
-1.42322e-09
-1.94247e-08
1.51712e-08
1.17843e-08
-7.53085e-09
4.30832e-09
5.06994e-09
-5.67429e-09
-3.70397e-09
-1.10171e-10
5.37733e-10
1.23095e-10
-5.50657e-10
6.43986e-11
-3.85292e-10
-9.84159e-11
4.1931e-10
9.98651e-09
-2.55258e-09
-1.00717e-08
2.63778e-09
-1.6551e-08
1.98954e-08
-5.85527e-09
2.51081e-09
4.73814e-09
-9.33677e-09
-3.26022e-09
1.10051e-08
-4.35173e-09
-8.10198e-09
1.44856e-09
2.05503e-10
1.90292e-10
-1.86126e-08
1.82168e-08
6.91318e-09
-2.69266e-09
-9.90544e-09
5.68492e-09
-9.42303e-09
-7.07639e-09
5.61951e-09
1.08799e-08
-5.39374e-10
2.44287e-09
1.09335e-09
-2.99684e-09
-1.4622e-08
1.97559e-08
-9.80623e-09
4.67228e-09
2.7109e-10
-1.17609e-10
-2.12451e-10
5.89692e-11
-1.57075e-08
3.23558e-09
-6.95276e-09
-9.18764e-09
1.76142e-08
2.89113e-09
-1.13177e-08
-8.90099e-09
1.21605e-08
-1.47586e-08
1.14991e-08
-1.16696e-08
5.6206e-10
1.34026e-09
9.76726e-09
1.29966e-08
8.99239e-09
-5.881e-10
-2.14009e-08
-9.46386e-09
-1.36269e-08
6.05181e-09
1.70389e-08
-8.62446e-09
4.57278e-10
8.16718e-09
4.03759e-09
-5.39562e-09
-3.24155e-09
4.59958e-09
1.74176e-08
-1.59074e-08
-7.28053e-09
5.77035e-09
5.84516e-09
-6.10578e-09
8.67408e-10
-6.06785e-10
9.34854e-09
-1.24268e-08
-8.93832e-09
1.20166e-08
-1.14456e-09
9.66377e-10
2.06211e-09
-1.88392e-09
4.22369e-10
-5.67165e-09
-2.04446e-10
5.45373e-09
2.76853e-09
-3.83456e-09
1.04227e-08
-2.33377e-09
3.60855e-09
-3.83963e-09
2.56484e-09
-1.49316e-08
1.63644e-08
-2.90901e-09
1.47624e-09
1.58273e-10
-1.85168e-09
-3.21358e-10
2.01476e-09
8.33686e-09
1.15471e-09
-1.73247e-09
-7.7591e-09
4.40741e-11
4.50015e-11
-8.90756e-11
-1.51508e-10
7.29874e-11
3.7396e-10
-2.95439e-10
-1.24494e-09
3.34564e-09
-1.88889e-08
1.67882e-08
-6.32925e-09
4.494e-09
-4.98519e-10
-6.81593e-09
-2.19121e-08
5.5006e-09
2.32274e-08
1.75529e-09
-3.95239e-09
9.70112e-09
-7.50402e-09
6.80703e-09
-7.57013e-09
-1.93119e-09
-2.55536e-09
1.26496e-09
1.67642e-10
7.88492e-09
-8.05256e-09
5.95861e-10
7.07919e-09
-7.67505e-09
-9.23231e-09
2.41835e-11
9.20813e-09
5.82243e-10
-1.45461e-08
-1.36662e-10
1.41005e-08
8.35432e-09
-5.91852e-09
4.15816e-10
-9.68418e-09
9.94707e-12
9.67423e-09
-9.52263e-09
1.02717e-11
9.51236e-09
-9.24812e-09
6.90534e-12
9.24121e-09
1.09371e-08
-6.74226e-09
-4.19485e-09
-3.95074e-11
-1.71742e-08
1.72232e-08
-9.53024e-12
-3.9082e-11
-1.6769e-08
1.68168e-08
-8.75865e-12
-1.35184e-10
2.90038e-10
-1.26887e-09
1.11402e-09
6.3181e-10
6.08553e-09
-1.47166e-10
-6.57017e-09
-3.0331e-11
1.65288e-08
-3.38814e-12
-1.64951e-08
-9.22954e-09
6.69889e-13
9.22887e-09
4.63838e-10
-1.66558e-09
1.44352e-09
-2.41784e-10
-4.75573e-11
1.65341e-08
5.92438e-12
-1.64925e-08
1.58401e-08
-1.50996e-08
-1.23025e-09
4.89725e-10
-9.19867e-09
-2.60857e-12
9.20128e-09
1.59832e-09
-3.0014e-09
3.50538e-09
-2.1023e-09
3.22323e-10
1.64224e-08
-9.04608e-10
-1.51419e-09
4.71794e-10
2.64072e-09
-3.06776e-11
1.65193e-08
-1.32813e-11
-1.64753e-08
2.09714e-09
5.15701e-09
-4.27549e-09
-2.97865e-09
2.55456e-09
-2.32205e-09
1.92706e-09
-2.15957e-09
1.66512e-08
3.06533e-09
-3.35218e-09
6.00178e-10
-1.6176e-09
1.48126e-09
-9.16655e-09
-2.47873e-12
9.16903e-09
2.3778e-10
-1.64752e-08
1.63306e-08
-9.32098e-11
-3.50709e-09
-8.71293e-09
3.25134e-09
8.96869e-09
-2.13662e-11
1.64895e-08
-2.38123e-11
-1.64443e-08
-7.82721e-09
5.41557e-09
-4.21861e-09
6.63025e-09
-1.72122e-11
1.70847e-08
-2.90708e-11
-1.70384e-08
-1.68857e-11
1.66818e-08
-2.83714e-11
-1.66366e-08
-2.68319e-09
-1.00673e-08
4.9233e-09
-1.75543e-11
1.64594e-08
-2.47168e-11
-1.64171e-08
-9.12968e-09
-4.81517e-12
9.1345e-09
-1.65783e-08
-9.36064e-10
6.08348e-10
1.6906e-08
-9.56741e-09
-3.78413e-12
9.5712e-09
-9.40929e-09
-3.55676e-12
9.41285e-09
1.39267e-09
-1.68658e-11
1.64169e-08
-2.83195e-11
-1.63717e-08
-1.99949e-11
1.70395e-08
-2.21645e-11
-1.69973e-08
-1.96277e-11
1.66376e-08
-2.17865e-11
-1.65962e-08
2.94833e-09
3.6931e-09
-4.54429e-09
5.15112e-09
4.11596e-09
-6.31876e-09
-7.26716e-12
1.73048e-08
-7.23073e-11
-1.72252e-08
-9.61481e-12
1.68959e-08
-6.75144e-11
-1.68187e-08
-3.5267e-09
1.59968e-09
-1.46239e-08
1.92138e-09
7.89527e-09
-2.64646e-09
-7.17019e-09
-1.29048e-08
3.71125e-09
-6.51393e-09
1.16745e-10
3.55537e-10
-4.16429e-10
-5.58525e-11
-9.13039e-12
-1.63296e-08
1.63731e-08
-3.43427e-11
-9.53062e-09
-1.07437e-12
9.53169e-09
-9.37329e-09
-1.04085e-12
9.37433e-09
-1.63939e-11
-1.69623e-08
1.70104e-08
-3.17004e-11
-1.61728e-11
-1.65607e-08
1.66084e-08
-3.14929e-11
6.17214e-11
-5.61407e-09
-2.77891e-10
5.83024e-09
-2.8517e-11
1.7204e-08
-1.7153e-08
-2.24479e-11
-2.7973e-11
1.67983e-08
-1.67484e-08
-2.18502e-11
7.16583e-09
1.14807e-08
-1.89223e-08
2.75704e-10
-8.69608e-09
-5.95707e-09
1.11461e-08
3.29351e-10
1.80619e-08
-1.74736e-08
-9.17678e-10
3.14112e-10
1.7631e-08
-1.70598e-08
-8.85275e-10
-9.50065e-09
-4.25486e-13
9.50108e-09
-9.34407e-09
-3.66639e-13
9.34444e-09
9.19378e-09
7.77066e-10
-6.30737e-10
6.12769e-09
-7.73783e-09
7.30762e-09
-5.69749e-09
-2.19167e-11
1.7176e-08
-1.71271e-08
-2.69262e-11
-2.13723e-11
1.6771e-08
-1.67232e-08
-2.64683e-11
3.67644e-09
-3.4493e-09
-4.85833e-10
2.58691e-10
5.03322e-10
2.19862e-09
-2.14318e-09
-5.5877e-10
-8.09777e-12
1.69448e-08
-1.95302e-11
-1.69171e-08
-9.18224e-12
1.65386e-08
-2.31718e-11
-1.65063e-08
-1.42315e-08
-4.51226e-09
1.58348e-08
-2.45919e-11
1.71511e-08
-1.71042e-08
-2.2308e-11
-2.40591e-11
1.67468e-08
-1.67009e-08
-2.18267e-11
4.4369e-09
3.88098e-09
-3.16675e-09
-1.92346e-11
1.7128e-08
-1.70975e-08
-1.13277e-11
-1.88211e-11
1.67243e-08
-1.66943e-08
-1.11706e-11
-6.23295e-10
-4.73302e-10
3.17e-10
7.79597e-10
-5.24854e-09
4.12522e-09
5.12394e-09
-4.00063e-09
1.00033e-09
-3.98132e-10
-5.79908e-10
-2.22884e-11
-2.02916e-11
1.6946e-08
2.49867e-11
-1.69507e-08
-1.6435e-11
1.65105e-08
-5.44428e-12
-1.64887e-08
-8.65836e-12
1.6245e-08
-2.10601e-11
-1.62153e-08
-8.98744e-09
-7.28735e-12
8.99473e-09
3.47726e-09
2.41738e-09
-3.27339e-09
-2.62125e-09
-2.07383e-11
1.71221e-08
-1.58233e-11
-1.70855e-08
-2.03103e-11
1.67183e-08
-1.54099e-11
-1.66826e-08
-1.02192e-08
-1.2904e-08
1.19007e-08
2.87047e-10
-3.02162e-09
-3.01791e-11
2.76476e-09
-9.41867e-09
-1.21365e-11
9.43081e-09
-9.26616e-09
-1.0786e-11
9.27695e-09
-9.72368e-09
-9.56172e-09
8.65751e-10
1.91743e-09
-2.27986e-09
9.1542e-09
-8.60022e-09
-1.24733e-09
6.93349e-10
-4.50513e-09
-4.14139e-09
4.95871e-09
3.68781e-09
2.56905e-09
4.95678e-10
-2.77768e-09
-4.05798e-11
-1.70114e-08
1.70272e-08
2.48055e-11
-1.85856e-11
-1.64804e-08
1.65048e-08
-5.7504e-12
4.82537e-10
-1.09167e-09
-1.44904e-08
-9.27987e-09
-2.01357e-09
1.94534e-09
-8.30729e-12
1.62241e-08
-1.34832e-11
-1.62023e-08
-9.42573e-09
9.44318e-09
-1.74451e-11
-9.29519e-09
9.26422e-09
3.09674e-11
-1.32715e-08
-3.5154e-09
-9.20968e-09
9.17935e-09
-8.95041e-09
-1.12938e-11
8.96171e-09
-9.79687e-10
8.07123e-10
4.55313e-10
-2.82749e-10
-4.07751e-09
-6.30502e-09
3.5101e-09
6.87242e-09
-9.27879e-09
-9.38917e-09
3.20534e-13
9.38885e-09
-9.24233e-09
1.18744e-12
9.24114e-09
8.58017e-09
1.55748e-09
-1.80079e-09
1.59215e-08
-1.57404e-08
3.26775e-10
-5.07941e-10
-1.66598e-11
1.62235e-08
3.22452e-11
-1.62391e-08
-2.07076e-08
1.1826e-08
-9.2509e-09
-9.09365e-09
9.25387e-09
-1.60213e-10
-8.76752e-09
9.24819e-09
-4.80666e-10
7.32182e-10
1.72112e-09
-1.58755e-09
-1.79566e-08
5.41451e-09
-1.38062e-08
-1.74952e-08
5.17086e-09
-1.33827e-08
-1.68502e-08
4.98245e-09
-1.32233e-08
-7.27488e-12
1.63402e-08
-1.63009e-08
-3.20797e-11
-8.92932e-09
-1.66501e-12
8.93099e-09
9.92787e-09
-9.60554e-09
1.05166e-08
1.08579e-09
-2.44819e-09
-6.8334e-11
1.63613e-08
7.26873e-11
-1.63657e-08
-9.21623e-09
-9.417e-09
2.08723e-11
9.39613e-09
-9.23869e-09
6.6677e-12
9.23202e-09
-4.40104e-11
1.80463e-09
-1.16044e-09
-1.02527e-11
1.63161e-08
-1.62837e-08
-2.20687e-11
-3.71694e-09
6.16901e-09
3.03096e-09
-5.48303e-09
1.63593e-08
-1.70498e-08
5.4019e-11
6.36463e-10
3.66917e-10
-1.67115e-10
-4.16021e-10
2.16219e-10
-9.60244e-12
1.69853e-08
-3.11993e-11
-1.69445e-08
-9.61617e-12
1.65826e-08
-3.09953e-11
-1.6542e-08
3.93865e-09
-5.77877e-10
3.15664e-10
-3.54857e-11
-9.39024e-09
2.51014e-11
-9.32029e-09
-9.71662e-09
9.70935e-09
-9.55215e-09
9.54254e-09
-9.18341e-09
-7.60616e-09
8.2498e-09
-6.43641e-10
-3.44454e-12
1.62941e-08
-1.62644e-08
-2.62931e-11
-2.32902e-11
-1.69989e-08
1.69867e-08
-6.43706e-11
-1.64191e-08
1.65086e-08
-9.00132e-09
4.21593e-11
8.95916e-09
1.59445e-10
1.61499e-08
-3.87815e-10
-2.6646e-11
6.62107e-11
1.04079e-10
-1.43643e-10
-9.58462e-09
-9.42618e-09
-2.29666e-09
3.98006e-09
8.3031e-09
6.24966e-10
1.46691e-09
-1.35969e-09
1.21943e-08
-1.3065e-08
2.78713e-09
-2.45069e-09
-7.63763e-09
7.30119e-09
-6.4555e-12
1.62734e-08
-2.38431e-11
-1.62431e-08
-3.29386e-10
-8.76427e-09
-8.43637e-09
-3.31146e-10
-9.13881e-09
9.67383e-09
-9.70234e-09
9.51326e-09
-9.54123e-09
-5.14875e-10
-1.58901e-08
1.60756e-08
-9.55061e-09
-9.39291e-09
-4.27634e-09
-8.72956e-09
8.04619e-09
4.9597e-09
-1.92376e-09
4.97927e-09
7.94963e-09
2.46537e-09
5.77489e-09
-5.83656e-09
-2.4037e-09
-9.67559e-09
9.65367e-09
-9.515e-09
9.49363e-09
1.69594e-08
-1.68053e-08
-1.94118e-10
3.99591e-11
-3.68186e-09
7.64944e-09
-6.53648e-09
2.5689e-09
-5.44482e-10
-7.06168e-09
-9.10601e-09
1.49047e-12
9.10452e-09
4.15214e-09
-4.71127e-09
-8.13694e-09
-1.18315e-10
1.59332e-08
-1.68688e-08
1.67306e-08
-2.81554e-10
4.19743e-10
9.62725e-09
-9.65184e-09
9.46757e-09
-9.49163e-09
-1.70018e-10
1.48493e-10
1.21456e-09
-1.19304e-09
-9.51704e-09
-9.36024e-09
2.90334e-10
-7.56089e-09
6.69013e-09
5.80432e-10
-2.95177e-10
1.78854e-08
3.63561e-10
-1.79538e-08
1.56005e-08
-1.22537e-08
-2.08515e-08
1.75047e-08
1.65687e-08
-1.20634e-08
-2.31977e-08
1.86924e-08
1.61064e-08
-1.17364e-08
-2.26352e-08
1.82652e-08
-1.65521e-08
-1.50529e-10
3.28236e-10
1.63744e-08
5.35061e-09
-7.31651e-09
-1.55629e-09
3.5222e-09
9.61009e-09
-9.62932e-09
9.45084e-09
-9.46966e-09
-1.51713e-08
1.56093e-08
-2.00251e-10
1.67727e-08
5.8039e-11
-4.67056e-11
-1.6784e-08
1.01663e-08
-9.83695e-09
9.97723e-09
-9.66312e-09
-9.48827e-09
1.15778e-08
-1.29801e-08
1.08906e-08
1.67525e-08
1.92508e-11
9.80307e-13
-9.61329e-09
9.59255e-09
-9.45398e-09
9.43367e-09
3.72807e-10
-2.82186e-10
1.63132e-10
-9.54177e-11
-3.21975e-10
2.5426e-10
-2.22181e-11
1.70253e-08
-1.41524e-11
-1.69889e-08
-2.38847e-11
1.65048e-08
1.17763e-11
-1.64927e-08
-1.61983e-08
1.62319e-08
6.51801e-12
-4.01585e-11
-1.67318e-08
1.67289e-08
-2.35311e-11
2.64891e-11
2.77918e-12
2.14656e-11
-1.62225e-08
2.50355e-11
-4.42342e-12
2.48878e-10
3.05865e-10
-1.87826e-10
-1.62328e-08
1.62458e-08
-2.99266e-12
-1.00602e-11
-1.67131e-08
1.67143e-08
-1.90733e-11
1.78985e-11
-6.91021e-09
7.15872e-09
2.53862e-09
-9.42677e-09
-9.27535e-09
-8.9961e-09
5.73274e-11
-1.78806e-08
-7.48732e-11
1.78981e-08
-2.32214e-09
8.0835e-09
-1.00377e-08
-1.62314e-08
1.62407e-08
-1.2367e-11
3.07054e-12
-1.66824e-08
1.66753e-08
-1.84675e-11
2.5522e-11
1.41131e-09
-1.21482e-09
-3.66512e-10
-1.62228e-08
1.6232e-08
-1.05008e-11
1.27279e-12
-1.66433e-08
1.66386e-08
-1.34299e-11
1.80654e-11
4.14734e-10
-2.36184e-10
1.62194e-08
-1.6218e-08
-1.66131e-11
1.52711e-11
1.66095e-08
-1.66146e-08
-1.94662e-11
2.45021e-11
2.12019e-08
-8.17487e-09
-3.04136e-11
-2.52914e-11
2.44262e-11
2.49799e-11
-9.18627e-12
1.56763e-08
-1.322e-11
-1.56058e-08
-9.10242e-09
9.09514e-09
-1.6177e-08
1.6184e-08
-2.70855e-11
2.01655e-11
-1.65617e-08
1.6568e-08
-2.83388e-11
2.20704e-11
1.57827e-08
2.67886e-11
-1.33122e-10
-9.40947e-09
-9.25876e-09
-8.95872e-09
-1.61554e-08
1.6162e-08
-2.22073e-11
1.55384e-11
-1.65383e-08
1.6545e-08
-2.25675e-11
1.58742e-11
2.32761e-08
2.21245e-11
-2.34932e-09
-2.09489e-08
-1.15302e-08
2.23625e-08
-1.72582e-08
6.42597e-09
-1.35237e-08
2.27227e-08
-1.60258e-08
6.82679e-09
-1.3229e-08
2.2126e-08
-1.56741e-08
6.77704e-09
1.58521e-08
4.1072e-11
-1.10519e-10
-1.58844e-08
1.59079e-08
-3.4246e-11
1.07833e-11
-1.61296e-08
1.61413e-08
-2.25396e-11
1.08442e-11
-1.65124e-08
1.65245e-08
-2.28794e-11
1.07379e-11
9.0669e-09
-9.07715e-09
-1.61101e-08
1.61224e-08
-2.17287e-11
9.40816e-12
-1.64929e-08
1.65054e-08
-2.16443e-11
9.14664e-12
1.47652e-12
1.29576e-11
2.90196e-11
2.83923e-12
1.58943e-08
-1.58899e-08
6.89037e-12
-1.13177e-11
-2.1226e-09
-7.67796e-09
7.34986e-09
-1.60925e-08
1.61003e-08
-3.14484e-11
2.36474e-11
-1.64749e-08
1.64826e-08
-3.17465e-11
2.40643e-11
4.45865e-10
-1.59807e-08
1.58648e-08
-1.58637e-08
1.4669e-11
-1.58347e-11
-4.87893e-09
4.01376e-09
2.07606e-08
3.44042e-11
-6.67164e-11
-1.60258e-08
1.60648e-08
-3.94286e-11
4.61706e-13
-1.64061e-08
1.64457e-08
-4.00202e-11
4.42727e-13
1.59038e-08
5.57015e-12
-1.51812e-12
-9.45758e-09
-9.25727e-09
-3.35173e-09
-2.35229e-10
1.37662e-10
-8.94598e-09
9.04244e-09
-9.04588e-09
-1.58266e-08
1.58371e-08
1.44567e-11
-2.49589e-11
-1.60102e-08
1.60509e-08
-2.52168e-11
-1.5466e-11
-1.63902e-08
1.64321e-08
-2.56798e-11
-1.62029e-11
1.62066e-08
-8.71467e-12
2.15198e-11
1.65932e-08
-8.83852e-12
2.5176e-11
9.21116e-12
8.66986e-12
2.46172e-11
7.47244e-12
-1.60091e-08
1.60311e-08
-2.29179e-11
9.82662e-13
-1.63899e-08
1.64122e-08
-2.29474e-11
6.01359e-13
-1.57853e-08
1.58042e-08
-1.19139e-12
-1.77609e-11
-1.59864e-08
1.60081e-08
-3.36483e-11
1.19335e-11
-1.63666e-08
1.63884e-08
-3.39563e-11
1.21808e-11
-1.57742e-08
1.57858e-08
1.54111e-11
-2.70172e-11
-9.02071e-09
9.01426e-09
1.58839e-08
-6.35116e-12
1.67577e-11
9.46584e-09
-9.47544e-09
9.31014e-09
-9.31976e-09
-1.59351e-08
1.59775e-08
-2.92046e-11
-1.31853e-11
-1.63132e-08
1.63561e-08
-2.98066e-11
-1.31505e-11
-1.65684e-09
1.54881e-09
8.33599e-09
-8.22796e-09
-1.57249e-08
1.5745e-08
9.70485e-12
-2.98525e-11
-9.06966e-09
-1.59325e-08
1.59648e-08
-2.11027e-11
-1.11175e-11
-1.63103e-08
1.63431e-08
-2.14001e-11
-1.14191e-11
-2.40718e-09
1.13182e-09
-1.32707e-08
1.11559e-11
2.83198e-12
2.5007e-11
-9.66378e-13
-2.1848e-12
1.61258e-11
-5.75262e-10
5.95903e-10
-1.56817e-08
1.57061e-08
4.57045e-13
-2.48298e-11
-3.66152e-09
-2.1831e-09
2.84323e-09
-1.61993e-08
1.60204e-08
1.56059e-10
2.28635e-11
-1.58253e-08
1.56509e-08
1.54384e-10
2.00159e-11
-1.47838e-08
-7.03406e-09
7.36976e-09
1.44481e-08
1.68932e-09
-7.93109e-09
-6.29095e-10
6.87086e-09
1.58548e-08
-1.13081e-11
2.13688e-11
-1.56441e-08
1.56813e-08
-1.25451e-11
-2.46454e-11
-1.56179e-08
1.56525e-08
-6.2905e-12
-2.82753e-11
-8.94656e-09
-1.55862e-08
1.56341e-08
-2.36526e-11
-2.43129e-11
-1.51718e-09
-5.85159e-09
1.34583e-09
6.02294e-09
-1.55742e-08
1.56324e-08
-5.38752e-11
-4.3643e-12
3.47873e-11
-5.25155e-12
3.83157e-11
-6.7988e-12
-7.63822e-09
7.20495e-09
-5.82725e-12
2.60738e-11
8.70915e-09
-1.06098e-08
1.45135e-08
-1.83258e-08
-6.22013e-09
1.56449e-08
-1.58065e-08
3.17345e-11
-1.05334e-11
5.74625e-09
2.7191e-09
-5.98249e-09
-2.48286e-09
1.26286e-08
7.30454e-09
-5.39607e-09
-1.45371e-08
3.12777e-11
-2.69376e-12
3.30556e-11
-3.42009e-12
-1.04619e-09
-8.11888e-09
5.64849e-10
5.16842e-09
-1.40322e-08
1.64546e-08
-7.59081e-09
1.43548e-10
-1.70127e-10
-1.79246e-10
2.05825e-10
1.91205e-10
-8.98369e-10
8.38689e-11
-1.60558e-08
4.05776e-11
-1.06194e-11
-1.64368e-08
4.16801e-11
-1.09672e-11
-7.00222e-12
3.51623e-11
-1.68913e-10
1.19388e-10
-1.5747e-08
3.60057e-11
-1.38676e-11
2.88966e-11
3.49633e-12
2.96797e-11
2.9796e-12
4.40465e-10
-3.15278e-10
-2.76695e-10
-9.46945e-09
9.44724e-09
-9.25824e-09
9.23436e-09
1.42536e-09
-1.76448e-08
-8.30382e-10
-1.60211e-08
1.31486e-11
-2.22451e-12
-1.64011e-08
1.33998e-11
-2.56695e-12
3.97827e-10
-4.41397e-09
-8.31906e-10
-2.94568e-12
3.35763e-11
-1.82274e-08
1.18238e-10
1.81935e-08
-8.43664e-11
4.46837e-10
5.0171e-09
-1.42137e-08
8.7498e-09
1.20334e-09
-1.59797e-09
-5.06101e-09
5.45564e-09
-1.57052e-08
3.60508e-11
-1.25558e-11
-1.78594e-08
4.16768e-11
-6.28032e-11
3.7143e-10
-4.218e-10
2.48051e-11
6.43881e-12
2.52222e-11
6.34383e-12
-1.4839e-08
-6.91628e-10
1.87662e-08
-1.56682e-08
3.448e-11
-1.03144e-11
2.9263e-12
2.71621e-11
3.02692e-11
-3.24232e-13
3.10005e-11
-4.68413e-13
7.8007e-09
-1.90373e-09
1.55719e-10
3.06108e-09
1.79851e-08
-1.59506e-08
2.22163e-11
-6.72381e-12
-1.63292e-08
2.30271e-11
-6.98178e-12
1.31574e-08
-1.39528e-08
-3.7665e-09
4.56183e-09
-1.56414e-08
3.62467e-11
-1.27273e-11
1.69826e-12
3.70661e-11
5.06076e-11
-6.08566e-12
5.19677e-11
-6.1926e-12
3.23973e-10
3.36935e-10
-4.1203e-10
7.45264e-09
-1.09862e-09
-1.14379e-09
-5.21023e-09
-1.56106e-08
2.87083e-11
-4.27959e-12
-5.3883e-09
4.00035e-09
-5.26625e-09
3.8774e-09
-4.9978e-09
3.74809e-09
3.06022e-10
-1.93041e-10
1.04151e-09
-1.15449e-09
-1.55412e-09
6.082e-10
1.85769e-08
-1.61274e-09
6.42639e-10
1.9032e-08
-4.41984e-10
-1.06521e-09
2.72027e-10
1.23516e-09
2.98729e-12
3.68346e-11
2.7767e-11
1.5905e-11
2.86093e-11
1.59813e-11
-1.58901e-08
2.10031e-11
4.37685e-11
-1.62666e-08
2.34368e-11
4.38003e-11
1.7823e-09
-1.75722e-09
-7.42975e-10
7.17893e-10
-1.19911e-08
8.22954e-09
9.95195e-09
-9.08446e-09
-8.6749e-10
-8.21713e-09
7.67563e-09
-1.43159e-09
7.03376e-10
1.13769e-08
-1.06486e-08
-2.84516e-10
1.20578e-10
-2.96413e-10
1.27597e-10
-5.0724e-11
-8.38021e-09
4.18526e-10
8.01241e-09
-1.55985e-08
1.88681e-11
5.43232e-12
-2.00563e-11
4.98561e-11
-1.91886e-11
4.84606e-11
1.39486e-08
-2.24833e-08
3.89421e-09
4.64049e-09
1.36201e-08
-2.19392e-08
3.8218e-09
4.4973e-09
1.2007e-08
-1.66872e-08
1.12577e-10
4.56763e-09
-8.79449e-10
2.51672e-10
1.1255e-09
-4.97721e-10
-2.57517e-11
4.8675e-11
-2.50159e-11
4.76029e-11
-2.43115e-11
4.83365e-11
-2.38399e-11
4.74282e-11
-1.79577e-11
4.17502e-11
-1.7436e-11
4.07934e-11
-1.21765e-11
3.67766e-11
-1.19307e-11
3.5988e-11
7.88865e-12
2.9935e-11
2.52437e-11
1.64615e-11
2.60458e-11
1.61984e-11
1.67961e-08
-1.12483e-08
7.15492e-09
-1.27028e-08
1.63848e-08
-1.09874e-08
7.00717e-09
-1.24045e-08
-1.17769e-08
-1.16385e-08
-1.13453e-08
-3.28641e-09
-2.23772e-08
2.72724e-08
-1.60877e-09
5.12025e-11
-2.81409e-11
5.00995e-11
-2.82378e-11
-1.8141e-08
6.56846e-09
1.49861e-08
-3.41356e-09
2.72052e-09
8.6522e-09
-6.83147e-09
-4.54124e-09
1.42572e-09
-1.18819e-09
3.87437e-10
3.7251e-11
7.47857e-12
3.78634e-11
7.79014e-12
3.82973e-10
5.37914e-10
-5.96915e-10
1.5669e-08
-1.69139e-08
1.49004e-08
7.68544e-10
1.47843e-10
1.74088e-09
-2.88236e-10
1.03421e-11
3.54094e-12
2.29135e-11
1.47342e-12
1.11603e-11
2.86771e-11
-3.84813e-09
3.81745e-09
-7.22046e-09
7.25113e-09
-8.05673e-09
-1.52421e-10
-1.59096e-09
9.80012e-09
-5.90887e-09
2.56672e-09
6.06267e-09
-1.91141e-08
-4.98192e-09
-1.86483e-08
-4.84495e-09
-3.30029e-11
4.36705e-11
-2.03511e-11
3.55202e-11
-4.76858e-09
7.02346e-09
-6.6066e-09
4.25168e-11
1.49872e-11
4.39419e-11
1.52001e-11
-2.43534e-11
3.47099e-11
-1.83735e-08
1.84669e-08
1.33201e-09
3.1625e-11
-2.2544e-11
-1.61045e-09
2.53071e-09
1.39431e-09
-2.31456e-09
-1.678e-11
2.45306e-09
7.89733e-10
7.32779e-10
-1.15888e-09
-3.63633e-10
5.28131e-10
-5.22437e-10
-4.32179e-10
4.26485e-10
1.19643e-09
-1.46694e-09
-2.47216e-09
2.74267e-09
-1.05683e-08
-2.40431e-09
-4.27441e-09
-7.15407e-09
4.63293e-09
6.79555e-09
-8.2195e-09
1.31453e-11
2.87402e-11
-1.77181e-08
9.48687e-11
1.01181e-09
-4.774e-09
-6.12836e-10
4.37502e-09
1.03624e-08
-2.60525e-09
-9.54894e-09
1.79177e-09
-4.94566e-09
6.67198e-09
1.72586e-08
-1.89849e-08
-2.89603e-10
3.74379e-10
2.52159e-10
3.45745e-10
1.80222e-08
-1.81776e-08
-7.25942e-10
8.6796e-10
-7.70291e-09
2.56552e-11
1.92552e-11
2.72974e-11
1.85365e-11
-7.86983e-09
-1.70114e-10
-1.67874e-11
-1.6415e-08
1.77052e-08
-2.97463e-09
1.68452e-09
3.51176e-10
-4.86505e-09
3.77518e-09
7.38693e-10
-1.55987e-08
-9.63598e-11
1.55744e-08
1.20617e-10
-7.72559e-09
-5.34264e-09
5.68712e-09
7.38111e-09
-1.74145e-09
1.03361e-09
-1.71606e-10
-1.66148e-09
-2.3749e-10
1.57521e-10
2.06706e-09
-1.806e-08
-1.65183e-09
2.27934e-09
-7.25414e-09
-3.74437e-10
5.34924e-09
-1.1972e-11
1.72452e-08
-1.09869e-11
1.68381e-08
2.1573e-11
1.4045e-11
-1.12243e-08
-4.67779e-09
2.99725e-09
-4.29166e-09
7.08908e-09
-7.07184e-09
2.66143e-11
4.80798e-11
2.79625e-11
4.85659e-11
4.17535e-11
1.24353e-09
-8.32201e-09
-1.32551e-09
8.4002e-09
-4.25394e-09
7.12511e-09
-7.16283e-09
-7.51455e-12
1.65337e-08
-1.65255e-09
2.55615e-11
1.65327e-08
-3.5715e-09
5.38447e-09
1.16963e-08
-1.35093e-08
9.62821e-09
6.23696e-10
-7.97256e-09
-1.81926e-11
1.65083e-08
-3.04676e-11
1.71114e-08
-2.97224e-11
1.6708e-08
-1.12822e-08
-3.32464e-09
1.10353e-08
2.73744e-09
8.70302e-10
-2.41132e-09
-2.47501e-11
1.66613e-08
-2.5215e-11
1.70636e-08
-2.22657e-11
1.6479e-08
-2.0582e-11
1.66286e-08
-2.06868e-11
1.70306e-08
5.23309e-09
-4.7884e-09
7.58647e-10
-2.98322e-11
1.65577e-08
-2.9436e-11
1.69621e-08
-9.89984e-12
1.65216e-08
4.12041e-12
1.69422e-08
-1.78937e-12
1.65132e-08
4.37568e-11
1.70043e-08
-2.46604e-11
1.64391e-08
-4.09964e-09
6.67478e-09
-6.82908e-09
5.42996e-11
-4.37188e-10
-5.20701e-10
-2.87256e-10
4.82191e-10
3.25766e-10
-1.65524e-09
1.08526e-08
-1.0629e-08
-2.78324e-11
1.63961e-08
3.31974e-10
-1.20112e-10
5.92282e-11
3.8176e-09
1.23387e-09
-4.03966e-09
-1.79815e-08
9.44749e-11
-1.52847e-08
-4.23615e-10
1.54131e-08
-1.8933e-08
-1.09883e-09
-1.84702e-08
-1.06347e-09
1.21423e-10
-8.89194e-09
9.21373e-09
-4.43212e-10
1.51225e-09
8.06523e-09
-1.00595e-08
1.21229e-08
9.48351e-09
-1.1547e-08
1.95186e-10
-3.03757e-10
-1.21271e-10
2.29842e-10
-1.73342e-11
1.62551e-08
-2.09474e-11
1.62338e-08
-2.0552e-12
1.62239e-08
7.63683e-11
-1.65767e-09
2.89614e-10
1.29169e-09
-1.65762e-10
1.63172e-08
1.00853e-10
1.63026e-08
1.29889e-08
-1.28363e-08
-7.86736e-09
7.71476e-09
9.02325e-09
9.49977e-09
-6.36251e-09
1.04928e-08
-1.06853e-08
8.95875e-10
-3.21608e-10
1.8388e-10
-7.99828e-09
-2.29693e-09
2.08694e-09
8.20827e-09
8.06898e-09
-1.02659e-08
9.97026e-09
-7.77331e-09
-7.79073e-09
1.03115e-11
9.49312e-10
4.49458e-11
-1.00457e-09
-2.55455e-09
1.68377e-09
2.74559e-09
-1.87482e-09
-6.96717e-09
1.79811e-09
3.33101e-11
5.13575e-09
3.27511e-09
-3.04591e-09
-3.28334e-09
3.05414e-09
-2.11693e-08
1.83366e-08
2.8327e-09
6.33099e-09
3.8087e-09
-3.08941e-09
-7.05028e-09
-1.6952e-09
-1.75541e-08
1.80191e-08
2.11447e-10
3.08761e-09
1.80249e-09
-1.63133e-09
-3.25877e-09
8.34333e-09
6.34677e-09
-1.05098e-08
-9.42222e-09
7.60657e-09
1.23254e-08
2.11744e-09
-1.32452e-08
2.44465e-10
1.20322e-10
-1.53339e-10
8.26055e-09
-8.86657e-09
1.57772e-08
-7.12051e-09
6.66804e-09
5.81032e-09
-5.35784e-09
2.83231e-10
-7.80358e-09
-4.63366e-10
7.98371e-09
-9.49123e-09
1.81307e-09
-2.31708e-09
9.99525e-09
-4.71465e-10
7.68845e-09
-7.85447e-09
6.37489e-10
-1.20152e-10
5.80073e-09
-7.35517e-09
-6.17115e-09
-9.98217e-09
9.78805e-09
5.04096e-09
-4.39536e-09
-4.74525e-09
2.77661e-10
-6.3754e-10
5.43557e-10
-1.83678e-10
-1.79107e-08
9.96763e-10
3.22818e-09
-4.25648e-10
-4.1341e-09
1.33156e-09
1.96405e-09
-2.00403e-09
8.39613e-10
-7.99637e-10
-1.26522e-08
1.70369e-08
-9.84522e-09
5.46046e-09
1.95631e-10
4.1567e-10
7.0726e-09
-7.6839e-09
-1.73672e-09
5.54707e-09
2.19791e-09
-6.00825e-09
4.01063e-09
2.81095e-09
-3.16274e-09
-3.65884e-09
8.07665e-10
3.88408e-09
-8.74147e-10
-3.37642e-09
-8.65327e-09
2.53845e-09
4.12669e-11
-1.80261e-08
-1.0593e-10
1.58575e-10
-5.26451e-11
6.41416e-11
-3.03644e-11
-3.32975e-09
-3.57013e-10
4.24356e-10
3.26241e-09
2.5489e-09
-1.35552e-08
1.58325e-09
-1.80017e-08
2.7946e-10
-1.83088e-08
-1.98089e-10
-5.55257e-10
-1.13423e-08
1.14434e-08
4.5409e-10
-7.58483e-10
4.35036e-10
6.01108e-10
8.00739e-09
-4.32311e-10
6.30207e-10
-8.20529e-09
1.29798e-09
-1.1396e-09
1.80568e-09
7.92597e-10
3.80051e-09
-7.05555e-09
2.46245e-09
-2.2057e-10
2.50321e-10
-2.97502e-11
-9.66745e-11
1.44305e-10
3.26748e-10
-2.37465e-09
-1.79035e-09
-2.02737e-09
9.9712e-11
-1.46243e-09
-6.15702e-10
5.16574e-09
-4.22895e-09
8.64947e-09
-1.1541e-08
-4.15533e-10
6.0306e-10
-3.65519e-10
1.77992e-10
-8.33898e-09
8.03704e-09
7.74704e-10
-4.72766e-10
-5.90388e-10
-1.1151e-09
-9.46737e-09
-1.19103e-09
1.24715e-08
9.22431e-09
-9.50586e-09
-3.33906e-10
-7.35594e-10
2.01971e-10
-1.03916e-10
-4.77483e-10
-3.28249e-10
-7.70868e-09
6.50171e-10
8.9011e-11
2.63757e-11
-8.50981e-10
-1.30779e-08
7.29552e-09
4.87752e-09
-4.26273e-09
9.78042e-09
-1.03952e-08
-2.47132e-08
1.78972e-08
-1.06845e-09
2.52836e-09
5.88177e-09
-7.34169e-09
-5.77389e-11
-4.81908e-11
-7.40159e-09
9.62492e-09
-2.22333e-09
-6.14143e-10
7.22086e-10
9.53796e-10
-1.06174e-09
-7.85805e-09
7.90845e-09
-1.83022e-10
1.32631e-10
2.22789e-09
2.72916e-09
-2.29137e-09
-2.66569e-09
-7.08476e-10
1.0982e-08
-6.7978e-10
-9.59376e-09
-1.04642e-09
9.25263e-10
-4.92985e-10
1.21063e-09
-1.94214e-09
5.04873e-09
-4.75833e-09
8.17165e-09
-8.46205e-09
-3.00612e-09
1.0318e-08
-7.31184e-09
-4.23971e-10
1.51692e-09
3.73138e-10
-1.46608e-09
-7.87682e-09
-1.33923e-09
1.21777e-09
1.77117e-09
-1.92783e-09
-8.0829e-11
-1.84871e-08
-2.67545e-10
-1.89518e-08
-2.77586e-10
3.95977e-09
4.22495e-09
-4.06876e-09
1.34685e-09
-1.24161e-08
1.31867e-08
-7.86128e-09
4.00125e-10
8.76076e-09
-7.0603e-09
-8.26409e-09
6.56363e-09
-6.77369e-11
7.76941e-10
-4.9562e-10
-2.13584e-10
3.46667e-09
-1.24351e-09
5.14283e-10
3.82463e-09
-3.97739e-09
6.61694e-09
-6.46418e-09
6.06216e-09
-7.30807e-09
-8.69201e-09
5.24458e-10
-1.85258e-08
1.8416e-08
9.0378e-10
-9.85389e-10
8.03695e-10
-3.29782e-10
-7.94489e-09
8.10456e-09
2.74754e-09
-2.18805e-09
5.99035e-10
2.45932e-09
3.62169e-10
3.45801e-09
-1.59229e-09
-4.52129e-10
-1.62951e-09
2.84298e-09
-2.94351e-09
2.34863e-09
-2.2481e-09
1.56277e-09
3.67903e-11
-3.18305e-09
4.25738e-09
-3.0258e-09
1.95146e-09
4.86348e-10
2.57827e-10
-2.00617e-10
4.26381e-10
7.24528e-09
-8.13094e-09
3.74423e-10
2.8776e-09
1.94378e-09
-1.35471e-09
-3.49199e-10
2.55664e-10
3.16933e-09
-3.07579e-09
-9.80849e-10
7.75881e-10
-1.98309e-09
-7.89584e-09
-5.64874e-10
4.30296e-09
1.04276e-09
-1.10649e-09
-4.23924e-09
5.02675e-10
-2.97232e-09
2.30543e-09
1.64217e-10
4.72959e-10
-3.84507e-10
6.11904e-10
-7.00356e-10
-4.509e-09
4.68589e-09
4.38691e-10
5.44861e-09
-2.08679e-09
6.39263e-11
6.43706e-09
-1.2679e-09
3.37838e-10
-7.88042e-09
-3.53259e-10
1.88546e-09
2.02747e-09
-3.07332e-09
-8.27864e-09
-1.08955e-09
-2.01554e-09
-1.25314e-08
8.00392e-09
1.35109e-09
4.55441e-10
1.07767e-08
-1.27197e-08
1.38776e-09
-1.26312e-09
3.24619e-09
-2.33227e-09
-6.90478e-09
7.21511e-09
5.4904e-09
-2.6351e-09
2.29632e-10
-6.03597e-09
-4.54985e-09
1.03562e-08
-8.16859e-10
2.60346e-10
-2.05898e-09
1.97378e-09
-1.79748e-08
-9.83973e-10
8.96639e-09
1.37408e-09
-1.44211e-09
1.05291e-08
1.68976e-09
-7.69255e-09
7.39864e-09
8.4669e-10
-3.36877e-09
-8.56971e-09
-4.1312e-11
3.84767e-10
8.22625e-09
7.11521e-10
4.62736e-10
-7.27712e-10
-2.23771e-10
-2.06984e-09
-6.78709e-10
1.82095e-09
-1.77821e-09
2.70285e-09
-8.44851e-10
1.17003e-10
8.49898e-10
-6.97332e-10
-5.50698e-10
-7.626e-09
-1.5133e-09
1.02042e-09
-3.85923e-10
4.07993e-10
1.69905e-09
-1.01318e-08
7.30853e-10
7.91547e-09
1.48552e-09
9.05765e-09
-4.15777e-09
-9.12883e-09
2.85893e-10
-5.26544e-11
1.96539e-09
-6.97664e-10
-1.4188e-10
4.24011e-10
2.87795e-09
1.26463e-10
-8.86682e-09
-3.76882e-09
1.19272e-08
5.35893e-09
3.69936e-09
1.62524e-10
5.7183e-10
-8.02092e-10
-9.5169e-09
8.42026e-09
9.85739e-09
-6.27618e-09
-2.28161e-09
2.17722e-09
6.38057e-09
9.28591e-09
-9.13292e-10
-7.03109e-10
3.74398e-12
-1.45486e-10
-7.7247e-09
1.49879e-10
3.78281e-09
9.45033e-11
-4.44863e-09
-5.01923e-09
4.64341e-09
4.82445e-09
8.41124e-09
1.40661e-10
-5.18517e-11
-8.88094e-11
-1.07855e-10
2.63339e-10
-6.09006e-10
-1.14079e-09
7.03371e-10
-6.99079e-09
-2.70199e-09
7.62599e-09
2.0668e-09
-2.59613e-09
4.70955e-09
8.24074e-10
-2.9375e-09
2.339e-10
-2.6412e-10
2.6205e-10
-2.3183e-10
-1.28415e-08
1.05299e-08
2.05902e-10
2.10572e-09
-1.76764e-08
1.76213e-08
8.73758e-10
-4.8828e-10
4.30104e-10
-8.15583e-10
3.07759e-09
-8.83486e-09
-7.0842e-09
1.22079e-09
4.68281e-09
-4.9596e-09
-9.44002e-10
7.60732e-10
-6.75628e-10
-6.13905e-10
5.28801e-10
-6.77519e-09
-4.66424e-09
2.49534e-10
-9.0959e-11
-3.6965e-10
2.50202e-10
5.92408e-10
-5.31949e-10
7.11908e-10
9.10595e-09
-9.47257e-10
8.86373e-09
7.71663e-09
1.19143e-09
-8.08669e-09
-8.21371e-10
-1.42766e-09
3.67662e-09
1.97599e-09
-6.05273e-09
5.17795e-09
-5.40657e-11
1.94727e-10
-2.91281e-09
7.12217e-10
3.04728e-09
3.81072e-10
2.16115e-11
-4.02683e-10
7.09898e-09
-6.95575e-09
3.99578e-09
-4.68713e-10
7.94096e-09
-4.39806e-10
-7.93346e-09
1.79631e-10
-1.00239e-10
-2.63079e-10
1.83687e-10
1.8174e-09
1.23989e-09
-1.09622e-09
-1.43666e-10
-5.10079e-09
5.63496e-09
-5.34168e-10
-7.95413e-10
1.10856e-10
3.50866e-09
-2.82411e-09
-8.23179e-11
-1.38869e-09
6.03766e-09
2.15806e-09
2.92104e-10
1.5828e-09
-1.12315e-08
9.8884e-10
1.15895e-08
-1.80319e-08
-3.61063e-11
4.19041e-11
-1.291e-09
5.31485e-09
-5.76057e-09
-4.34804e-10
-1.55278e-10
-7.13462e-09
-1.23013e-09
-7.13502e-09
7.36465e-09
-1.46161e-09
1.36667e-09
2.4057e-10
-1.4563e-10
-8.29223e-09
-3.03532e-09
4.26725e-09
-8.16167e-10
6.04872e-10
9.56799e-09
-4.72765e-09
-3.73139e-10
4.11935e-09
4.48896e-09
-4.78368e-09
-3.06633e-09
2.59771e-10
2.80656e-09
1.06828e-09
-7.60907e-09
1.62031e-09
1.56313e-09
-3.93288e-09
4.33071e-09
-6.40395e-09
-9.97642e-10
1.40412e-08
-8.76964e-09
-1.3015e-08
7.74344e-09
-1.17032e-08
7.08947e-09
5.70098e-09
-8.40091e-09
8.08924e-09
-5.38931e-09
-8.92874e-09
8.42844e-09
-5.0028e-09
5.5031e-09
1.4292e-10
-7.20385e-10
-2.50172e-10
7.2337e-10
2.47187e-10
-1.84314e-09
1.85216e-09
-1.14863e-09
-2.32857e-09
-7.37765e-10
-1.08442e-08
8.17286e-09
1.13091e-08
-1.87046e-09
2.02427e-09
-1.53814e-10
9.65384e-09
-3.93517e-09
-8.32391e-09
-1.41376e-09
1.5616e-09
8.18248e-10
-7.99932e-09
-1.68575e-09
-1.19863e-09
-2.19353e-09
-1.71218e-09
-4.61173e-09
6.38748e-09
7.58035e-09
9.84271e-10
1.37799e-09
-5.5764e-10
2.49311e-10
8.88208e-09
1.15654e-10
7.09049e-10
-4.7763e-11
4.69294e-10
-8.82223e-11
7.39424e-10
1.00975e-09
-1.06654e-09
5.67923e-11
-5.82342e-09
-7.01703e-09
5.93566e-09
8.21663e-09
-3.96782e-10
1.25808e-10
-7.94565e-09
2.2834e-09
2.51522e-09
-1.34061e-09
3.81053e-10
1.25452e-10
-3.39565e-10
-1.66939e-10
-2.27649e-09
5.94557e-09
1.63818e-09
3.4897e-09
-1.14426e-09
1.58846e-09
2.98003e-09
1.94365e-10
2.03024e-09
-9.14541e-09
2.2406e-08
1.83311e-10
7.10826e-10
-2.95369e-10
-7.43874e-10
3.28417e-10
1.03976e-09
7.97009e-09
-7.62461e-09
-1.38524e-09
4.33269e-09
-3.89007e-09
3.59497e-09
-2.11209e-09
-4.02824e-09
-2.34793e-09
2.19279e-09
-2.78838e-09
1.17455e-09
-1.20976e-09
9.58906e-09
3.82091e-09
-5.03771e-09
-8.37225e-09
3.64012e-10
-5.10883e-11
-3.12924e-10
3.06146e-10
-8.62654e-09
6.85996e-10
-8.45333e-09
7.72602e-09
-9.49095e-10
-8.67738e-09
-2.93153e-09
4.49591e-09
-4.16051e-09
-4.29477e-09
6.1076e-09
7.54387e-09
4.76865e-09
-3.28077e-10
6.31205e-10
5.13597e-10
-5.41742e-10
-7.16169e-09
7.19886e-09
-4.01455e-09
-4.28411e-10
-9.75614e-11
5.25972e-10
-4.143e-10
-3.51858e-09
2.57562e-09
4.66544e-10
-4.84125e-10
-3.51217e-10
1.24057e-10
7.11285e-10
-7.68996e-10
-3.65441e-09
8.39927e-09
3.19654e-09
-3.57551e-09
3.65408e-09
-3.04297e-10
8.88045e-10
-5.86512e-10
-1.91913e-09
-1.38467e-09
-8.18021e-09
8.2048e-09
1.36008e-09
-1.1372e-09
-3.08788e-09
1.40598e-09
2.8191e-09
3.69558e-10
6.27815e-09
9.55805e-10
-8.83656e-10
1.88196e-10
-1.50583e-10
7.62128e-09
-9.53728e-10
-7.79145e-09
1.12389e-09
-8.31921e-09
1.12967e-09
7.87553e-09
4.12125e-10
4.71246e-09
-3.95139e-10
3.93934e-09
2.33757e-09
-5.90173e-09
7.25248e-09
-1.97849e-09
6.27738e-10
3.10922e-09
-3.30715e-09
7.44406e-09
-7.24614e-09
8.94876e-09
1.16783e-10
-8.48916e-10
-8.64715e-11
3.08762e-09
9.43436e-10
4.63443e-09
-9.6656e-09
1.07232e-08
2.02001e-09
-9.56104e-09
5.55278e-09
-1.84895e-08
-6.51253e-11
-1.89546e-08
-6.94961e-11
4.06362e-09
-1.88047e-09
4.5238e-09
7.21462e-09
-4.61331e-09
-3.46607e-09
3.25226e-09
9.80286e-09
3.86714e-09
8.51357e-09
-3.73123e-09
-1.80301e-08
2.36995e-11
-7.29858e-10
5.55764e-09
-4.76386e-09
3.42091e-09
-4.00611e-09
-2.36881e-09
2.954e-09
-7.49832e-10
1.18217e-09
2.79188e-10
-1.82837e-10
3.48434e-10
-7.87428e-09
4.45119e-09
3.1742e-09
7.35072e-10
6.95204e-09
-2.72232e-10
5.72668e-10
-8.74026e-10
9.90224e-09
-2.36018e-09
9.0143e-09
-8.80343e-09
-2.8345e-09
1.53668e-09
1.01013e-08
-3.37486e-09
9.99594e-09
-1.00871e-08
2.4404e-10
2.65306e-10
-2.75447e-10
-3.6459e-10
2.24919e-10
-6.10161e-10
2.62779e-09
-1.19003e-08
7.34875e-09
-1.14294e-08
3.26099e-09
7.91064e-09
4.04607e-09
-4.71464e-09
-7.24207e-09
-1.08736e-08
8.20678e-09
6.88363e-10
-3.58373e-09
-9.45673e-09
1.15116e-08
-2.0492e-10
-1.44247e-10
1.89564e-09
-2.54681e-09
-2.63673e-09
2.84798e-09
5.00961e-10
-9.18453e-09
-2.11143e-09
-8.24841e-09
-2.28513e-08
2.38824e-09
1.58301e-09
8.36274e-09
1.01129e-09
-5.45719e-10
-8.03454e-09
8.18348e-09
-3.24891e-09
8.92798e-09
9.26071e-10
-9.39171e-10
1.23781e-08
-9.08805e-09
2.87475e-09
9.46556e-09
1.16644e-09
1.74476e-10
1.23637e-08
-1.06751e-08
6.16058e-09
1.77446e-09
-7.81361e-09
2.09676e-09
-2.77393e-09
-7.08567e-09
-1.15271e-09
-1.14478e-08
-6.4737e-09
5.85803e-09
1.20635e-08
2.54287e-09
-2.65342e-09
1.02118e-08
-8.76391e-09
-2.9327e-09
8.4477e-09
-3.43749e-09
1.63752e-09
6.0501e-10
-1.78709e-09
2.80381e-09
7.50427e-09
-3.67739e-10
-7.95249e-09
1.2775e-09
-1.64645e-09
-8.52299e-09
7.55627e-09
-7.77719e-09
-3.5479e-09
2.06925e-09
7.3515e-09
1.03511e-09
7.72128e-09
1.99979e-09
-1.10843e-08
-7.39007e-09
2.8718e-09
-2.41621e-09
6.93448e-09
2.99123e-09
-1.00551e-08
-4.83644e-09
-9.27723e-09
-5.8024e-09
7.63731e-09
9.06643e-09
-4.34001e-09
8.30889e-13
-1.8025e-08
-9.00742e-11
1.04215e-10
6.17064e-10
-5.5976e-10
-8.17653e-09
8.27293e-09
-1.84832e-08
2.04401e-11
-2.67782e-11
-1.89484e-08
2.24304e-11
-2.86248e-11
-8.25348e-09
-5.0669e-09
4.66711e-09
-1.80362e-08
1.79921e-08
-1.84911e-08
1.8445e-08
8.69279e-10
1.30834e-09
1.23749e-08
-1.23387e-08
6.62344e-10
-6.12606e-10
8.54042e-10
1.01983e-09
3.28169e-10
-6.85659e-10
-2.71124e-09
7.80506e-09
2.41045e-09
-5.09675e-10
8.50865e-10
-5.38129e-09
-1.12559e-08
8.78115e-09
7.85603e-09
-2.78658e-09
4.81528e-09
-2.25397e-09
-5.49285e-09
5.59615e-10
1.07487e-09
-8.73727e-09
-5.69877e-09
6.18257e-09
1.14284e-10
-1.98773e-10
7.60462e-09
-4.9194e-09
-9.19917e-09
-5.33775e-09
8.0051e-09
4.02278e-09
-1.89492e-08
-1.11981e-11
-1.84838e-08
-1.037e-11
1.28849e-08
-1.46867e-08
-2.68704e-09
3.18244e-09
8.02164e-09
-8.51704e-09
-8.25467e-09
2.95927e-09
8.05077e-09
-2.75536e-09
-7.90168e-09
7.42418e-09
-6.82159e-11
3.86754e-09
-8.42834e-09
-7.44436e-09
2.0949e-09
4.94808e-09
-9.093e-11
2.34102e-10
-6.02573e-10
-6.86266e-09
1.31784e-08
-8.63821e-09
8.45205e-09
8.20881e-09
-1.18467e-08
1.17069e-08
-1.15698e-08
8.87542e-09
5.87684e-09
5.76703e-09
7.83794e-11
-5.84541e-09
-8.92843e-09
5.66853e-09
-5.93401e-09
2.65481e-10
1.7695e-08
-1.76753e-08
-6.19135e-09
-7.54604e-09
9.02275e-09
-1.18469e-08
-3.46371e-09
-8.43664e-09
3.1695e-09
-2.73532e-09
8.70324e-09
2.60991e-09
-2.79452e-09
-8.51863e-09
8.47651e-09
-5.65014e-09
-7.42032e-09
4.59395e-09
-1.80298e-08
-2.55087e-12
7.38869e-12
-6.92227e-09
-3.26289e-09
2.55915e-09
6.0285e-09
-2.6147e-10
8.04062e-10
-5.15781e-09
-1.84801e-08
-1.24954e-11
-1.89451e-08
-1.35765e-11
3.63877e-09
3.90747e-09
1.4876e-08
1.19065e-10
6.55847e-10
1.52256e-08
1.27638e-10
6.67169e-10
7.76611e-09
-7.53338e-09
2.90983e-09
-2.85033e-10
-2.52425e-09
-1.00544e-10
-1.0044e-08
-9.39149e-09
5.70683e-10
-2.43509e-09
-1.803e-08
-7.31676e-12
1.38606e-09
4.01492e-10
6.78018e-11
-2.95359e-09
9.22816e-09
-5.1806e-09
8.79743e-09
2.88905e-09
-1.06007e-08
-1.89547e-08
-1.0464e-11
-1.84897e-08
-9.52909e-12
3.72584e-09
1.8246e-09
-2.32614e-11
-1.802e-08
6.06796e-09
-3.99428e-10
-8.50762e-09
-5.8365e-09
-1.97268e-09
2.96317e-09
9.53937e-09
4.43397e-09
-4.35456e-09
-9.00785e-09
1.76849e-08
-1.76794e-08
-1.80208e-08
1.68842e-11
-1.61105e-11
9.38031e-10
-9.08522e-09
-1.849e-08
-2.15963e-11
-1.89548e-08
-2.2398e-11
-3.74175e-10
-1.80144e-08
-2.45538e-11
-1.89478e-08
-3.27443e-11
-1.84829e-08
-3.20421e-11
-1.85236e-08
1.85243e-08
-1.80668e-08
1.80675e-08
-2.95421e-11
-1.80087e-08
-3.34467e-09
-1.89395e-08
-3.52427e-11
-1.84749e-08
-3.45114e-11
1.76976e-08
-1.76909e-08
-1.8007e-08
1.49103e-11
-1.66169e-11
2.36407e-10
-2.10445e-10
-1.89299e-08
-3.38472e-11
-1.84655e-08
-3.32788e-11
-1.80056e-08
-2.37196e-11
4.31689e-10
1.86457e-08
-1.87046e-08
-1.8471e-08
-1.63076e-11
-1.89355e-08
-1.67752e-11
-3.17216e-11
-1.79986e-08
-1.84736e-08
-1.48078e-11
-1.89382e-08
-1.52795e-11
1.77151e-08
-1.77124e-08
-1.80006e-08
2.52268e-11
-2.31275e-11
-1.84774e-08
-7.35701e-12
-1.89418e-08
-7.64215e-12
-1.79995e-08
-2.57923e-11
-3.32472e-11
-1.79946e-08
-1.89464e-08
-7.63081e-12
-1.84819e-08
-7.41142e-12
1.77309e-08
-1.77281e-08
-1.89423e-08
-1.98727e-11
-1.84779e-08
-1.94308e-11
-1.799e-08
2.45461e-11
-2.90927e-11
-1.8555e-08
1.85607e-08
-1.80969e-08
1.81027e-08
-1.79822e-08
-3.56698e-11
-1.84724e-08
1.57386e-11
-2.12787e-11
-1.89365e-08
1.61993e-11
-2.20414e-11
-1.79812e-08
-3.53576e-11
-1.89246e-08
-4.23202e-11
-1.84609e-08
-4.1199e-11
-1.79786e-08
-3.55894e-11
1.77463e-08
-1.77457e-08
-1.8446e-08
-4.32265e-11
-1.89095e-08
-4.41628e-11
-1.811e-08
1.81094e-08
-1.85685e-08
1.85678e-08
-1.79796e-08
-3.10499e-11
-1.88976e-08
2.77586e-11
-3.97333e-11
-1.84344e-08
2.70945e-11
-3.87718e-11
-1.84318e-08
-2.72979e-11
-1.8895e-08
-2.78246e-11
-1.79753e-08
-2.47291e-11
-1.8435e-08
-1.86007e-11
-1.8898e-08
-1.90848e-11
-1.79764e-08
-2.09602e-11
-1.84224e-08
1.60712e-11
-2.86623e-11
-1.88851e-08
1.62256e-11
-2.91386e-11
-3.04827e-11
-1.79702e-08
-1.88825e-08
-2.33067e-11
-1.84201e-08
-2.29283e-11
-4.9618e-11
8.98812e-09
6.82518e-09
-5.27809e-09
-1.54709e-09
8.91525e-09
-8.75838e-09
-1.5687e-10
-8.9685e-09
8.98775e-09
-8.72653e-09
8.70699e-09
1.95377e-11
-3.97919e-11
-4.23883e-11
-4.95356e-11
-4.84753e-11
1.77795e-08
-1.77783e-08
-8.83759e-09
1.11068e-10
-8.91046e-09
-4.89168e-11
-8.43874e-09
8.47981e-09
-1.88854e-08
-2.88211e-11
-9.7061e-09
3.91361e-10
9.31474e-09
-1.84232e-08
-2.84129e-11
-3.86565e-11
-1.00791e-08
3.72974e-10
8.51072e-09
-8.51707e-09
8.47775e-09
-8.48906e-09
1.05854e-08
1.08089e-08
-8.78328e-09
-1.2718e-10
-1.55563e-12
-5.18537e-11
-5.29331e-11
5.97787e-12
-2.62793e-11
1.31974e-10
-1.79692e-08
-2.73452e-11
-2.67434e-11
-1.33392e-11
9.11582e-09
-8.63328e-09
-4.7203e-11
-4.11277e-11
-4.20905e-11
8.42517e-09
-8.56574e-09
1.40564e-10
-4.99278e-11
-1.28139e-09
8.10657e-09
8.36908e-10
-1.0916e-08
1.84059e-08
-1.83943e-08
1.96832e-12
-1.35905e-11
1.87114e-08
-1.86703e-08
-1.62728e-11
8.53057e-09
-8.525e-09
1.83908e-08
-1.83903e-08
-6.24273e-12
1.8397e-08
-7.98586e-12
1.87554e-08
-2.79908e-13
1.33901e-08
4.02741e-09
-8.74139e-09
8.73267e-09
-8.88951e-09
8.88068e-09
-1.83941e-08
5.23032e-12
1.79161e-08
-1.79363e-08
5.24256e-11
1.84096e-08
3.54912e-11
-3.91994e-11
2.73428e-11
9.48987e-09
-1.15488e-08
1.79025e-08
1.15424e-11
-1.86518e-08
-1.49352e-11
1.792e-08
-1.79144e-08
-2.651e-11
-1.88802e-08
-3.33211e-11
-2.59836e-11
1.82176e-08
-1.83297e-08
5.43774e-10
1.86352e-08
-1.86154e-08
-4.19555e-11
2.21611e-11
1.88406e-08
-1.88232e-08
-1.32521e-11
-3.07961e-11
-1.79875e-08
1.79854e-08
1.79289e-08
1.59343e-11
-2.48549e-11
1.7935e-08
-2.71876e-11
-1.79595e-08
1.36539e-11
-1.85934e-08
-4.57282e-11
2.37391e-11
-1.88779e-08
-3.35408e-11
1.84179e-08
-1.8414e-08
2.71038e-11
-3.10235e-11
1.84189e-08
-3.19484e-11
1.79073e-08
6.17216e-12
-1.10176e-11
-1.84097e-08
-3.41069e-11
-1.84044e-08
-2.84704e-11
-3.25101e-11
1.88523e-08
1.28226e-11
-2.45171e-11
1.3182e-11
1.87999e-08
-4.02126e-11
-4.22572e-12
1.88718e-08
-1.88634e-08
-3.78164e-11
-2.05322e-11
1.79632e-08
1.23011e-10
-1.79419e-08
1.79505e-08
1.40447e-11
-2.26513e-11
-7.00766e-09
-5.14466e-10
2.71078e-11
-3.31656e-11
-8.60125e-09
8.40646e-09
1.9479e-10
1.03649e-10
-7.67174e-11
3.48609e-11
-1.84028e-08
1.88598e-11
-2.04615e-11
-3.43936e-11
-4.28101e-11
-4.4639e-11
-1.84017e-08
-1.09943e-11
-1.83404e-08
-2.4274e-11
-2.77339e-11
-1.8186e-08
1.81956e-08
1.84047e-08
2.16322e-12
-9.86121e-12
-3.42082e-11
-3.79126e-11
-3.06887e-11
-5.39683e-10
5.7126e-10
-1.79621e-08
-2.96179e-11
1.64614e-12
1.82616e-08
-4.35513e-10
3.69576e-10
-3.54063e-11
-6.64228e-11
-1.42059e-10
7.83804e-09
2.00584e-10
1.81983e-08
-2.48811e-12
-9.00983e-09
4.08579e-10
-1.78889e-08
-1.85832e-08
-3.34499e-11
3.78165e-09
1.16292e-10
1.86144e-08
-1.87774e-08
1.85542e-08
-4.08358e-10
-1.10894e-09
8.72737e-11
2.5266e-10
-8.68903e-09
6.20379e-09
-2.6217e-09
6.92777e-09
-8.63742e-09
3.75156e-11
-7.91576e-10
-8.61979e-09
1.9924e-09
5.36917e-10
-5.17102e-10
2.92718e-10
-3.12534e-10
8.45926e-09
-4.67542e-09
-1.85819e-08
1.85612e-08
-9.44273e-09
-1.55641e-09
2.49289e-10
-1.78962e-10
4.15343e-09
3.51175e-09
8.17392e-09
-7.86075e-09
-3.1317e-10
8.45337e-09
8.41195e-09
-5.74714e-09
9.89536e-10
8.67718e-09
2.60908e-09
-2.97356e-09
-8.07216e-09
1.10701e-08
-1.40996e-10
-3.53631e-09
7.32931e-09
2.36758e-09
1.44434e-08
-9.02434e-09
5.13424e-09
-6.8961e-09
-1.50292e-08
1.35876e-10
-2.5722e-10
-5.31112e-10
-7.84909e-09
-6.36929e-09
4.35282e-10
-6.17494e-09
-7.53972e-10
3.83469e-10
2.90388e-10
-1.3694e-10
-4.43015e-10
8.58603e-10
3.75309e-10
2.61827e-11
-7.58551e-09
3.84817e-09
2.43586e-09
8.8754e-09
-1.65203e-10
-5.83051e-09
-7.34807e-09
-6.91312e-09
-5.71641e-10
1.59196e-08
6.61828e-09
5.11045e-09
-8.76584e-09
-1.22696e-08
-4.52205e-09
1.32762e-08
-9.65682e-09
2.04418e-09
-7.13889e-09
-3.86331e-09
-8.78476e-09
9.83689e-09
2.63055e-09
-3.68268e-09
-8.59184e-10
5.14822e-10
-2.52879e-11
-1.79131e-08
-3.54606e-09
1.21119e-09
2.27067e-10
-4.53981e-10
-8.95042e-09
3.51455e-10
-4.6857e-10
-4.03697e-09
-2.93043e-09
-7.83382e-09
8.56613e-09
7.50327e-09
-5.42661e-09
-7.12659e-09
5.04992e-09
4.1815e-09
6.6878e-09
-3.03144e-09
-7.83786e-09
6.88417e-10
-5.63319e-09
1.1098e-09
-1.1944e-09
5.147e-10
7.27655e-09
-1.04038e-09
8.61477e-09
-8.02717e-09
7.7248e-09
-8.3124e-09
-5.69167e-09
5.66754e-09
7.52741e-09
1.65746e-09
1.03585e-08
-8.39084e-10
-1.91822e-09
-7.59666e-09
1.92936e-09
-1.46064e-09
-8.6128e-09
1.17239e-09
-8.39666e-09
7.88199e-09
-2.61215e-10
-7.77605e-09
1.26722e-09
7.42235e-09
9.97087e-09
-1.97121e-09
-7.70525e-11
8.16047e-09
-7.95761e-09
3.91235e-10
5.7766e-09
1.55819e-09
1.01136e-08
-3.22645e-09
-8.60299e-09
-1.21293e-09
-7.92531e-09
-3.40014e-09
8.44855e-09
2.75665e-09
-8.72846e-09
8.73497e-09
-8.98332e-09
8.95979e-09
1.1084e-11
-7.87782e-09
4.86163e-09
-1.28327e-12
8.10963e-09
4.12264e-09
5.19786e-09
4.09787e-09
-4.4341e-09
7.14694e-09
2.41367e-10
-9.83614e-10
-6.40469e-09
-1.05371e-09
6.12719e-09
-5.36087e-09
2.87395e-10
-1.92907e-10
5.97504e-09
-7.92724e-09
1.7888e-08
6.91362e-09
-2.65633e-10
4.24121e-09
1.0348e-08
3.49364e-09
5.27304e-10
3.975e-09
1.00954e-08
-3.95677e-09
3.56103e-10
1.92066e-11
-2.13461e-09
8.18619e-09
1.56271e-09
-1.77882e-09
-1.89277e-09
-7.89917e-09
-4.81949e-09
-7.51659e-09
2.26081e-09
8.01203e-09
-2.37757e-09
1.61176e-09
-2.67139e-09
-2.99028e-09
-5.08928e-09
8.82472e-09
-5.67096e-10
3.70624e-09
-3.36387e-09
2.37306e-09
4.18735e-09
-2.91462e-09
-2.3015e-10
3.16426e-10
2.83996e-10
-3.70271e-10
-4.47428e-12
-1.86601e-08
2.43235e-09
-1.37134e-09
-3.16332e-09
1.24644e-09
9.12625e-11
-1.71264e-10
5.458e-10
-4.24496e-10
-8.49599e-09
1.01138e-08
-5.85219e-11
-1.55933e-09
-1.44019e-09
-7.52831e-09
-1.05616e-09
-8.85118e-09
8.32656e-09
-4.4777e-09
4.29946e-09
3.45313e-09
-3.27489e-09
2.30655e-10
1.83725e-10
-1.5233e-10
-1.07199e-10
5.07545e-10
-7.21953e-10
3.35596e-09
-3.82301e-09
-8.46169e-09
-3.42043e-11
-7.85148e-09
2.67278e-10
7.61841e-09
3.80503e-09
-7.4663e-09
-3.16781e-09
-9.94035e-10
-1.33068e-09
1.72445e-09
6.0026e-10
2.18755e-09
1.01577e-09
-1.91637e-10
6.1516e-10
-2.20651e-09
-4.2765e-09
2.9075e-09
-8.07943e-09
-1.05468e-09
1.12722e-10
4.32917e-10
3.03872e-09
3.8589e-10
-2.97874e-11
-2.48711e-09
-7.57017e-09
7.41082e-09
9.82426e-09
-1.04068e-08
1.97033e-09
6.50606e-09
-7.81648e-09
-3.06572e-09
-3.29291e-12
9.99143e-11
-3.06093e-10
2.66002e-10
1.77814e-10
-1.37723e-10
-6.89584e-10
-7.66373e-09
-7.67784e-09
-1.78818e-09
7.75691e-09
1.70911e-09
5.08889e-09
-7.45397e-09
7.27368e-09
4.33372e-09
-1.81936e-08
1.81956e-08
-1.85458e-08
1.854e-08
7.63343e-09
-7.48979e-09
-1.09734e-08
-4.99648e-09
3.90577e-09
-1.84525e-08
2.97881e-10
8.42824e-10
7.05708e-09
-1.00012e-08
-1.60445e-08
4.38016e-09
6.64748e-09
-6.5682e-09
-6.85447e-09
-5.87106e-09
-1.28962e-09
8.11024e-09
2.74038e-10
3.51055e-10
-1.92918e-10
1.95218e-10
-4.06063e-10
4.03762e-10
-5.29402e-09
-1.18109e-10
5.03999e-10
3.78564e-09
-6.79965e-09
-2.3196e-09
-2.93283e-09
-1.59604e-09
8.08127e-09
1.99967e-09
-8.4849e-09
1.58338e-09
8.0256e-09
-1.40919e-09
-8.19979e-09
1.00315e-08
1.48254e-09
-3.05735e-09
3.59136e-09
-7.89209e-09
7.88727e-09
-7.09612e-09
3.73832e-09
9.30041e-09
-1.60162e-09
-8.75495e-09
1.16175e-09
-4.12103e-09
2.92055e-09
8.47416e-09
7.14674e-09
5.28097e-11
-4.89735e-09
-2.3022e-09
8.45517e-09
-8.36528e-09
-6.49652e-10
-2.56244e-09
-4.47907e-10
4.52798e-10
-1.97809e-10
-1.60532e-10
-4.79592e-10
1.92217e-10
-4.32398e-09
2.00638e-09
-3.49083e-10
6.12559e-10
2.08236e-10
-4.71712e-10
6.73276e-09
-2.19317e-10
6.8043e-10
6.57824e-10
1.00599e-08
1.35769e-09
1.07499e-09
5.94422e-10
-2.27089e-10
5.47269e-10
-6.8477e-10
-1.68486e-09
1.97938e-09
-8.08597e-09
-8.43778e-09
-4.69612e-09
4.98772e-10
-2.88832e-09
-1.05616e-08
7.85226e-09
2.67519e-09
-1.53189e-09
3.38948e-10
-5.8311e-10
1.77605e-09
7.75819e-09
-8.61166e-09
-6.34542e-10
7.50214e-10
4.60716e-09
2.76881e-09
2.26295e-09
-6.08033e-09
1.16728e-09
1.0293e-08
1.43744e-09
-6.7425e-09
-7.1212e-09
6.91077e-10
5.4677e-11
-4.29328e-10
-4.28773e-09
3.22076e-09
-3.41073e-09
-8.7594e-09
8.75641e-09
-8.95061e-09
8.93153e-09
-4.23738e-09
2.12429e-09
-5.23368e-09
-6.40391e-10
3.90632e-09
-1.54331e-09
-9.53007e-09
1.46295e-08
-3.55616e-09
8.51422e-09
-2.20383e-09
-1.29791e-10
-9.95638e-09
8.49013e-09
6.10479e-10
1.74541e-09
8.01655e-09
5.11507e-09
-7.76164e-09
7.65007e-09
-5.00351e-09
4.14138e-10
-1.59997e-09
-4.53604e-10
1.63944e-09
1.09006e-09
1.34295e-10
-3.65914e-09
2.43478e-09
-1.43271e-09
6.79785e-09
8.45582e-10
-3.37505e-10
8.92278e-09
-2.91353e-10
2.67199e-09
-2.43329e-09
2.27664e-09
6.2777e-09
-1.23355e-09
-7.32079e-09
-7.14546e-10
1.05373e-08
-7.54612e-09
1.78811e-08
-9.27078e-10
5.37474e-10
-7.81568e-09
1.25156e-09
3.3282e-09
-2.16496e-09
1.80151e-09
3.63454e-10
-2.1488e-10
6.98617e-10
-1.58789e-09
-5.77293e-10
-9.97916e-10
-7.86262e-09
6.83304e-10
-6.92864e-10
2.72724e-10
-2.63164e-10
-7.44424e-09
-2.58151e-09
2.87353e-09
7.15222e-09
-9.97642e-09
-6.01417e-09
-7.45813e-09
-2.61048e-09
2.39077e-09
8.77096e-09
8.48798e-09
2.30729e-09
7.10393e-09
1.23444e-09
-1.73136e-09
5.3872e-09
-1.86871e-09
4.63326e-09
-8.26953e-09
-4.1391e-11
7.93e-09
3.80916e-10
-1.80781e-10
3.53052e-10
-1.53286e-09
4.47943e-09
5.58497e-11
-9.03355e-09
1.01892e-08
1.7191e-09
8.68329e-09
2.62393e-09
3.93065e-09
-1.82518e-10
1.2511e-09
-2.37221e-10
-8.31356e-10
1.2261e-09
7.43783e-10
-1.13897e-09
-8.30918e-10
6.96799e-09
1.17104e-09
-1.02161e-09
1.03364e-09
1.79365e-09
-1.21746e-09
-2.66794e-10
1.30173e-09
4.26818e-09
1.20145e-09
6.68622e-09
2.87965e-09
1.40535e-09
5.96873e-10
-1.2698e-09
-7.32425e-10
-5.19656e-09
-8.54464e-10
4.51817e-09
-7.70581e-09
-4.7749e-09
-1.12751e-09
1.95807e-09
6.35076e-09
-1.94302e-09
2.27848e-09
3.82621e-09
-6.60454e-09
-4.41708e-10
3.22004e-09
2.5273e-10
5.62922e-10
-4.32183e-10
-2.58821e-10
-7.36306e-10
6.0106e-10
3.94068e-10
4.90044e-10
2.27994e-09
1.37048e-09
1.22629e-09
3.11918e-10
4.03776e-10
-3.37304e-10
-3.7839e-10
-3.75947e-09
4.2197e-09
6.63875e-09
3.93247e-09
4.62393e-09
-4.25693e-09
5.94789e-09
1.86199e-10
1.53163e-09
2.74193e-09
8.98819e-10
-2.69267e-09
1.54627e-09
9.08657e-09
-4.19358e-10
-4.07726e-10
4.78e-10
4.59788e-09
7.70532e-09
1.37376e-10
2.48464e-09
6.94356e-09
-3.74369e-09
-4.25362e-09
1.05376e-09
6.00207e-10
-4.78481e-10
1.68662e-10
3.48142e-10
2.93276e-09
5.68489e-10
1.9603e-09
2.35966e-10
8.4847e-09
-1.56212e-09
-7.61217e-09
3.13513e-09
-5.59526e-09
-5.00617e-09
2.93703e-09
-6.89802e-09
-5.06703e-10
-3.01216e-10
3.88561e-10
2.97164e-09
7.19683e-09
-7.23144e-09
3.03579e-09
-7.20304e-09
3.18621e-09
9.45786e-09
3.80372e-09
8.77229e-09
-4.97777e-10
-5.40114e-11
5.08373e-10
4.34153e-11
9.66109e-11
5.96252e-10
3.15766e-09
-7.34233e-09
4.10547e-09
7.57684e-10
-2.72997e-09
-6.39959e-09
2.67184e-09
6.45773e-09
-1.81908e-08
1.8186e-08
-1.85429e-08
1.85557e-08
1.69307e-10
-8.11238e-09
4.70888e-09
-1.78668e-08
1.78441e-08
1.51857e-10
-8.01709e-09
-1.15141e-09
-9.05284e-09
-3.86357e-10
-3.26509e-10
5.6663e-10
1.46237e-10
-7.81401e-09
-1.96977e-09
2.33953e-09
5.29877e-10
2.86652e-10
1.14648e-10
-1.6841e-09
-7.64515e-09
-5.53657e-09
3.41334e-09
1.74622e-10
1.45758e-09
-3.85756e-10
-3.61477e-10
3.38806e-10
1.60547e-09
1.76258e-09
-3.66887e-09
4.48844e-09
-4.56524e-09
3.74567e-09
3.01658e-10
1.41306e-09
-1.52852e-09
-8.46599e-09
2.90064e-10
-7.94795e-09
-2.16387e-10
-3.03791e-10
-7.96977e-09
8.0294e-09
-8.10638e-09
3.00467e-10
-2.2349e-10
-5.79631e-09
7.07095e-09
-1.37859e-09
1.03951e-10
7.55553e-09
-8.05594e-09
-6.80766e-09
-2.37478e-10
3.1893e-10
-3.82093e-10
1.71967e-09
-1.58166e-09
-7.80317e-09
5.95586e-10
2.08329e-10
1.57715e-09
9.21355e-09
3.28479e-09
-2.64111e-10
3.2986e-10
-2.03821e-10
-8.23242e-09
1.54908e-09
-1.7577e-08
6.88073e-10
-2.60072e-10
-7.8723e-09
1.91082e-10
3.0488e-10
-7.2811e-09
8.86169e-09
-2.29514e-09
9.76122e-09
-6.02477e-09
3.81982e-09
-1.5755e-11
2.24984e-10
-1.41673e-09
2.98978e-10
2.62583e-09
-5.8653e-10
4.4769e-10
8.22145e-10
9.80543e-09
-3.0542e-10
1.74073e-09
8.25996e-09
-6.06112e-10
2.45999e-09
-7.83796e-09
7.96766e-09
-1.59615e-10
-8.04552e-09
-1.24561e-09
3.29808e-10
2.51126e-10
1.40884e-09
-3.72834e-09
1.65224e-09
2.21039e-09
1.69017e-09
6.11e-09
1.04767e-09
-8.84784e-09
-7.75135e-09
4.57118e-10
-2.66327e-10
-5.56311e-10
7.27364e-10
-6.90806e-10
7.99896e-11
-1.16547e-10
-1.00688e-08
3.92136e-09
-4.60712e-10
6.60811e-09
-8.17197e-09
2.44477e-09
9.78863e-10
-1.54953e-11
-4.99848e-09
-6.29964e-09
7.62925e-09
4.99381e-09
6.74167e-09
-8.08164e-09
7.80698e-09
7.25498e-09
-6.98031e-09
-1.5906e-09
-1.92337e-11
6.77047e-10
9.32783e-10
2.43635e-12
-5.30438e-11
7.77972e-10
-2.48944e-10
-2.87289e-09
2.35825e-09
7.63579e-10
-7.01489e-10
1.0587e-10
-9.72447e-11
2.84619e-09
-1.91058e-09
7.98724e-09
-7.22807e-09
6.28025e-09
-8.4747e-09
8.27915e-09
-6.0847e-09
9.34377e-11
3.5859e-10
-6.94481e-09
5.40038e-09
7.82213e-09
-1.80362e-09
-3.06517e-10
1.1161e-09
1.24259e-09
-1.08987e-09
-6.14618e-11
1.74711e-09
1.176e-09
-8.11902e-09
-9.9095e-10
-3.67203e-09
2.80521e-09
-2.70464e-10
-2.17614e-10
-2.38657e-09
8.66965e-10
-2.8402e-10
-1.84244e-09
2.05243e-10
1.79702e-09
4.23955e-09
9.06989e-10
9.83493e-09
-6.62705e-09
6.77405e-09
7.56432e-09
-7.71132e-09
7.76931e-09
1.51469e-09
3.16487e-10
-3.89086e-10
-2.76403e-11
2.58044e-09
-7.19204e-09
5.34378e-09
-7.32176e-10
5.67797e-10
-6.45816e-10
-1.4764e-10
2.25658e-10
3.13824e-10
-2.16398e-10
1.25891e-09
7.3548e-09
1.94368e-09
5.09332e-09
-4.42413e-09
5.49482e-09
2.75551e-09
5.32699e-09
-6.17151e-09
8.34097e-09
-7.49645e-09
-8.76936e-09
8.757e-09
-8.93437e-09
8.9159e-09
-7.46491e-10
-9.09609e-11
-1.65438e-09
1.21526e-09
1.28475e-09
-8.4563e-10
-1.75662e-09
-6.26673e-09
-2.69314e-09
1.96468e-09
-9.25923e-10
7.8614e-10
-2.89289e-09
-2.12846e-10
2.05566e-10
3.05415e-09
-5.26915e-09
4.58375e-09
-1.69068e-10
-5.77738e-09
4.92424e-10
-5.97781e-09
-5.91748e-09
6.94791e-09
-1.03804e-09
-1.42142e-09
3.60447e-09
-6.18002e-09
6.49863e-09
-5.679e-09
3.8043e-09
8.83264e-10
-1.97829e-09
-2.82029e-09
4.31275e-09
-8.36243e-09
-2.50752e-09
-5.78423e-09
-3.10192e-09
2.97551e-10
-2.24079e-10
7.8849e-10
1.06992e-09
-2.41573e-09
3.96727e-09
7.55509e-09
5.13058e-09
-9.65471e-09
-7.39488e-09
6.25712e-09
1.02079e-09
-9.95339e-09
-7.82449e-09
-1.55519e-09
9.77105e-10
-7.96913e-10
1.375e-09
3.37791e-09
9.82692e-09
-1.19839e-08
-1.26553e-10
-6.46703e-09
1.43509e-09
-9.46196e-10
4.19418e-10
-1.58083e-10
-3.95232e-10
1.33897e-10
9.18148e-09
1.36823e-09
-2.60123e-09
8.31513e-09
8.64693e-09
-8.37559e-09
-2.07899e-09
-1.11381e-10
-4.79934e-09
-5.30247e-09
1.05243e-10
6.26094e-10
9.47502e-10
-6.27224e-10
-7.94961e-09
7.62933e-09
2.72642e-10
-5.28414e-10
9.94402e-10
8.50038e-09
6.08994e-09
3.6054e-09
4.76901e-10
-2.69736e-10
-4.65985e-10
-1.37332e-08
7.38863e-09
-8.44133e-09
-8.68838e-09
-2.63979e-10
1.05516e-08
-1.59928e-09
2.60779e-09
-4.49785e-09
2.70433e-09
9.99178e-10
-3.70351e-09
9.66501e-09
-1.1658e-09
2.82598e-10
-8.78181e-09
1.72628e-09
-3.0907e-10
6.08113e-11
-4.53345e-10
-1.81811e-08
1.81805e-08
-1.85809e-08
1.86013e-08
3.14702e-12
7.69041e-10
8.52839e-09
7.42942e-10
2.48903e-09
7.2385e-10
4.51591e-09
1.73678e-09
-2.44072e-09
5.59687e-10
-6.90444e-10
-7.55848e-09
7.40451e-09
-1.65154e-09
1.80551e-09
1.08944e-09
1.77323e-10
-1.26676e-09
-6.21133e-09
-4.08962e-09
-1.67091e-09
3.21005e-10
-5.9298e-11
-3.34877e-09
3.75993e-10
1.21646e-08
4.96445e-09
-8.03466e-09
-5.6657e-10
7.49141e-10
4.60914e-09
-1.68127e-09
1.95422e-09
-1.03606e-09
8.84918e-10
-1.00827e-08
8.68051e-09
5.1746e-10
4.2953e-09
-4.73332e-10
1.31068e-10
-6.80293e-10
1.08978e-08
2.80886e-09
-2.59293e-09
-4.69717e-09
5.13018e-09
1.51066e-09
2.02598e-09
8.05062e-09
-6.27225e-09
6.57733e-09
9.53832e-10
-4.24382e-10
9.70842e-10
-5.52913e-10
2.97893e-09
6.94426e-10
8.21215e-09
1.30011e-09
-5.09573e-10
-9.00268e-09
1.83635e-09
2.30674e-10
-2.52415e-09
-7.21903e-10
5.20687e-10
-9.59694e-10
-7.42033e-10
5.16258e-10
-8.51076e-09
-8.95583e-10
7.17966e-10
7.43423e-09
-6.59588e-09
-2.74893e-09
1.5799e-10
-2.11842e-10
5.38517e-11
7.34282e-09
1.82602e-10
-8.76567e-09
8.75517e-09
-8.92338e-09
8.90995e-09
-1.78272e-08
1.78076e-08
3.94963e-10
-3.28979e-09
2.81727e-09
9.54255e-10
4.1817e-09
-3.48396e-09
-6.99738e-09
-1.37047e-09
1.18822e-10
2.30242e-10
-7.00578e-10
-7.47778e-09
7.81753e-10
-5.62454e-10
6.74464e-10
8.66075e-10
4.78255e-09
7.59537e-10
-9.27958e-09
-9.89577e-09
-9.63559e-09
1.54512e-09
1.18766e-09
2.93675e-10
-4.72581e-10
-8.58258e-10
8.59908e-10
4.70931e-10
-1.09746e-09
-8.34128e-09
7.2507e-09
6.82185e-10
-1.63321e-09
-6.04163e-10
-5.63183e-10
1.01759e-08
6.50841e-10
-2.78894e-09
3.3526e-09
4.86157e-11
8.43407e-09
1.16109e-08
-9.72504e-09
-7.02563e-09
-5.92608e-09
-7.16763e-10
-4.07148e-09
3.6151e-09
-3.58046e-10
2.71324e-10
8.4947e-09
-2.31203e-10
2.18894e-09
-1.00481e-08
8.86127e-09
9.05187e-09
1.09526e-10
-7.95249e-09
3.43167e-09
-9.68051e-09
-1.84465e-08
1.0202e-09
7.17456e-09
-1.649e-09
4.06401e-10
1.48317e-09
1.82863e-10
3.3027e-10
-1.81793e-08
1.81794e-08
-1.8621e-08
1.86328e-08
1.48732e-09
-7.48404e-10
3.84483e-09
1.34093e-09
8.86329e-10
6.79255e-11
3.27443e-10
5.18097e-10
-2.16449e-09
3.65507e-09
-7.94427e-09
1.55076e-09
6.38302e-09
1.23444e-09
-1.07561e-08
-9.10639e-10
5.94435e-10
2.10986e-09
1.78846e-09
4.21703e-09
1.91439e-09
-1.31552e-09
2.95233e-09
-6.56041e-11
2.02215e-10
2.78723e-09
-1.24497e-08
9.37642e-09
1.08861e-09
1.14726e-09
-6.18446e-10
-1.89278e-10
-9.04433e-09
-7.25543e-09
-3.90663e-09
-4.62852e-09
-1.13293e-09
9.73047e-10
5.68763e-09
-9.67635e-10
5.22439e-11
1.9924e-09
8.50489e-09
-8.758e-09
-8.90898e-09
-2.84311e-09
2.12912e-10
2.96318e-09
8.13725e-09
1.08941e-09
2.08137e-09
8.96641e-10
-1.10368e-10
-8.93808e-10
1.2695e-09
6.03176e-10
-3.63795e-09
6.48223e-09
4.86104e-09
2.50567e-10
6.46564e-10
8.77282e-09
-3.21307e-11
7.23555e-10
1.78316e-08
2.2274e-09
-1.36099e-09
4.54655e-09
-1.07617e-09
-1.32721e-10
-3.474e-09
2.80585e-09
-6.81918e-09
7.48733e-09
6.70925e-10
-5.37489e-09
6.3534e-09
6.11437e-10
2.85204e-10
-5.59314e-10
-1.70514e-10
3.43929e-09
4.49307e-10
3.51179e-09
4.65571e-10
9.69317e-09
-1.77984e-08
1.77888e-08
2.12459e-09
5.01266e-10
1.06156e-09
1.1398e-09
4.77366e-09
2.01914e-10
-6.09114e-09
1.11557e-09
4.58138e-09
-6.99241e-09
1.14981e-09
2.24581e-10
6.56095e-10
-8.05937e-11
8.64783e-10
4.74352e-09
-5.58605e-09
-1.3251e-10
4.32813e-10
6.8453e-11
-1.04406e-10
7.17746e-09
6.58875e-11
3.66925e-10
-7.65099e-09
1.04001e-09
1.73862e-09
1.0479e-08
7.51837e-09
-1.81673e-08
1.8168e-08
-1.86272e-08
1.86277e-08
-2.07616e-10
6.60927e-10
9.06506e-10
-1.085e-09
-1.24848e-10
-3.60652e-09
2.61632e-09
4.64429e-09
7.17834e-09
3.36562e-09
-3.1374e-09
-7.40656e-09
-8.16981e-10
1.82427e-09
-1.80884e-09
1.19839e-09
-1.58093e-10
6.73748e-09
2.1032e-11
8.47074e-09
1.37054e-09
-8.72742e-09
8.70033e-09
-8.87388e-09
8.84554e-09
7.22866e-09
2.07479e-10
4.44887e-09
-4.29617e-09
4.39815e-10
4.50474e-10
1.55586e-10
-6.2392e-10
3.60041e-10
-7.60407e-09
1.60452e-10
-1.05734e-10
1.31633e-10
-1.77872e-08
1.77721e-08
-1.81571e-08
1.81564e-08
-1.86167e-08
1.86162e-08
1.02555e-09
5.73758e-09
7.1283e-11
1.93598e-09
-8.64717e-09
-2.37292e-09
1.3875e-09
-1.17564e-09
-1.88838e-09
-5.90465e-10
-1.45771e-09
-8.44579e-09
8.44284e-09
5.37318e-09
5.38672e-09
-7.46159e-11
-6.79917e-10
-8.69764e-09
8.67543e-09
-8.84212e-09
8.81955e-09
-2.36568e-09
-7.26284e-10
-4.37104e-09
-2.10706e-10
-1.06271e-08
-1.06772e-08
8.77293e-09
1.81013e-09
-5.66336e-09
-1.01181e-09
-6.9348e-09
-1.28152e-08
1.36973e-08
-7.69282e-09
-3.96515e-09
-8.49291e-09
-3.96019e-10
-4.79478e-10
2.88966e-10
-1.81395e-08
1.81399e-08
-1.85987e-08
1.85996e-08
-4.83125e-09
1.77995e-08
-9.56723e-09
8.9104e-09
-1.28599e-10
2.09351e-09
1.77574e-08
-8.67893e-09
8.65639e-09
-8.82253e-09
8.79965e-09
-1.6993e-08
-1.65259e-08
-1.70537e-08
-1.62849e-08
6.47277e-10
-1.58333e-08
7.40423e-09
3.3659e-09
-9.53534e-10
-9.29539e-10
6.94879e-10
-8.41455e-09
8.41747e-09
-1.81279e-08
1.8124e-08
-1.8587e-08
1.85831e-08
-7.36724e-10
6.14361e-10
4.77473e-11
-4.82157e-10
2.24928e-09
2.02846e-09
-3.07106e-09
-1.63624e-09
-1.05234e-08
1.52307e-08
-1.70967e-08
4.50503e-09
-5.80654e-11
9.75093e-10
3.22803e-10
1.5749e-08
-4.97389e-10
-1.77598e-08
1.77442e-08
-5.07225e-09
-6.0875e-09
-8.66283e-09
8.6411e-09
-8.806e-09
8.78435e-09
4.72197e-10
1.33989e-10
-1.10746e-08
5.48958e-09
-5.09226e-09
1.33458e-09
-1.49707e-09
-6.34423e-10
-8.39046e-09
8.39215e-09
-1.33868e-08
6.86359e-09
-1.81148e-08
1.81178e-08
-1.85732e-08
1.85763e-08
1.06469e-09
-8.11774e-09
-2.36133e-09
2.45948e-09
-7.97072e-09
1.50857e-10
-5.50339e-09
1.23826e-08
7.28886e-10
-2.27587e-09
-6.89434e-09
1.35537e-10
-8.64078e-09
8.60933e-09
-8.78388e-09
8.75214e-09
3.58055e-09
6.8795e-09
5.31114e-09
-9.08036e-09
-8.59211e-09
-4.11669e-11
-8.25776e-10
1.92251e-10
9.06248e-10
1.81742e-08
1.86328e-08
-8.35122e-09
4.15616e-10
-2.52851e-09
1.42341e-08
1.77204e-08
-1.81027e-08
-1.85607e-08
8.03444e-09
4.35285e-10
-3.93432e-10
-4.4205e-10
4.00198e-10
-2.43796e-09
3.115e-10
-2.11346e-09
1.09895e-10
-5.7398e-10
-8.52029e-11
-2.37922e-09
-1.16173e-08
-7.36441e-10
7.96128e-09
1.24036e-09
-8.4652e-09
2.24356e-09
5.56798e-09
-3.87359e-10
1.77875e-08
7.23456e-09
-8.34843e-09
8.35142e-09
-1.10588e-09
-4.72987e-10
-5.28146e-11
9.29874e-09
8.15273e-09
-6.85389e-09
-1.54415e-09
-8.93891e-09
1.8714e-09
-8.61945e-09
6.11488e-11
9.40684e-09
2.86908e-09
-6.82079e-09
7.37378e-09
-3.90176e-09
-5.75438e-10
1.323e-09
-1.93601e-08
-8.72478e-10
-2.50046e-09
1.00726e-09
-5.65014e-10
1.35172e-08
-5.49436e-10
-1.56944e-10
-4.47392e-09
-8.59262e-09
8.55319e-09
-8.73498e-09
8.69496e-09
-9.46055e-10
2.24291e-09
2.60818e-09
-4.04775e-10
-6.38541e-11
-8.50809e-09
-7.95303e-09
5.58961e-09
-2.0574e-09
1.77056e-08
-1.30003e-08
1.10001e-08
-6.04983e-09
-1.80886e-08
-1.85462e-08
-4.84621e-09
1.4957e-11
7.5206e-09
-5.95523e-09
-8.27082e-09
-5.85203e-09
7.39993e-09
6.01226e-09
-8.31403e-09
8.32192e-09
2.02526e-08
-5.62623e-09
-1.71549e-08
6.55809e-10
4.67829e-10
-1.45403e-09
-7.01312e-09
5.08228e-10
-4.07979e-09
4.92244e-09
6.53847e-09
-8.56687e-09
8.54166e-09
-8.70837e-09
8.68269e-09
1.03618e-09
-6.51863e-09
4.44045e-10
1.58354e-10
-8.05023e-09
-5.68634e-11
1.76789e-08
-6.98126e-10
-1.80799e-08
1.80903e-08
-1.85369e-08
1.85477e-08
1.29839e-09
1.73211e-09
3.1647e-10
-3.00347e-09
1.40194e-10
-4.68328e-09
-8.28696e-09
8.29812e-09
-8.55812e-09
8.5352e-09
-8.69889e-09
8.67594e-09
6.8224e-09
-8.17796e-09
-8.11066e-09
-5.22072e-09
8.96504e-11
-2.68461e-09
-1.8075e-08
1.80789e-08
-1.85315e-08
1.85355e-08
3.31608e-09
-2.89839e-09
8.93901e-09
-1.51941e-09
-7.84901e-09
-6.53739e-09
1.76668e-08
1.79371e-09
-8.54268e-09
8.50903e-09
-8.68373e-09
8.64978e-09
3.10268e-09
8.43231e-09
-2.97849e-09
8.68058e-09
6.78555e-10
-1.22492e-09
1.16365e-09
8.49478e-10
5.39297e-09
-5.21332e-09
7.14216e-10
-5.24036e-09
7.82446e-10
5.57425e-10
5.69516e-11
-8.25712e-09
8.27027e-09
-1.80564e-08
-1.85124e-08
2.68277e-11
3.24457e-10
7.95381e-09
-8.12916e-10
9.21442e-10
-9.57812e-09
1.76539e-08
2.32332e-09
-8.51729e-09
8.48809e-09
-8.65799e-09
8.62819e-09
5.87839e-09
-1.80447e-08
1.80579e-08
-1.85006e-08
1.85144e-08
-7.58624e-09
9.60706e-09
-8.24167e-09
8.26325e-09
-6.40654e-09
-3.93091e-10
8.94509e-10
-1.79427e-08
3.39792e-09
1.34461e-08
-9.52722e-09
-8.50734e-09
8.48624e-09
-8.64672e-09
8.62532e-09
3.72374e-10
1.73735e-08
-1.69225e-08
-2.10976e-10
8.04696e-09
-3.99704e-09
-2.93169e-10
-2.0331e-09
6.32331e-09
-1.77446e-08
1.68002e-08
-1.81903e-08
1.72191e-08
1.35173e-09
-1.80364e-08
-1.84918e-08
-2.49638e-09
-6.07717e-10
-6.12571e-09
1.04868e-09
1.76648e-08
5.18901e-09
-7.73053e-10
-9.41946e-09
8.80951e-10
4.48822e-09
-3.62607e-09
-6.35499e-09
4.22183e-09
1.10355e-09
-8.57809e-09
8.73247e-09
-8.71769e-09
8.87375e-09
-2.88546e-09
1.01358e-11
-8.32158e-09
-3.79566e-09
-3.02769e-09
3.88254e-10
-1.425e-09
4.06444e-09
2.98655e-09
1.60965e-09
1.9218e-09
-5.91557e-09
-7.58104e-09
5.85367e-10
3.21435e-10
4.30725e-09
-1.27471e-08
7.35675e-09
1.33874e-09
8.37829e-09
-4.67637e-10
8.65883e-10
-7.72929e-10
3.74683e-10
-5.40048e-10
6.88573e-10
-8.13594e-09
2.75182e-10
-8.26432e-09
8.32846e-09
1.35829e-08
7.62414e-09
2.00478e-09
-6.15931e-10
2.83298e-09
9.90709e-09
-6.07262e-09
-1.64114e-08
1.00135e-08
1.24704e-08
-5.9863e-09
-1.81428e-10
7.47607e-09
-1.05809e-08
8.97844e-09
-4.56551e-09
8.89112e-09
8.60324e-09
8.74594e-09
1.96087e-09
-2.06635e-09
2.00244e-08
-1.99189e-08
8.08724e-09
-6.45291e-09
-6.84765e-09
8.33886e-09
7.51126e-09
-5.27203e-09
-9.38832e-09
1.28276e-08
-9.54092e-09
1.30527e-08
1.14003e-10
1.47562e-09
6.03579e-09
-8.30434e-09
-5.41843e-09
-2.7482e-09
4.47672e-10
1.38212e-08
7.08364e-10
-1.11483e-09
-4.91581e-10
-2.95063e-10
2.29305e-10
-5.55127e-11
1.34464e-09
8.5691e-09
8.71094e-09
1.41403e-09
-1.00713e-09
8.63448e-09
-9.04138e-09
8.31161e-09
-6.03825e-09
-4.51307e-10
7.39717e-10
1.26874e-09
-1.72184e-08
-9.40044e-12
-5.30447e-09
-4.40685e-09
3.68655e-09
7.19811e-09
6.25083e-10
3.45015e-10
-8.05287e-10
-1.10964e-09
1.09965e-10
-1.47149e-10
3.71842e-11
1.42877e-09
-8.59938e-09
8.98672e-09
1.37684e-08
4.11528e-10
7.91053e-10
7.84892e-09
-8.63998e-09
6.86375e-09
2.16149e-09
-3.45231e-09
3.91543e-09
8.89356e-09
1.67603e-09
-4.27804e-09
7.91214e-10
4.4834e-09
-9.96578e-10
-1.05875e-09
8.66922e-09
8.2854e-09
-1.94201e-09
7.35173e-09
-6.69294e-09
-2.01437e-09
2.11121e-09
6.59609e-09
-1.43104e-08
-7.82023e-09
8.37799e-09
1.62873e-08
1.10509e-10
-8.70262e-09
2.76771e-09
-2.19598e-09
8.78487e-09
-2.59956e-11
1.47531e-10
6.05584e-11
-1.82094e-10
-5.78468e-10
-8.41058e-09
1.18208e-08
1.02561e-08
-9.8825e-09
-5.33136e-09
1.86726e-08
-1.8326e-08
4.98472e-09
8.26599e-09
5.17877e-09
-8.29154e-09
1.39422e-08
-1.9989e-10
-1.36318e-08
4.23215e-09
8.52402e-09
8.66498e-09
-4.66341e-09
7.8198e-10
1.20225e-10
7.08233e-09
-1.96254e-09
1.69289e-09
-1.57697e-08
8.73591e-09
1.03794e-08
5.66774e-09
1.07027e-10
-8.11927e-09
5.12487e-10
2.15364e-10
-4.15392e-10
-3.12459e-10
1.28134e-08
9.14581e-09
8.26868e-09
-7.98491e-09
8.02128e-09
-1.18016e-09
5.15846e-09
2.33388e-09
7.43871e-09
-6.47708e-09
-1.95927e-09
-3.09404e-10
2.2614e-08
-1.50231e-08
4.78614e-09
-2.22241e-09
8.6807e-09
-6.71996e-09
1.35865e-09
2.94394e-09
6.22208e-10
4.74787e-10
4.39016e-10
8.53432e-09
8.67389e-09
-1.35114e-08
-7.87165e-09
1.89811e-09
5.34091e-09
-6.77426e-09
-3.26277e-09
8.9771e-09
8.3627e-09
-9.15531e-10
-7.4412e-09
2.9296e-10
1.50855e-09
5.42165e-09
-1.61945e-09
1.10125e-09
5.89139e-09
-1.68699e-08
3.83872e-10
-4.29664e-09
4.14901e-09
-3.8213e-09
-7.98022e-09
-3.75768e-09
-7.79119e-10
-5.91538e-09
-7.4753e-09
8.83886e-09
7.31334e-10
-9.0921e-09
9.53242e-09
-4.40321e-10
-6.97724e-09
7.46105e-11
-1.87516e-08
1.54652e-08
-2.54617e-09
-1.89647e-08
1.78609e-08
5.04413e-09
-7.96724e-10
5.18535e-11
1.36798e-08
4.49906e-10
-1.55001e-08
4.09322e-10
1.54631e-08
-1.15981e-08
-1.48882e-08
1.12857e-09
1.45507e-08
5.23582e-09
4.46638e-09
-1.72594e-09
-2.15925e-09
1.51054e-09
8.44907e-09
5.66715e-10
-6.31737e-09
1.47116e-09
-8.77188e-09
-1.20029e-09
9.97217e-09
-1.12528e-08
1.8576e-08
-2.16048e-09
-5.16272e-09
-6.57643e-09
7.39721e-09
-8.20779e-10
1.05928e-08
-6.00764e-10
-9.03589e-09
-9.56128e-10
-4.15856e-09
1.18478e-08
-1.00865e-08
3.76106e-10
1.87288e-08
-7.79063e-11
7.13027e-09
-2.13292e-09
8.07925e-09
7.98801e-09
5.55656e-09
-6.02458e-10
9.59683e-12
-1.11321e-08
1.36429e-08
2.07961e-08
1.36008e-09
-7.41007e-09
1.58175e-08
1.10623e-08
9.14528e-09
1.08779e-08
8.95685e-09
-5.96786e-11
-7.39507e-10
-1.77024e-09
7.0089e-10
1.80885e-09
-8.51207e-09
6.60884e-11
-3.11563e-10
2.11616e-10
-6.07972e-09
-1.41239e-08
1.12837e-08
1.10244e-08
1.05293e-08
-8.07249e-09
-1.56208e-09
1.48481e-09
8.14975e-09
-1.50388e-09
2.10977e-09
-1.75045e-09
1.39309e-08
2.01936e-09
-1.79249e-09
2.25998e-09
5.93094e-09
-1.71465e-08
1.26239e-09
8.81576e-10
8.80331e-09
-5.60523e-09
-4.58332e-09
-7.63559e-10
3.56749e-09
2.00605e-08
-2.36059e-08
3.2469e-09
-3.17744e-09
-6.06316e-09
-1.93778e-09
1.99259e-09
1.97342e-09
-3.0766e-09
-2.70739e-09
3.25388e-10
2.51394e-10
-3.11073e-10
-8.84981e-09
1.75308e-09
2.95954e-09
3.33827e-09
-1.50571e-09
-3.42485e-09
8.33191e-11
3.33487e-09
-2.76294e-09
1.5528e-08
3.78633e-09
-2.70356e-09
-5.89396e-10
7.32093e-10
-2.42047e-09
1.03944e-09
-1.53282e-08
1.07101e-08
-6.63467e-09
-8.20417e-09
-1.8199e-09
3.78371e-09
-2.04292e-10
-6.06318e-10
5.45735e-10
1.7622e-09
-1.77102e-08
4.47936e-10
-1.74006e-09
1.37832e-09
-2.61377e-10
9.23829e-09
-8.25151e-09
1.924e-09
-6.75525e-09
-2.71032e-09
9.53492e-10
2.5096e-09
-2.30848e-09
6.93879e-09
-8.50572e-09
-8.81936e-09
-2.72731e-10
1.80794e-08
-2.10916e-08
4.77442e-09
-1.91602e-09
-1.22912e-08
-8.01063e-09
7.44875e-09
-2.28199e-09
-2.94423e-09
3.20292e-09
8.4912e-09
-1.20989e-09
9.56914e-09
-1.34911e-08
6.9961e-10
-2.10019e-09
-1.30575e-09
1.09137e-09
9.10066e-09
-9.17534e-09
7.60768e-10
-7.50302e-09
-2.53696e-10
-6.13821e-10
6.65674e-10
4.40741e-11
1.26197e-09
-8.84853e-09
9.81375e-09
1.22828e-08
-1.3248e-08
1.01547e-09
7.97059e-09
7.1392e-09
1.48765e-08
-1.27666e-09
-1.66709e-08
9.45647e-10
-5.56279e-09
5.07392e-10
-2.03937e-08
1.28435e-08
4.42985e-10
5.32702e-10
-1.12453e-08
-4.72249e-09
-1.31697e-08
-8.34393e-10
6.912e-10
1.86791e-08
-1.21146e-08
-5.86554e-10
2.87388e-09
-1.05286e-08
1.51879e-09
1.11165e-09
-1.27559e-09
1.60006e-09
9.46015e-11
-9.43354e-11
4.47354e-11
7.01147e-09
4.6609e-10
-2.33263e-09
2.31422e-09
3.81459e-09
1.95913e-09
8.47193e-10
-1.45965e-09
1.24381e-09
1.72512e-10
2.55266e-09
2.12293e-08
-2.37188e-10
-8.04915e-09
1.14372e-09
-7.49543e-10
-2.63608e-12
4.34524e-10
-3.86703e-10
-6.18375e-10
2.24758e-09
-4.68574e-09
7.45908e-09
-1.68693e-08
-4.82519e-09
5.08752e-09
6.77711e-10
3.41093e-10
-5.19828e-10
2.00347e-10
3.69111e-10
2.1517e-10
-2.71462e-10
-3.12819e-10
-1.46043e-08
1.13993e-08
-1.33566e-10
-1.08742e-10
1.51492e-10
2.06434e-09
-1.78544e-09
-8.32097e-09
-8.08055e-09
-9.11595e-10
-5.36051e-11
1.64038e-08
-2.50678e-10
-1.60212e-08
2.28968e-08
-1.0788e-09
-1.27948e-08
-4.14529e-10
-9.23344e-10
9.45463e-11
-4.87324e-11
1.83491e-10
2.46281e-09
-2.30102e-09
-6.47435e-10
3.23308e-10
-7.77277e-10
-3.93254e-11
-3.38305e-09
3.23951e-09
7.24485e-09
-7.11846e-09
-1.29494e-09
2.97879e-10
-2.65368e-10
-3.12755e-11
4.13532e-10
-3.82257e-10
1.83349e-10
-4.5893e-10
1.74042e-10
9.45212e-09
-1.18956e-09
-8.26255e-09
-7.90522e-09
2.3908e-09
-8.38228e-09
3.16326e-10
-5.2333e-10
2.26211e-10
1.64349e-08
-6.83433e-09
3.39908e-10
-1.26798e-08
-1.61438e-08
6.81875e-10
2.68344e-10
2.18474e-10
-3.13891e-10
1.16789e-08
2.94515e-10
-7.91202e-10
2.93408e-09
-8.47201e-09
5.53793e-09
-4.53186e-10
1.8183e-10
-3.29545e-10
2.18671e-10
-3.17744e-10
4.05735e-10
1.86482e-09
7.49187e-09
4.37161e-10
9.53878e-10
-5.95196e-10
3.23973e-09
-8.22084e-09
4.98111e-09
6.65375e-09
-9.34641e-09
-2.90694e-10
-5.0327e-10
3.35981e-10
1.95882e-10
5.29346e-09
-7.84605e-09
-4.85177e-10
4.39198e-10
4.3454e-10
1.55378e-10
-9.61146e-11
-1.68005e-10
5.43106e-09
-5.01284e-09
-3.66218e-10
2.0489e-10
1.61328e-10
-3.75639e-09
7.02344e-10
-8.76795e-09
-6.9379e-10
-6.93183e-11
-5.37653e-11
6.22876e-10
1.41216e-10
-1.47029e-10
1.46177e-09
-7.38601e-09
7.27597e-09
2.54611e-10
-5.23766e-10
3.62593e-10
2.12136e-08
-1.15024e-10
-8.93337e-09
-2.55567e-09
3.02304e-09
-4.36028e-10
4.65564e-10
9.7915e-12
1.41174e-08
1.77958e-08
-1.73775e-08
4.70722e-09
-8.46578e-09
3.10521e-09
-8.53699e-10
-4.13971e-10
-3.99252e-10
1.13762e-09
-8.89623e-10
-1.59714e-10
1.99506e-10
2.23548e-10
9.43756e-09
7.9005e-09
-6.18856e-09
-4.74808e-11
7.16841e-10
-8.99094e-09
-5.08218e-10
6.02774e-10
-8.95603e-09
7.8242e-09
-2.41965e-09
-5.40455e-09
3.51971e-10
-9.595e-09
8.19169e-09
1.24218e-09
-1.05663e-09
8.59873e-09
-9.24099e-09
6.42264e-10
-5.53895e-10
4.34602e-10
3.02155e-10
6.12437e-09
-1.23932e-08
-9.51521e-10
1.71049e-10
-9.77439e-11
-3.88826e-10
1.59417e-08
-1.61672e-08
-6.52137e-11
-3.51673e-10
5.4237e-10
-5.01099e-09
5.62239e-09
1.79646e-08
2.50535e-09
1.65977e-08
-1.665e-08
1.31995e-10
-1.51364e-09
1.81831e-09
1.36742e-08
3.00744e-09
-9.32481e-09
2.25483e-11
-2.25483e-11
-8.02223e-09
-4.86463e-09
-8.67921e-09
3.2739e-10
8.02123e-09
-2.69178e-10
6.04271e-10
1.21656e-10
5.83338e-09
-1.09525e-10
-5.72385e-09
5.75819e-09
5.89542e-09
5.53149e-09
-5.47931e-10
4.40068e-10
-1.69595e-08
-2.38612e-10
-4.85916e-09
1.27934e-08
-7.07524e-09
-3.17647e-10
-8.84658e-09
5.48876e-09
-7.75253e-10
2.11754e-09
-1.81815e-08
8.67117e-09
1.64237e-08
-7.68241e-09
-1.25896e-08
-3.33092e-09
3.33132e-09
-8.10379e-09
8.48569e-09
-1.61447e-09
2.27458e-09
-2.64867e-09
-1.08249e-08
1.67911e-08
-3.24698e-10
-9.22233e-11
1.73809e-08
-8.4425e-10
-1.00056e-08
1.07079e-08
-1.95033e-08
-1.77377e-10
1.77532e-10
-8.13732e-09
-1.12091e-08
2.59539e-10
2.75661e-10
1.58281e-08
-1.31095e-08
3.42185e-09
-6.14039e-09
-1.83165e-09
2.36864e-09
-8.01477e-09
2.97094e-10
-1.23086e-09
4.94468e-09
-6.53912e-09
-7.75684e-09
-1.04567e-08
8.2793e-09
-8.04591e-09
8.06283e-09
-1.91788e-09
9.22982e-09
1.1222e-08
2.7458e-09
8.08313e-09
-1.99333e-09
2.84921e-09
-6.05416e-10
6.43879e-09
-1.48242e-09
-1.07673e-08
1.70063e-08
-2.20215e-09
-1.6893e-09
-1.00466e-08
-1.02703e-09
-1.40372e-08
1.76567e-08
7.33181e-09
-8.31081e-10
-6.42235e-09
5.90024e-09
1.76964e-10
-2.34214e-10
-3.95935e-10
3.99081e-09
3.40639e-09
-7.5469e-09
8.88209e-09
-2.15597e-09
1.26835e-10
5.41327e-10
7.19751e-09
-1.27169e-10
6.92121e-09
5.3404e-09
-6.1067e-09
1.21285e-09
1.51319e-08
3.11894e-09
6.33965e-11
-8.2516e-09
9.08277e-10
-5.76041e-10
8.33893e-09
-2.13176e-08
1.49299e-09
2.59777e-10
-1.33083e-10
-1.241e-11
-1.74199e-08
1.85332e-08
-4.65833e-10
-1.52547e-08
-1.11682e-08
3.86196e-09
-3.35777e-09
-1.64146e-08
1.9609e-08
-1.85421e-09
-4.1606e-10
3.39884e-10
2.91346e-10
-4.1897e-10
4.77825e-10
-7.08293e-09
1.9781e-08
7.70882e-10
3.30756e-10
1.00138e-10
-1.42347e-10
1.0842e-10
4.29189e-11
1.64862e-08
-5.53466e-10
1.76684e-08
2.09437e-10
2.86153e-09
-3.53081e-10
-2.3051e-10
2.54045e-10
-6.52134e-09
-1.05498e-09
6.97091e-09
9.17208e-10
-1.18972e-09
-1.0729e-08
5.47827e-09
1.61238e-08
2.51569e-09
-1.17046e-08
-6.06588e-09
2.89616e-09
5.92852e-09
-1.27993e-08
-1.38549e-09
2.29223e-09
-8.9414e-09
-6.77796e-09
7.62032e-09
3.86595e-10
1.24305e-09
-9.52595e-10
1.89894e-08
8.17825e-09
-1.78767e-08
1.21016e-10
-1.8219e-09
6.22847e-09
1.20283e-08
1.2817e-10
1.04559e-10
-8.73045e-10
1.27627e-10
1.32962e-10
1.75883e-08
-1.28783e-08
7.46492e-09
5.8949e-11
-1.84157e-09
7.29589e-11
-2.14402e-09
1.3022e-08
-2.93939e-09
1.29116e-08
-2.17139e-09
1.32337e-08
-1.39091e-09
2.82691e-09
-2.09849e-09
1.98555e-09
7.75412e-10
-1.69375e-08
4.17455e-09
-7.02712e-09
-7.70318e-11
1.44781e-08
-5.1691e-09
-3.51905e-11
-7.05233e-09
6.31913e-10
-5.89549e-10
4.73285e-09
6.90546e-09
-1.44137e-08
7.36477e-09
1.17706e-08
-8.46322e-09
-7.26099e-09
1.94805e-09
-4.79106e-10
-1.10629e-08
-4.08418e-09
8.45856e-09
-8.9732e-10
-1.40323e-09
-7.5404e-09
-4.14626e-10
5.2509e-10
-6.61162e-10
-8.35415e-09
-1.73304e-09
5.0623e-09
2.55074e-09
7.51042e-09
-1.32431e-10
-9.49156e-09
1.08493e-11
-1.63189e-10
8.73031e-09
1.8404e-10
3.44337e-11
-1.32464e-09
2.03068e-10
-3.06372e-10
8.92348e-09
-8.55247e-09
1.52178e-08
3.80848e-09
-1.52678e-10
-1.14868e-08
6.53939e-09
9.52484e-10
2.92743e-09
7.87931e-09
-3.40414e-09
-8.1468e-11
1.37243e-10
2.86494e-09
1.54135e-09
1.09674e-09
-2.4894e-09
-2.71983e-09
8.65808e-09
-2.55802e-11
9.61229e-10
3.07864e-10
3.49575e-09
8.55877e-09
-2.055e-10
-4.18975e-10
-4.50332e-10
1.95877e-10
-1.60414e-10
-5.29709e-09
-3.51234e-09
-2.49558e-09
-5.72837e-09
-4.32669e-10
-6.44788e-11
-6.92658e-09
-2.49828e-11
5.02068e-09
4.50797e-09
-4.49712e-10
-8.97905e-10
7.93124e-09
-3.21243e-09
-3.31195e-10
-2.15299e-10
-4.44355e-10
-1.09002e-10
-7.85037e-09
7.51846e-09
-7.17837e-09
3.92874e-10
1.16512e-10
-1.44314e-10
1.40652e-10
-1.57223e-10
-1.11098e-08
1.13639e-08
5.78215e-09
-3.03862e-09
9.17935e-09
-1.4625e-08
-2.98345e-10
6.15817e-10
6.74094e-09
-4.97176e-11
-1.4438e-10
)
;

boundaryField
{
    back
    {
        type            empty;
        value           nonuniform List<scalar> 0();
    }
    ingreso
    {
        type            calculated;
        value           nonuniform List<scalar> 
28
(
-9.35669e-09
-9.35669e-09
-9.3565e-09
-9.35659e-09
-9.35572e-09
-9.35669e-09
-9.35669e-09
-9.35611e-09
-9.35669e-09
-9.35659e-09
-9.35669e-09
-9.35669e-09
-9.3565e-09
-9.35669e-09
-9.35669e-09
-9.35659e-09
-9.35659e-09
-9.35669e-09
-9.35669e-09
-9.35655e-09
-9.35572e-09
-9.35669e-09
-9.35669e-09
-9.35669e-09
-9.3565e-09
-9.35669e-09
-9.35653e-09
-9.35659e-09
)
;
    }
    salida
    {
        type            calculated;
        value           nonuniform List<scalar> 
12
(
2.63483e-08
2.57071e-08
2.5091e-08
1.4262e-08
1.53103e-08
1.48064e-08
2.76089e-08
2.70085e-08
2.66439e-08
1.93375e-08
1.9799e-08
2.00605e-08
)
;
    }
    front
    {
        type            empty;
        value           nonuniform List<scalar> 0();
    }
    defaultFaces
    {
        type            calculated;
        value           uniform 0;
    }
}


// ************************************************************************* //
