/*--------------------------------*- C++ -*----------------------------------*\
  =========                 |
  \\      /  F ield         | OpenFOAM: The Open Source CFD Toolbox
   \\    /   O peration     | Website:  https://openfoam.org
    \\  /    A nd           | Version:  8
     \\/     M anipulation  |
\*---------------------------------------------------------------------------*/
FoamFile
{
    version     2.0;
    format      ascii;
    class       volVectorField;
    location    "3.4";
    object      U;
}
// * * * * * * * * * * * * * * * * * * * * * * * * * * * * * * * * * * * * * //

dimensions      [0 1 -1 0 0 0 0];

internalField   nonuniform List<vector> 
1642
(
(4.79578e-06 -5.5732e-06 1.09716e-26)
(0.00195845 0.00509765 1.0969e-20)
(0.0024354 0.0048412 6.41341e-21)
(0.00207933 0.00420825 3.49503e-20)
(0.000895297 1.57844e-05 1.5819e-21)
(0.000718148 0.000128706 4.04046e-20)
(0.00110552 0.000159965 9.86196e-21)
(0.00108628 0.000253593 -6.94552e-24)
(0.000680901 0.000474014 9.59535e-21)
(0.000835822 0.000253935 2.55156e-20)
(0.00262515 0.00307737 -1.90628e-20)
(0.000346827 0.000938005 -2.071e-20)
(0.000784079 0.000410469 2.51264e-20)
(0.000873654 0.000206588 -1.71179e-20)
(0.000477195 0.000393166 0)
(0.000669656 0.000467956 0)
(2.09403e-05 0.000246876 -1.34808e-20)
(-1.05099e-06 0.000208722 2.23334e-20)
(1.51543e-05 1.91676e-05 7.58711e-25)
(2.73051e-05 1.16812e-05 4.61372e-21)
(0.00088994 0.000113094 -6.54096e-21)
(0.00099688 0.000257842 7.50955e-21)
(0.000824201 0.000222099 0)
(0.00250947 6.59065e-05 -2.24842e-20)
(0.000340464 0.000235949 -3.7295e-20)
(2.10068e-05 0.000501746 -4.78428e-21)
(0.000806511 -0.000119534 1.46696e-20)
(8.73799e-05 0.000213031 0)
(0.00392482 0.00407935 6.37706e-22)
(0.00402343 0.00416731 2.45832e-22)
(0.00421058 0.00434943 -3.15747e-22)
(0.00104473 8.87581e-05 -1.14223e-20)
(0.000368238 0.00125836 0)
(4.06576e-05 -4.65892e-05 -4.87595e-21)
(0.000355692 0.000221001 1.13404e-20)
(0.000376889 0.000428914 -2.12516e-21)
(0.00090883 0.000348216 -3.71617e-20)
(0.000940205 2.60105e-05 3.54644e-22)
(0.000410808 0.000336354 -1.2026e-24)
(0.000904248 0.000238098 -1.12082e-20)
(0.000773364 0.000215086 0)
(1.91823e-05 4.52862e-05 -2.62467e-21)
(3.4434e-05 8.73467e-06 0)
(0.00061746 0.00477379 -2.34661e-20)
(-0.00122878 4.44396e-05 -2.18164e-21)
(0.000735558 4.00712e-05 -2.46084e-21)
(0.000850396 1.50584e-05 7.32786e-22)
(0.000484292 0.000114407 -5.10328e-21)
(0.000358605 0.000120439 -1.43633e-20)
(0.000673201 0.000380841 -2.19893e-20)
(3.40053e-05 8.55225e-05 -5.39953e-21)
(0.000741212 0.000433762 -7.01397e-21)
(1.60808e-05 -6.40083e-06 3.82728e-21)
(0.000292229 0.00471996 0)
(0.00253934 0.00378355 -1.70477e-20)
(0.000559602 0.000483678 1.10653e-21)
(0.00109971 0.00018944 -4.98066e-21)
(0.00019654 1.19371e-05 -7.43827e-21)
(0.00122175 0.000438355 -2.99064e-20)
(0.000358179 -0.000343736 0)
(0.000260145 0.000144638 0)
(0.000930851 5.38355e-05 -1.39783e-21)
(8.98525e-05 -7.68937e-05 4.1011e-21)
(0.00144944 0.000177761 -2.09629e-20)
(7.29651e-05 0.000425139 1.72016e-20)
(5.58213e-05 9.64887e-06 1.27837e-21)
(0.00011008 0.000124635 0)
(4.92124e-05 1.78812e-05 -5.20284e-21)
(0.000423674 0.000531972 5.77472e-21)
(5.86109e-06 6.27886e-05 -4.8558e-21)
(0.0003185 0.000100305 -1.38587e-20)
(7.84176e-05 0.000279232 -1.52809e-20)
(0.000246022 7.07067e-05 1.83777e-20)
(0.000852103 3.11673e-05 1.42907e-21)
(0.00047758 0.000626362 9.06837e-21)
(0.00131836 0.00154393 -2.35681e-21)
(0.00407965 0.00424676 1.22122e-24)
(0.00389275 0.00405801 0)
(0.00379044 0.00395811 -3.2746e-22)
(0.000425597 0.000179022 6.52048e-21)
(5.82294e-05 -1.75422e-07 2.61982e-21)
(3.44659e-05 2.05867e-05 1.80753e-20)
(0.00111867 0.00035753 -1.93138e-20)
(0.000940892 0.000471581 1.20102e-20)
(-0.00193004 0.000301891 0)
(0.000386615 0.000604214 -4.3575e-21)
(0.000405819 0.000542835 -1.66755e-20)
(1.03722e-05 -9.51679e-05 0)
(0.000553684 0.000590003 4.25624e-21)
(3.39264e-05 -3.28018e-05 -1.96726e-21)
(0.00106751 0.000124 -7.82976e-21)
(0.000121418 0.000324257 3.16496e-20)
(0.000742153 0.000566463 -1.99589e-20)
(0.000448607 0.000454911 -8.64176e-21)
(0.000532821 0.00040502 -3.4132e-20)
(7.82853e-05 -0.000177693 -1.14222e-21)
(0.000796016 0.000153185 -2.76805e-20)
(0.000566174 0.000337072 2.93335e-20)
(0.00035052 0.000314812 1.72994e-20)
(0.000453093 0.000536681 -1.15006e-20)
(0.000404817 0.00059784 2.14106e-20)
(0.000514425 0.000784769 0)
(2.85742e-05 -0.000210572 9.5784e-21)
(0.00437235 0.00436956 -1.48405e-22)
(0.00417003 0.00417969 2.14289e-20)
(0.00407625 0.00408257 5.75436e-21)
(0.00415264 0.00386872 2.2927e-20)
(0.0040618 0.00378442 2.3784e-22)
(0.0043579 0.00401987 4.3938e-21)
(0.00417619 0.00384546 -1.35682e-22)
(0.00415266 0.00387143 7.12819e-21)
(0.0040826 0.0037521 -8.87592e-21)
(0.00434458 0.00405305 0)
(0.00437157 0.00401761 7.66399e-21)
(0.00418285 0.00384207 2.13591e-21)
(0.00417846 0.00384111 4.5972e-21)
(0.00436716 0.00401624 -1.4821e-21)
(0.00407217 0.00378182 0)
(0.00416262 0.0035877 0)
(0.00400894 0.00361934 9.94635e-21)
(0.00407935 0.00375269 -1.30571e-21)
(0.00410931 0.00291519 -2.84177e-20)
(0.00439755 0.00373522 0)
(0.000399327 0.000639841 4.22886e-21)
(0.000485123 0.000599782 0)
(0.000316695 -8.69999e-05 2.75346e-21)
(0.000948332 0.000251229 1.59265e-20)
(8.24385e-06 -6.38982e-05 0)
(0.000549094 0.000278281 5.40361e-21)
(0.000596814 0.000325414 -1.59209e-20)
(0.000413066 2.77871e-05 0)
(0.000216855 -0.000104207 -2.68758e-21)
(2.32211e-05 -4.21614e-05 -1.15308e-21)
(0.000801769 0.000165281 9.91033e-21)
(5.75143e-05 -1.0228e-05 -5.01359e-26)
(3.26126e-05 -5.8442e-05 1.20809e-21)
(0.00061087 0.000281401 -2.97802e-21)
(0.000322981 -3.37504e-06 2.96029e-21)
(0.000599898 0.00023267 0)
(0.000640019 0.000279818 0)
(3.12573e-05 0.00038623 9.21069e-21)
(5.82575e-05 2.0139e-05 -1.7372e-21)
(9.6762e-05 7.58372e-05 0)
(0.00032328 5.94409e-05 1.25356e-20)
(0.000568161 0.000457649 4.32907e-20)
(6.49789e-05 0.000217463 1.62264e-20)
(0.000765101 0.000121203 0)
(4.92146e-05 0.000130344 2.2364e-20)
(0.000759515 0.000175764 -2.83166e-21)
(0.000693773 0.000187616 4.67949e-20)
(0.000280921 0.000188562 1.87902e-20)
(0.000845712 4.57803e-05 4.25386e-21)
(6.6292e-05 -1.54295e-05 -2.45705e-21)
(0.000315919 0.000235898 0)
(0.00107878 -0.000110644 1.35343e-20)
(0.000797466 0.000161943 0)
(0.000847065 0.000147389 -2.32466e-21)
(4.5157e-06 2.27379e-05 -1.54519e-20)
(6.79272e-06 -4.5614e-05 -7.33126e-23)
(-1.46895e-05 0.000296023 0)
(8.91069e-05 7.28958e-05 4.23564e-20)
(6.61873e-05 5.07374e-05 -4.50539e-21)
(0.000140668 -4.20523e-05 1.22209e-21)
(0.000872606 0.000303913 0)
(5.65887e-06 -3.05025e-05 0)
(0.000842729 6.59375e-05 0)
(0.000848968 9.47912e-05 0)
(5.30439e-05 -1.9674e-05 -2.7176e-21)
(0.000872164 3.85973e-06 -6.17299e-21)
(2.26851e-05 -0.000194128 -2.26899e-21)
(-1.88106e-05 0.000303697 -2.28268e-20)
(-3.46192e-06 0.000176144 -1.97308e-20)
(5.11495e-06 4.87148e-05 4.78386e-21)
(1.46174e-06 0.000148124 2.00422e-20)
(0.000667262 -1.37746e-05 -7.24194e-21)
(2.26061e-05 -0.000115345 2.16633e-21)
(0.000780595 0.000236444 1.1493e-20)
(0.000355843 0.000145905 1.68694e-20)
(0.000605092 0.000226262 0)
(0.00054309 0.000503194 -4.36415e-21)
(0.000960616 0.000384847 1.00404e-20)
(3.99266e-05 2.02776e-05 1.61692e-20)
(0.000776542 0.000744555 4.34696e-21)
(3.64302e-06 3.26994e-05 7.73769e-21)
(3.80116e-06 0.000122613 0)
(0.000544061 0.000310336 1.19034e-20)
(0.000617308 9.40394e-05 1.05746e-21)
(4.96802e-05 -9.59333e-06 -1.07386e-20)
(0.00019749 -0.000185917 1.46369e-21)
(0.000916287 0.000329022 6.02287e-25)
(0.000479045 0.000489403 -4.4561e-26)
(0.000368481 0.000125886 -1.37201e-20)
(4.90443e-05 3.14727e-05 2.05802e-21)
(0.000299146 0.000278038 -9.04766e-21)
(0.000189672 -8.14542e-05 -2.58151e-21)
(0.000717582 -3.58949e-05 3.27078e-25)
(0.000395926 0.000622482 -1.02103e-21)
(5.06167e-05 -2.16937e-06 8.52827e-21)
(0.000296739 0.000433108 -2.14789e-20)
(0.000601047 0.000209395 3.65801e-20)
(6.38285e-05 1.06651e-05 -4.88223e-21)
(8.04473e-05 3.07073e-07 -3.05992e-22)
(0.000521781 0.000662294 -4.44611e-21)
(0.00063291 0.00043398 1.32975e-20)
(0.00102157 0.000136017 0)
(4.17407e-05 8.17574e-06 1.35205e-20)
(0.000397276 0.000221988 -1.0183e-20)
(0.00435522 0.00404439 -2.1176e-20)
(0.00408695 0.00376693 -9.36147e-21)
(0.00418225 0.0038587 -8.68877e-21)
(0.00436459 0.0040506 -1.31403e-20)
(0.00435171 0.00405208 0)
(0.00280173 0.00287091 5.22159e-21)
(0.00280049 0.00286992 -2.66535e-23)
(0.00408544 0.0037735 -9.47738e-21)
(0.00435746 0.0040461 7.4101e-21)
(0.00416908 0.00386781 -1.08135e-20)
(0.00435819 0.00404454 -7.26401e-21)
(0.00417995 0.00386459 8.87424e-21)
(0.00279118 0.00286286 0)
(0.00435709 0.00405074 0)
(0.0027896 0.00286229 -4.23594e-21)
(0.00435507 0.00405086 -6.5874e-21)
(0.00408543 0.00375993 -5.86973e-21)
(0.00435554 0.00404845 -1.73307e-20)
(0.00408775 0.00376073 0)
(0.0026149 0.00270818 -4.2958e-21)
(0.004416 0.0040258 -3.59579e-20)
(0.00280638 0.00284727 1.90019e-20)
(0.00266352 0.00275808 -8.23135e-21)
(0.00280132 0.00287058 -1.49972e-20)
(0.00267256 0.00274836 -1.10111e-20)
(0.00280087 0.00287053 1.22825e-20)
(0.00280279 0.0028551 -1.32831e-20)
(0.00280465 0.00287153 -1.24111e-22)
(0.00279119 0.0028625 9.89037e-21)
(0.00266966 0.00274764 1.56351e-20)
(0.00279441 0.00286673 2.56804e-20)
(0.00435326 0.00405056 -8.10225e-21)
(0.00417928 0.00385163 -3.90907e-21)
(0.0044876 0.00401482 2.7254e-20)
(0.0041691 0.00386879 -1.43738e-22)
(0.00435761 0.00404898 7.61394e-21)
(0.00480914 0.00408393 -1.8799e-20)
(0.00437169 0.00403805 3.94102e-21)
(0.00417509 0.00385303 1.44309e-21)
(0.00280191 0.00287164 7.87724e-21)
(0.00287649 0.00293279 -1.84229e-20)
(0.00407511 0.00378187 0)
(0.00436456 0.00402693 -1.40276e-21)
(0.00279003 0.00287841 2.93158e-21)
(0.00435234 0.00404657 -1.35417e-20)
(0.00410376 0.00377262 0)
(0.0042923 0.00384384 8.86532e-21)
(0.0043721 0.00402357 2.15562e-21)
(0.00418224 0.00384983 2.23647e-21)
(0.00408862 0.00376198 -2.57333e-21)
(0.00423146 0.00401725 1.95721e-20)
(0.0040703 0.00377879 1.21168e-20)
(0.00418279 0.0038491 -2.2071e-21)
(0.00406805 0.00378318 0)
(0.00416251 0.00393749 0)
(0.00418075 0.0039653 -1.64495e-20)
(0.00267553 0.00275968 3.01537e-21)
(0.00271261 0.00279942 -1.80367e-20)
(0.00416508 0.00391658 8.03011e-21)
(0.00408433 0.00376049 0)
(0.00416857 0.00387566 -1.28641e-20)
(0.00310928 0.0031105 -1.76099e-22)
(0.00416812 0.00387923 7.48852e-21)
(0.00279976 0.00286721 -8.18515e-21)
(0.00437138 0.00402445 -2.18438e-21)
(0.00261989 0.00271853 5.19764e-21)
(0.00406815 0.00378459 8.01389e-21)
(0.00436305 0.00404092 8.67754e-21)
(0.00436092 0.00392964 0)
(0.00269011 0.00274591 -3.05863e-20)
(0.00416731 0.00387109 1.41343e-20)
(0.0043533 0.00404606 6.95239e-21)
(0.00267494 0.00274203 1.5388e-22)
(0.00279604 0.00287767 -7.99873e-21)
(0.00265866 0.00275196 2.56509e-21)
(0.00279122 0.00285666 -6.90669e-21)
(0.00342056 0.00334539 -1.95442e-20)
(0.00435878 0.00402429 -2.37359e-21)
(0.0041805 0.00385767 0)
(0.002682 0.00274986 5.64714e-21)
(0.00406929 0.00378303 0)
(0.00267978 0.00275919 -2.92833e-21)
(0.00262365 0.00269158 1.90517e-20)
(0.00436987 0.00402841 0)
(0.00408481 0.00376655 7.70404e-21)
(0.00406987 0.003781 7.3119e-21)
(0.00437398 0.00403608 7.33141e-21)
(0.00277291 0.00287303 2.50165e-21)
(0.0026863 0.00275282 0)
(0.00277937 0.00287037 5.78755e-21)
(0.00292139 0.00291083 2.07606e-20)
(0.00298087 0.00295665 0)
(0.00416644 0.00387445 1.34622e-20)
(0.00408299 0.0037619 4.28553e-21)
(0.00276998 0.00287234 -1.72803e-21)
(0.00418183 0.00384948 -3.90213e-21)
(0.00262416 0.00271379 6.32253e-21)
(0.00265585 0.00275206 -5.17878e-21)
(0.00407066 0.00377784 -1.18497e-20)
(0.00262241 0.00264443 0)
(0.00260764 0.0026935 -1.53034e-20)
(0.00278279 0.00288618 1.70774e-21)
(0.00437095 0.00402395 -3.79835e-21)
(0.00266717 0.00276607 1.75573e-21)
(0.00266707 0.00276468 0)
(0.00280054 0.00286492 8.41513e-21)
(0.00331218 0.00328961 0)
(0.00268473 0.00274592 -2.18572e-20)
(0.00279433 0.0028835 -2.85904e-21)
(0.00261325 0.00269892 1.75163e-25)
(0.00261169 0.00270552 -8.56961e-21)
(0.0040871 0.00376151 -8.77855e-21)
(0.00435074 0.00402296 -1.80213e-21)
(0.00328929 0.00354843 -1.03317e-20)
(0.00279677 0.00284132 -4.76196e-21)
(0.00264812 0.00274251 0)
(0.00262797 0.00267766 1.71002e-20)
(0.00487264 0.00405 -1.91182e-20)
(0.00439225 0.00471347 9.97716e-21)
(0.00267329 0.00274656 0)
(0.0042461 0.00383817 8.46496e-21)
(0.00273808 0.00274976 4.8925e-22)
(0.00406795 0.00377876 0)
(0.00279726 0.00286958 -1.53741e-20)
(0.00263521 0.00269455 -3.25114e-20)
(0.00407943 0.00376204 -1.71425e-21)
(0.00418027 0.00385432 7.69398e-21)
(0.00435531 0.00404663 5.72041e-21)
(0.00436983 0.00402774 5.38489e-21)
(0.00262344 0.00271291 -1.8712e-21)
(0.00262311 0.00271013 3.25099e-21)
(0.00261486 0.00267695 0)
(0.00261836 0.00270949 3.97528e-21)
(0.00408544 0.00376533 0)
(0.00416793 0.00387224 -4.7735e-24)
(0.00413885 0.00376052 0)
(0.0026798 0.00273034 1.59371e-20)
(0.00436971 0.00402738 7.49414e-21)
(0.00267586 0.0027278 0)
(0.0034726 0.00346532 1.03832e-20)
(0.00352088 0.00348566 -2.97962e-20)
(0.00279415 0.00288083 0)
(0.0027911 0.00289151 0)
(0.00268556 0.00274508 -7.13322e-21)
(0.00263467 0.002695 -8.72967e-21)
(0.00408138 0.00376353 3.95264e-21)
(0.00426301 0.00420033 0)
(0.00417994 0.00385537 5.53421e-21)
(0.00433406 0.00401794 6.82684e-22)
(0.00267587 0.00276884 0)
(0.00414402 0.0038423 -2.43308e-21)
(0.00360833 0.00354417 7.26862e-23)
(0.00417735 0.0038583 6.93942e-21)
(0.00263215 0.00268742 -5.1278e-21)
(0.00268739 0.00274491 9.42981e-21)
(0.00435584 0.00405001 8.91536e-21)
(0.00416805 0.0038736 1.52663e-22)
(0.00416872 0.00387393 -4.58371e-21)
(0.00266416 0.0027546 3.70705e-21)
(0.00406753 0.003782 5.28997e-21)
(0.00279889 0.00286057 1.41864e-20)
(0.00407102 0.0037833 -1.01102e-20)
(0.00460959 0.00512274 0)
(0.00257224 0.00259163 -9.29632e-22)
(0.00262474 0.00268577 -6.66255e-21)
(0.00416596 0.00387181 -6.6412e-21)
(0.00418043 0.0038629 9.66485e-21)
(0.00267104 0.0027335 0)
(0.00524722 0.00451216 -1.91837e-20)
(0.00406841 0.00377961 -1.33555e-20)
(0.0028022 0.00286252 1.67102e-20)
(0.00262832 0.00268979 -8.52713e-21)
(0.00416773 0.00387967 1.52834e-20)
(0.00262278 0.00268525 0)
(0.002626 0.00269149 1.43798e-20)
(0.00262274 0.0027106 1.16047e-20)
(0.00267645 0.0027299 0)
(0.00417869 0.00386162 6.86067e-21)
(0.00437063 0.00403305 -1.23176e-20)
(0.00435468 0.00404477 -5.10755e-21)
(0.00436246 0.00402895 1.43892e-21)
(0.00435474 0.00404646 1.10909e-20)
(0.00434778 0.00405211 -1.42033e-20)
(0.00279894 0.0028639 0)
(0.00264258 0.0027025 -1.95569e-20)
(0.00262141 0.00267343 5.20003e-21)
(0.00417424 0.00385359 -1.47821e-21)
(0.00270379 0.0027946 -2.57153e-20)
(0.0026496 0.0027469 1.87742e-21)
(0.00281888 0.00283017 -1.0214e-20)
(0.00278132 0.00286864 -7.84019e-21)
(0.00416786 0.00387086 5.92144e-21)
(0.00437145 0.00403483 3.21789e-21)
(0.00262732 0.00269077 -9.0246e-21)
(0.0040705 0.00378484 0)
(0.0040698 0.00378307 4.39407e-20)
(0.00407951 0.00376162 2.99998e-21)
(0.00278087 0.00288233 -2.05521e-21)
(0.00260937 0.00270442 -2.56933e-21)
(0.0026174 0.00270921 2.61265e-21)
(0.0027997 0.00286924 2.9899e-20)
(0.00406779 0.00378518 1.62197e-20)
(0.00279489 0.00288623 6.21036e-21)
(0.00268175 0.00274885 6.45183e-21)
(0.00279378 0.00286346 -2.95821e-20)
(0.00263639 0.00269276 8.28497e-21)
(0.00408568 0.00376573 3.12796e-21)
(0.00263443 0.00269379 2.74206e-20)
(0.00407206 0.00378185 -1.83895e-20)
(0.00274395 0.00280131 -7.99594e-21)
(0.00277991 0.00287058 0)
(0.00263827 0.00269757 2.81947e-20)
(0.00416892 0.0038685 -5.68831e-21)
(0.00266514 0.00274992 0)
(0.00262134 0.00269091 -6.07062e-21)
(0.00266617 0.00276436 4.93543e-24)
(0.0040742 0.00375871 0)
(0.00408722 0.00376161 -2.70632e-21)
(0.00276626 0.00287016 4.57143e-21)
(0.00435669 0.00405166 6.30979e-21)
(0.00408968 0.00376079 -5.10465e-21)
(0.00416824 0.00387443 6.584e-21)
(0.00260746 0.00270321 -8.43486e-21)
(0.00406876 0.00378363 -1.52729e-20)
(0.00416847 0.0038998 -3.11433e-20)
(0.00416693 0.00388889 1.55213e-20)
(0.00266498 0.00274976 3.30307e-21)
(0.00278289 0.00287453 0)
(0.00406995 0.00377777 -2.77619e-20)
(0.00281553 0.00285854 0)
(0.00261688 0.00268578 6.74381e-21)
(0.00438123 0.0040351 8.77283e-21)
(0.00260906 0.00269528 4.71681e-21)
(0.00267802 0.00274821 6.71019e-21)
(0.00296009 0.00299776 9.26403e-21)
(0.0027938 0.00286687 1.25206e-22)
(0.00260999 0.00270379 -7.93116e-21)
(0.00261239 0.00270588 -5.59654e-21)
(0.00267523 0.00276074 -6.9642e-21)
(0.00437263 0.00402513 -2.51496e-21)
(0.00266325 0.00275715 3.93033e-21)
(0.00278318 0.0027488 -8.11046e-21)
(0.00418364 0.00385147 -2.58258e-21)
(0.00435653 0.00405028 -1.19477e-20)
(0.00428743 0.00381898 0)
(0.00416871 0.00387271 1.43157e-20)
(0.00262818 0.00268996 1.39477e-20)
(0.00279312 0.00286034 3.39068e-20)
(0.00279661 0.00286185 -3.32847e-20)
(0.0040439 0.00375549 -3.38872e-21)
(0.00267911 0.00275978 -9.61823e-21)
(0.00420835 0.00399501 7.91522e-21)
(0.00408614 0.00376723 0)
(0.00268221 0.00274962 1.79753e-20)
(0.0027614 0.00286338 -6.73617e-22)
(0.00407108 0.00378234 0)
(0.00263166 0.00269274 6.89544e-25)
(0.00435265 0.00404617 -2.50858e-20)
(0.00444089 0.00386506 -9.40958e-21)
(0.0050575 0.00428786 9.51276e-21)
(0.00435253 0.00405013 0)
(0.00406874 0.003783 8.16117e-21)
(0.00268798 0.0027545 6.33194e-21)
(0.0049627 0.00453589 0)
(0.00278459 0.00277639 0)
(0.00297907 0.00295005 -3.14744e-20)
(0.00263585 0.00269315 0)
(0.0042006 0.00376978 0)
(0.00263285 0.00269194 0)
(0.0026329 0.00269193 0)
(0.00260754 0.00269545 -1.75143e-21)
(0.0026062 0.00270138 1.97711e-21)
(0.00279559 0.00285599 1.75312e-20)
(0.0028031 0.0028707 2.29626e-20)
(0.00435495 0.00404539 -6.91263e-21)
(0.00262093 0.002715 2.18481e-21)
(0.00432036 0.00401418 -1.74581e-22)
(0.0026688 0.002752 8.66827e-21)
(0.00436983 0.00404084 4.07547e-21)
(0.00258535 0.0026895 -1.33799e-20)
(0.00418062 0.00385036 3.72737e-21)
(0.00408222 0.00378089 0)
(0.00505342 0.00423476 -9.51364e-21)
(0.0026112 0.00269997 0)
(0.00268218 0.00274286 7.50741e-21)
(0.00268919 0.00274429 -7.92621e-21)
(0.00278331 0.00287016 0)
(0.00274183 0.00272729 -1.55484e-22)
(0.0026255 0.00269237 6.17622e-21)
(0.00269609 0.00272801 8.12878e-21)
(0.00268697 0.00273612 -1.00136e-20)
(0.00278814 0.00286083 1.33565e-20)
(0.00265822 0.00317122 4.44874e-20)
(0.00413199 0.00383851 -5.35222e-23)
(0.00435725 0.00404667 -7.66762e-21)
(0.0027192 0.00272536 -2.48505e-20)
(0.00266735 0.0027623 9.92809e-22)
(0.00354395 0.00351411 -1.06134e-20)
(0.0026199 0.0026663 1.78911e-20)
(0.00435548 0.00404511 8.32019e-21)
(0.00266497 0.00274356 9.23735e-21)
(0.00277891 0.00286879 9.01959e-21)
(0.00279175 0.00283797 5.4737e-21)
(0.00282263 0.00289001 -9.26024e-21)
(0.00268539 0.00275095 0)
(0.00268009 0.00274907 1.37868e-20)
(0.00266321 0.00275823 4.3185e-21)
(0.00262679 0.00267525 2.78866e-20)
(0.00279517 0.00288302 0)
(0.00263222 0.0026798 -1.61719e-20)
(0.00417691 0.0038729 0)
(0.00275093 0.00286698 -5.11942e-21)
(0.00295997 0.00293682 9.69853e-21)
(0.00418056 0.00385025 0)
(0.00266748 0.00275422 -3.63588e-24)
(0.00278215 0.00287693 -3.64295e-24)
(0.00272577 0.00276469 0)
(0.00318578 0.00309795 -9.58657e-21)
(0.004374 0.00406791 -2.06936e-20)
(0.00266809 0.0027469 -1.14919e-23)
(0.00259385 0.00269827 0)
(0.00406891 0.00378417 7.70099e-21)
(0.00436993 0.00402461 -3.60124e-21)
(0.00261915 0.00268674 1.39475e-21)
(0.00279658 0.00286687 -7.92405e-21)
(0.00262914 0.0026906 0)
(0.00262649 0.00269195 -1.46874e-20)
(0.00282786 0.0028952 2.07983e-20)
(0.00416958 0.00385027 -3.58765e-21)
(0.00263299 0.00269455 -1.4936e-20)
(0.00278042 0.00286632 0)
(0.00416495 0.00385138 -9.69368e-22)
(0.00279836 0.00286567 -2.59546e-20)
(0.00417955 0.0038535 -3.68823e-21)
(0.00265339 0.00275019 -9.56643e-21)
(0.00406798 0.00378368 0)
(0.002606 0.00269514 -6.02347e-21)
(0.00278692 0.00286715 1.4055e-22)
(0.00279887 0.00284108 4.99946e-21)
(0.00278167 0.00288376 3.81021e-21)
(0.00228958 0.00204691 0)
(0.00262503 0.00269713 4.778e-21)
(0.00269655 0.00274227 -1.60328e-20)
(0.004352 0.00404918 3.31609e-20)
(0.00277842 0.00287766 4.20712e-21)
(0.00403002 0.00374909 8.42411e-22)
(0.00408224 0.00376621 -7.74821e-21)
(0.00518251 0.00487302 9.54899e-21)
(0.00281173 0.00287828 -8.73021e-21)
(0.00267055 0.00271495 -5.67521e-21)
(0.00437093 0.00403148 9.2812e-21)
(0.0027819 0.00283038 5.71153e-21)
(0.00416181 0.00384881 8.81199e-22)
(0.00275308 0.00286464 -3.05533e-23)
(0.0027146 0.00270162 -2.43599e-20)
(0.00266155 0.00275042 0)
(0.00435569 0.00405155 0)
(0.00406476 0.00378156 1.58961e-20)
(0.00278716 0.00288382 2.27859e-21)
(0.00408273 0.00376217 1.7563e-21)
(0.00266385 0.00275556 5.96664e-21)
(0.00275492 0.00286901 0)
(0.00266678 0.00274454 -1.0814e-20)
(0.00407069 0.00377874 0)
(0.00278534 0.00283061 -1.06425e-20)
(0.00408563 0.00378144 -1.88289e-20)
(0.00267263 0.00271815 6.04585e-21)
(0.00261487 0.00269603 -5.587e-21)
(0.00263578 0.00274851 -5.24784e-21)
(0.00462889 0.00391996 1.9286e-20)
(0.00406802 0.00378391 -1.66057e-20)
(0.00437229 0.00403484 0)
(0.00418361 0.00397003 1.39321e-20)
(0.0027921 0.00283279 -5.9029e-25)
(0.00266543 0.00274772 -5.22691e-21)
(0.00262006 0.00266833 5.5613e-21)
(0.0043715 0.00403678 0)
(0.0041665 0.00387394 0)
(0.00416875 0.00386864 -5.93775e-21)
(0.00279161 0.00283886 1.14003e-20)
(0.00261814 0.00269156 -1.15455e-20)
(0.00279728 0.00286699 0)
(0.00416777 0.00387817 2.87772e-20)
(0.00261993 0.00269451 1.6717e-20)
(0.00278401 0.00286173 0)
(0.00461266 0.00402878 0)
(0.0025992 0.00269771 -9.87206e-21)
(0.00437062 0.00402529 -3.37546e-21)
(0.00267266 0.00272472 5.19155e-21)
(0.00279146 0.00284016 0)
(0.0026011 0.00269461 -2.35125e-21)
(0.00264226 0.00275286 6.55617e-21)
(0.00267203 0.00276375 2.33726e-21)
(0.00418089 0.00385113 3.42284e-21)
(0.00406958 0.0037839 1.29657e-20)
(0.0026509 0.00275094 -9.23283e-21)
(0.00275114 0.00286147 -1.5126e-22)
(0.00437069 0.00404447 4.2408e-21)
(0.00267201 0.0027261 0)
(0.00260288 0.00269798 0)
(0.00435655 0.00404734 0)
(0.00170987 0.0016241 0)
(0.00435424 0.00402479 0)
(0.00262473 0.00270499 -3.46929e-21)
(0.00267248 0.00272245 1.28733e-20)
(0.00279311 0.00284699 -8.72638e-21)
(0.00408726 0.00376154 4.55376e-21)
(0.00262347 0.00267474 2.5962e-20)
(0.00258772 0.00268549 -3.79325e-21)
(0.00275766 0.00287258 0)
(0.00418236 0.00386201 -3.13811e-21)
(0.00266307 0.00271853 0)
(0.00258427 0.0026915 1.30845e-22)
(0.00267951 0.00275117 -8.76517e-21)
(0.00258821 0.00268881 1.0372e-20)
(0.00275754 0.00287139 4.30936e-21)
(0.0027884 0.00282957 -1.79913e-20)
(0.00275368 0.00286138 -3.10391e-23)
(0.00262486 0.00267065 -1.73495e-20)
(0.00279336 0.00279275 9.11821e-21)
(0.00259225 0.0026959 0)
(0.00262046 0.00266613 0)
(0.00264196 0.00275366 0)
(0.00123774 0.00172928 2.81305e-20)
(0.00278575 0.00283249 -9.17266e-24)
(0.00263691 0.00274856 5.65731e-21)
(0.00278463 0.00283231 -2.46093e-20)
(0.00263989 0.00274376 -3.02364e-23)
(0.00261556 0.00266151 -3.05454e-20)
(0.00270238 0.00268633 0)
(0.00418313 0.00385281 8.23257e-21)
(0.00258268 0.0026903 0)
(0.00261366 0.00266196 -1.5974e-20)
(0.00275732 0.00285359 0)
(0.00264756 0.00273971 1.02497e-20)
(0.00275223 0.00285817 3.46058e-21)
(0.00264737 0.00274004 7.09344e-21)
(0.00275628 0.00291608 8.52351e-22)
(0.00263848 0.00279794 -7.20028e-22)
(0.00278784 0.00283991 -7.73243e-21)
(0.00267744 0.00271674 -7.55302e-21)
(0.00276876 0.00301851 1.22018e-21)
(0.00278433 0.00283467 -1.52092e-20)
(0.00275204 0.00286723 5.52157e-21)
(0.00266612 0.00271391 6.30348e-21)
(0.00263952 0.00275068 0)
(0.00264092 0.00273883 6.33389e-21)
(0.00274956 0.00286398 -3.00289e-21)
(0.00263499 0.00274487 -3.07551e-21)
(0.0026815 0.00270218 -7.8371e-21)
(0.00261353 0.00266231 -1.66192e-20)
(0.00278814 0.0028418 -2.3797e-20)
(0.00270638 0.00267466 -7.96527e-21)
(0.00275603 0.00291788 5.59772e-21)
(0.00278879 0.00283514 -6.7565e-21)
(0.00261914 0.00266682 1.36007e-20)
(0.00266711 0.00271557 -1.40193e-20)
(0.00263716 0.00275041 0)
(0.00262664 0.00277364 -2.69743e-20)
(0.00407016 0.00375796 0)
(0.0027636 0.00285604 -7.81118e-21)
(0.00277232 0.00267434 -2.79432e-20)
(0.00276134 0.00285724 -4.20533e-21)
(0.0026219 0.0026693 1.60564e-20)
(0.00204237 0.00207872 3.35459e-20)
(0.0025934 0.00268923 1.20098e-20)
(0.00275212 0.00286861 0)
(0.00275682 0.00285775 -7.22183e-21)
(0.00270197 0.00273773 8.06176e-21)
(0.00279545 0.00284762 2.63346e-20)
(0.00262143 0.00266827 -1.53998e-20)
(0.00261898 0.00266389 0)
(0.00264989 0.00289804 2.0103e-21)
(0.00278581 0.0028393 2.61505e-20)
(0.00279667 0.0028413 0)
(0.00279569 0.00284565 -7.7605e-24)
(0.00262375 0.00260213 1.26956e-24)
(0.00259449 0.00268176 1.07425e-23)
(0.00277897 0.00283298 -8.0116e-21)
(0.00278916 0.00283564 -7.76121e-24)
(0.00262392 0.00269407 1.78254e-20)
(0.00262911 0.00265518 -1.93401e-20)
(0.00261971 0.00266665 -9.39115e-21)
(0.00260809 0.00269762 -9.56963e-21)
(0.00273079 0.0028698 1.57795e-23)
(0.00261513 0.00266316 -1.72794e-20)
(0.00258602 0.00269188 -5.08854e-21)
(0.0027191 0.00278325 -8.42518e-21)
(0.00408668 0.00376393 -3.24826e-21)
(0.00273425 0.00285588 -2.75673e-20)
(0.00276109 0.00289181 -9.48704e-22)
(0.00264459 0.00277288 -1.07353e-22)
(0.00262228 0.00267018 0)
(0.00261857 0.00266353 0)
(0.00258866 0.00269355 -2.29608e-21)
(0.00259315 0.00268812 -1.64489e-22)
(0.00258397 0.00269253 -2.78898e-21)
(0.00258615 0.00269206 -6.23571e-21)
(0.00258222 0.00269133 6.26492e-21)
(0.00405949 0.00375758 2.94591e-21)
(0.00262777 0.002672 -1.80198e-20)
(3.05819e-05 2.29137e-05 -1.10952e-20)
(4.53391e-05 -1.6457e-05 5.47976e-21)
(9.29528e-05 0.000121548 1.53713e-21)
(0.000183733 -3.58299e-05 2.39748e-21)
(0.00100769 8.39664e-05 0)
(6.9395e-05 7.31325e-05 -9.90942e-22)
(0.000623121 0.000362308 4.11997e-20)
(5.86418e-05 0.000145857 0)
(0.000216042 -4.24429e-05 0)
(8.04782e-05 -1.78384e-05 -1.60907e-22)
(0.000612219 9.98004e-05 -1.57992e-20)
(0.00407784 0.00408458 -1.1379e-20)
(0.00407243 0.00407928 5.43713e-21)
(0.00437293 0.00437339 7.50095e-23)
(0.00417061 0.00384143 1.41905e-20)
(0.00407526 0.0037501 1.5014e-20)
(0.00416736 0.00417664 0)
(0.00437225 0.00437251 -5.1996e-21)
(0.00406786 0.004085 -9.85084e-21)
(0.00416773 0.00418366 0)
(0.00417892 0.0041777 0)
(0.00406657 0.00378362 -1.30439e-20)
(0.00418407 0.00418055 -1.18146e-20)
(0.004066 0.00378431 6.9975e-21)
(0.00405944 0.00409911 5.00789e-21)
(0.0043708 0.00437004 0)
(0.00417497 0.00417874 6.60201e-21)
(0.00408449 0.00408086 2.12015e-20)
(0.00417664 0.00417702 1.267e-20)
(0.00437144 0.00437293 0)
(0.00437278 0.00437396 0)
(0.00417652 0.00418365 -2.00383e-20)
(0.00436628 0.00436533 5.93718e-21)
(0.00405507 0.00409897 0)
(0.0040591 0.00410187 0)
(0.00434597 0.00438772 0)
(0.00434768 0.00438661 -7.28327e-21)
(0.00416112 0.00419782 0)
(0.00405896 0.00409933 -3.56769e-21)
(0.00416026 0.00419515 -6.80365e-21)
(0.00434866 0.00439065 4.20353e-21)
(0.00436787 0.00436743 -6.04706e-21)
(0.00434756 0.0043915 1.57102e-20)
(0.00405881 0.00409962 0)
(0.00434838 0.00438991 -7.58148e-21)
(0.00434696 0.00438647 0)
(0.0043695 0.0043684 -9.67006e-21)
(0.00405937 0.00409946 3.62278e-21)
(0.00415882 0.00419344 -9.67152e-21)
(0.00434645 0.00405198 0)
(0.00408246 0.00408153 -1.48625e-20)
(0.00418929 0.00417662 -7.38734e-21)
(0.00434521 0.00438935 -1.22461e-20)
(0.0040823 0.00408158 -1.50237e-20)
(0.00434486 0.00438899 0)
(0.00408189 0.00408196 0)
(0.00436449 0.00436615 1.25155e-20)
(0.00434738 0.00405007 1.4558e-20)
(0.00415812 0.00419381 3.15231e-21)
(0.00434978 0.00404968 -6.67141e-21)
(0.00415564 0.00419978 5.72788e-21)
(0.00434642 0.00439358 5.59828e-21)
(0.00408171 0.00408176 -8.03414e-21)
(0.00408117 0.00408282 8.36576e-21)
(0.00405359 0.00410032 6.11808e-21)
(0.00415811 0.00419578 -5.95154e-21)
(0.00434676 0.0043909 -5.8224e-21)
(0.00408112 0.00408184 0)
(0.00408151 0.00408254 7.97808e-21)
(0.00405277 0.00409989 -6.40512e-21)
(0.0043435 0.00439509 -5.12975e-21)
(0.00419189 0.00417579 -1.54154e-20)
(0.00415272 0.00420146 -5.26156e-21)
(0.00423956 0.00414115 0)
(0.00419963 0.00417198 -7.7872e-21)
(0.00405353 0.00410426 -7.11306e-21)
(0.00436793 0.0043692 -1.46776e-20)
(0.00408094 0.00408272 -2.53713e-20)
(0.00421556 0.0041625 1.57428e-20)
(0.00408059 0.00408119 -8.83736e-21)
(0.0040526 0.00410302 1.06654e-20)
(0.00415211 0.00420197 0)
(0.00434269 0.00439519 0)
(0.00407985 0.00407942 1.79932e-20)
(0.00425405 0.00410758 0)
(0.00434326 0.00439539 2.24177e-21)
(0.00415267 0.00420236 2.31048e-21)
(0.00405516 0.00410276 4.47064e-21)
(0.00437234 0.00437609 0)
(0.00421958 0.00402709 -1.52675e-20)
(0.00407197 0.00407609 0)
(0.00425344 0.00407864 1.67847e-20)
(0.00436687 0.0043707 -7.62893e-21)
(0.00405217 0.00410392 4.88696e-21)
(0.00436742 0.00436992 0)
(0.00423295 0.00405491 8.37654e-21)
(0.0043654 0.00436493 1.71046e-20)
(0.00436827 0.00437288 7.93844e-21)
(0.00419514 0.00377665 1.93087e-20)
(0.00406239 0.00375575 9.80355e-21)
(0.00407634 0.00407864 -9.06062e-21)
(0.00405481 0.004102 -8.49399e-21)
(0.00415683 0.00369909 9.11867e-21)
(0.00436839 0.00435832 0)
(0.00415125 0.00421605 2.28936e-21)
(0.00404111 0.00371111 -2.00949e-20)
(0.00434076 0.00440808 2.20977e-21)
(0.00412883 0.00421306 2.54775e-21)
(0.00414149 0.00421343 1.08413e-21)
(0.00433027 0.00440717 -1.0303e-21)
(0.00437564 0.00388819 1.87983e-20)
(0.0043177 0.0044033 0)
(0.00429078 0.00440291 1.32135e-21)
(0.00438394 0.00396482 1.02896e-20)
(0.00410149 0.00421331 2.14376e-21)
(0.00433029 0.00414459 2.07779e-20)
(0.00510314 0.00411363 3.75457e-20)
(0.000811298 0.000589726 -8.9909e-21)
(-2.46137e-05 0.00107995 4.14416e-24)
(3.56691e-05 2.86381e-05 -9.22174e-21)
(5.14955e-05 4.54704e-06 -2.16451e-21)
(6.11301e-05 0.000259076 0)
(0.000117165 -2.76978e-05 -7.50934e-21)
(6.73231e-05 -1.79804e-06 3.16272e-22)
(0.000675988 0.000569407 -9.70472e-24)
(0.00262375 0.00267477 -1.92073e-20)
(0.00418305 0.00418408 5.78119e-21)
(0.00262253 0.00266339 0)
(0.0026491 0.00275139 4.15241e-21)
(0.00276545 0.00286304 8.5216e-21)
(0.00265199 0.00274437 -3.69763e-21)
(0.00279252 0.00284039 2.15405e-20)
(0.00259582 0.00269399 0)
(0.00267597 0.00271981 7.34609e-21)
(0.00276129 0.00287174 -5.05175e-21)
(0.00264499 0.00275222 -1.54731e-22)
(0.00279314 0.00284707 -8.68722e-21)
(0.00415776 0.00421085 2.63786e-21)
(0.00405166 0.00411543 0)
(0.00259077 0.00269593 3.43187e-21)
(0.00434805 0.00440168 -1.19787e-21)
(0.00247221 0.00218518 2.07792e-20)
(0.00260434 0.00283279 1.40293e-21)
(0.00245339 0.00235252 1.9101e-20)
(0.00226133 0.00180225 -4.60362e-23)
(0.00137819 0.00163343 1.82756e-20)
(8.87237e-05 1.88983e-05 0)
(0.00406558 0.00378357 3.16981e-20)
(0.00415458 0.00387346 0)
(0.00405885 0.00378762 -2.15291e-20)
(0.0041745 0.00384849 3.79209e-21)
(0.0041777 0.00384096 -8.31405e-21)
(0.00435929 0.00401492 0)
(0.00434526 0.00405382 -1.43715e-20)
(0.00408085 0.00375356 0)
(0.00414855 0.00387358 0)
(0.00436768 0.00401462 6.38992e-21)
(0.00417857 0.00383882 3.22831e-21)
(0.00434553 0.00405032 2.89179e-24)
(0.00417366 0.00384442 -1.22666e-21)
(0.00393509 0.00346465 -4.12459e-20)
(0.0043636 0.00401958 1.36225e-21)
(0.00408055 0.00374958 -1.49388e-21)
(0.00416069 0.00306427 3.87962e-24)
(0.00407793 0.00375919 0)
(0.00433398 0.00338902 -1.5766e-22)
(0.00337328 0.00326843 -9.5131e-21)
(7.54551e-05 1.48967e-05 0)
(5.70374e-05 -9.13591e-05 0)
(0.0001539 0.000179073 -2.5033e-21)
(0.000127567 2.94801e-05 4.84364e-21)
(6.39994e-05 -2.87718e-05 2.80453e-21)
(6.12365e-05 8.94489e-05 -2.35933e-20)
(0.00077131 0.000213464 2.33888e-20)
(0.000776178 -0.000258439 3.04798e-20)
(5.60244e-05 5.76871e-05 5.84451e-22)
(0.000108057 2.3191e-05 0)
(0.000822804 0.000805792 4.83944e-21)
(0.000764522 0.000109632 -1.48579e-20)
(0.000229651 0.000192294 4.81988e-21)
(7.46812e-05 5.66971e-05 0)
(0.000158926 7.61898e-05 0)
(0.00063958 0.000358353 1.25627e-20)
(6.7605e-05 2.75257e-05 -5.95855e-22)
(0.000369509 0.000532133 1.26583e-20)
(0.00041063 0.000526419 3.8115e-20)
(0.000136768 6.17572e-05 0)
(0.00030049 -1.41432e-05 -1.05953e-20)
(5.64039e-05 3.76018e-05 3.00603e-22)
(3.46814e-05 6.77982e-05 -3.07976e-21)
(0.000466594 0.000639888 3.83186e-20)
(0.000551328 0.000153718 1.07041e-20)
(0.000364453 0.000485531 0)
(0.000888349 8.54037e-05 5.95476e-21)
(0.000631528 0.000562092 0)
(0.000194106 7.18409e-05 -1.79256e-20)
(0.000583674 0.000435414 -4.1544e-20)
(0.000138447 -3.85152e-06 -4.84079e-21)
(0.000650388 0.00017035 0)
(0.000366139 0.000565623 -3.3182e-20)
(0.000999474 0.000244299 -2.8378e-20)
(0.00053258 0.000470693 5.52667e-21)
(0.000225052 0.000225973 -2.10526e-20)
(3.7675e-05 8.72994e-05 1.23491e-21)
(0.000830199 3.56343e-06 0)
(9.60874e-05 -1.77929e-06 5.15848e-21)
(0.000278005 8.71668e-05 0)
(4.4585e-05 -8.59021e-05 7.93892e-21)
(7.90705e-05 3.45211e-05 4.60798e-21)
(0.000986186 0.000239969 1.25375e-21)
(0.000289684 5.88155e-05 2.16709e-21)
(0.00045398 0.000271423 -6.15702e-22)
(0.000131899 0.000205678 0)
(9.40732e-05 -2.38608e-05 -1.39664e-20)
(0.00058046 0.000184207 0)
(1.84884e-05 -2.90645e-05 -1.17945e-21)
(0.00051529 0.000254241 -2.34156e-20)
(4.0626e-05 3.70962e-05 1.27231e-21)
(4.67941e-05 4.62919e-05 0)
(0.000174486 5.67152e-06 0)
(0.000777952 0.000313366 3.15782e-20)
(0.00026508 0.000309776 -4.23949e-20)
(0.000682993 0.000292373 0)
(0.000654768 0.000216783 -3.77719e-20)
(0.000212947 0.000250316 1.45233e-20)
(0.000373236 0.000554706 -1.01992e-20)
(0.00104967 5.31801e-05 -5.42128e-21)
(0.000116429 -2.58367e-07 -3.05112e-22)
(0.000160073 0.000281472 5.4808e-21)
(0.000779245 0.000197037 -2.69778e-22)
(0.000283556 0.000369178 0)
(0.000242598 3.88706e-05 1.7575e-20)
(7.75676e-05 -3.23868e-05 -5.87996e-21)
(0.00255111 0.00212723 -1.90406e-20)
(0.00256155 0.00235261 3.08157e-20)
(0.00278652 0.00283577 -1.70419e-20)
(0.00266656 0.00271089 -1.45968e-20)
(0.00278636 0.00283274 4.82381e-24)
(0.00261805 0.00265887 -1.41835e-20)
(0.00261802 0.00266368 1.2634e-20)
(0.00401961 0.00383522 1.34692e-21)
(9.87878e-05 0.00035036 -1.84475e-20)
(0.000229454 0.000357087 2.07829e-20)
(0.000246506 0.000402283 0)
(0.000937176 0.000269943 1.6996e-20)
(0.00092137 7.90725e-05 -1.72096e-22)
(4.5665e-05 1.86922e-06 1.80544e-27)
(0.000308882 0.000245362 1.56936e-20)
(0.00266953 0.00271263 -1.21119e-20)
(0.000218101 0.000209664 -1.62206e-20)
(0.00434988 0.00439807 -2.80062e-21)
(0.00416032 0.00420706 -2.87814e-21)
(0.0043471 0.00405195 4.87587e-21)
(0.00438461 0.00404548 -1.85939e-20)
(0.0048207 0.00412118 1.87048e-20)
(0.00405436 0.00411367 2.81926e-21)
(0.00427932 0.00390877 -2.02395e-20)
(0.00225365 0.00196864 1.91895e-20)
(0.00258891 0.00269704 -1.64669e-21)
(0.00259598 0.00271446 -2.09547e-21)
(0.00403432 0.004115 9.80458e-22)
(0.00259366 0.00276486 -9.24757e-21)
(0.00264159 0.0027477 -4.78155e-21)
(0.00275772 0.00286735 4.4799e-21)
(0.00471518 0.00412898 9.51013e-21)
(0.0027552 0.00287017 -3.91142e-21)
(0.00258461 0.00269345 1.98123e-21)
(0.00263978 0.00275181 -6.16588e-21)
(0.00434347 0.00439522 1.8341e-21)
(0.00415359 0.00420372 -1.88585e-21)
(0.00416908 0.0038641 2.93766e-22)
(0.00418591 0.00418059 -2.17199e-20)
(0.00408342 0.00408482 8.22663e-23)
(0.00437419 0.00437226 0)
(0.00264813 0.00274724 1.21941e-20)
(0.00415595 0.00420374 -7.7655e-21)
(0.00435334 0.00404118 5.17095e-21)
(0.00258942 0.00269614 8.9425e-21)
(0.00406441 0.00378109 -5.68606e-21)
(0.00406983 0.00377637 5.99239e-21)
(0.00405234 0.00410628 4.37995e-21)
(0.00416894 0.00387124 -1.05293e-20)
(0.00264284 0.00274941 0)
(0.00418135 0.00418725 -2.92557e-20)
(0.00276956 0.00286433 -4.53365e-21)
(0.00436266 0.0043744 -4.48372e-21)
(0.000433001 0.000405659 0)
(0.000330323 0.000398573 -2.87906e-20)
(0.000835438 0.000180509 -1.81014e-20)
(0.000158106 3.52572e-05 2.35874e-21)
(0.000295514 0.000596563 -1.21753e-20)
(0.00033799 0.000336812 0)
(4.5089e-05 5.17756e-06 -7.94174e-22)
(0.000750486 0.000968401 0)
(0.000684886 0.000591402 1.12417e-21)
(0.00435933 0.0040168 -4.36743e-21)
(0.00408207 0.00375377 0)
(0.00417565 0.00383915 8.56455e-21)
(0.00406455 0.00378315 -1.61561e-22)
(0.00417461 0.00384934 0)
(0.0040623 0.00378738 1.41647e-20)
(0.00408064 0.00375219 0)
(0.00415222 0.0038764 1.78091e-20)
(0.00434758 0.00405388 -1.39994e-20)
(0.00407367 0.00376379 0)
(0.00418061 0.00384241 1.8557e-21)
(0.00415428 0.00387468 0)
(0.00416273 0.00336081 -9.54933e-21)
(0.00404128 0.00378636 -7.04079e-22)
(0.00436957 0.00401792 -1.80559e-21)
(0.00434407 0.00405291 1.67644e-20)
(0.00397736 0.00351449 2.02406e-20)
(0.00441791 0.0035324 0)
(0.00417362 0.00384917 -3.66216e-21)
(0.00436313 0.00402384 2.36405e-21)
(0.0038949 0.00292127 -1.86686e-20)
(0.000432982 0.000457096 -1.91906e-20)
(9.3769e-05 -4.4919e-05 5.53524e-21)
(0.000472177 0.000374625 -5.33146e-21)
(0.000922589 1.66629e-05 -1.09135e-21)
(0.000762422 0.000301695 -1.01144e-20)
(0.000899251 0.000290985 4.34758e-21)
(0.000168664 0.000215484 8.87265e-21)
(0.00405746 0.00378047 -4.75456e-23)
(0.00417553 0.00383714 4.45922e-21)
(0.004338 0.00405014 5.84681e-23)
(0.00408347 0.00375296 3.81213e-21)
(0.00065529 0.000442537 -2.05796e-21)
(0.000935901 0.000545763 -1.37346e-20)
(0.000745024 -4.65627e-05 4.69277e-21)
(0.00106387 0.000608335 3.87607e-21)
(0.000807483 0.000395202 0)
(0.000285506 0.000550157 9.4483e-22)
(0.00105101 0.000379791 -2.38727e-21)
(0.000264265 0.000266836 2.21606e-20)
(5.86989e-06 -1.72092e-05 -8.41822e-22)
(0.000759692 0.000389196 0)
(0.00106885 0.000283196 -2.90474e-20)
(4.3737e-05 1.01789e-05 -3.50649e-20)
(0.000420084 0.00069331 -8.84149e-21)
(0.000323427 0.000529573 -9.49097e-21)
(0.000375991 9.4008e-05 0)
(0.000184896 5.91907e-05 -1.98682e-21)
(0.0010805 0.000311372 -1.21467e-21)
(4.04321e-05 3.11807e-06 1.16425e-20)
(9.63799e-05 4.32921e-05 -4.58138e-21)
(0.000116117 5.4427e-05 5.01346e-21)
(0.000382985 0.000415288 2.82297e-20)
(0.000855933 6.95456e-05 0)
(3.48849e-05 2.28332e-06 -3.45662e-20)
(0.00024389 0.000172396 -3.32469e-21)
(0.000731439 -0.000240398 -5.75565e-21)
(0.000688465 0.000397544 -1.29928e-20)
(0.000192973 0.000126555 4.14677e-21)
(3.13924e-05 1.11488e-05 0)
(0.000662968 0.000391902 -5.85205e-21)
(0.000191396 0.000177071 5.7459e-21)
(0.000122471 0.000367077 0)
(0.00050315 0.000308103 -1.94169e-20)
(4.15969e-05 -7.29265e-06 -1.26899e-20)
(0.000531916 -0.000132677 1.20795e-20)
(0.000714462 7.74587e-05 8.63585e-21)
(0.000701336 0.000388351 -9.0467e-22)
(0.000426176 -3.43495e-05 2.58181e-21)
(0.00401628 0.00375988 -4.58048e-22)
(0.00430957 0.00401516 -5.26104e-22)
(0.00412133 0.00384283 0)
(0.00405652 0.00410187 -1.87656e-21)
(0.00437344 0.00437674 8.24419e-21)
(0.0041602 0.00419776 -9.23775e-21)
(0.00407925 0.00408357 -1.78913e-20)
(0.00507884 0.00434824 0)
(0.00436382 0.00397784 -8.99995e-21)
(0.00407287 0.00407155 1.86604e-20)
(0.00418283 0.00384044 0)
(0.00437127 0.00401555 -5.94911e-21)
(0.00408082 0.00374821 -4.60992e-21)
(0.00415604 0.00387089 2.13367e-20)
(0.00435081 0.00404786 -3.30948e-20)
(0.00435294 0.00402659 9.13248e-21)
(0.00415818 0.00386898 -1.69567e-20)
(0.00407005 0.00375698 0)
(0.00416728 0.00384722 0)
(0.000433986 0.000339915 6.09771e-21)
(0.00103906 8.68752e-05 2.26402e-20)
(0.00088701 0.000281692 2.79044e-20)
(0.000387199 0.000383786 2.43383e-20)
(0.00027084 0.000631656 0)
(0.0007524 0.000340945 -5.60037e-21)
(0.000542521 2.33993e-05 -1.59415e-20)
(0.000127906 9.19935e-05 0)
(0.000694054 0.000577625 2.26143e-21)
(3.96188e-05 2.21422e-06 1.22882e-20)
(0.000970783 0.000137785 -4.33579e-21)
(0.000782687 9.79574e-05 0)
(0.000787735 0.000229546 0)
(0.000175367 0.00028972 0)
(0.000307149 0.000593402 1.82488e-20)
(0.000835154 0.000326345 -2.54566e-21)
(0.000838715 0.000283137 -8.0817e-21)
(0.000884673 0.000258489 0)
(0.000884291 0.000342087 3.22109e-21)
(0.0043386 0.00389454 0)
(0.00454742 0.00395357 9.55716e-21)
(0.00259659 0.00270788 -3.69897e-21)
(0.00465954 0.00451501 1.84924e-20)
(0.00405992 0.0041056 -1.66824e-21)
(0.0049528 0.00406627 -9.26422e-21)
(0.00401003 0.00411146 -1.49201e-21)
(0.00275951 0.00287023 1.13826e-22)
(0.00264345 0.00275093 3.61554e-21)
(0.00415625 0.00420302 -1.84348e-21)
(0.00434523 0.00439469 5.15596e-21)
(0.0043689 0.00437056 -1.68082e-20)
(0.00437111 0.00436899 -7.06325e-21)
(0.00405595 0.0041042 0)
(0.00418634 0.00417806 -1.4333e-20)
(0.00416083 0.0042001 0)
(0.00408428 0.00408155 -6.99141e-21)
(0.00415404 0.00420815 4.27829e-21)
(0.00407738 0.00408034 6.13628e-21)
(0.00435518 0.00438565 -4.20018e-21)
(0.002667 0.00270906 5.77877e-21)
(0.00408744 0.00513513 0)
(0.00189331 0.0016475 0)
(0.00472768 0.00395102 0)
(0.00381177 0.00352761 1.02931e-20)
(0.00432787 0.0040557 -1.4027e-22)
(0.00434874 0.00439602 -3.15296e-21)
(0.00416706 0.00387135 -1.8115e-21)
(0.00414039 0.0038783 -7.88101e-22)
(0.00435595 0.00404796 -9.97554e-22)
(0.00415953 0.00420511 -3.24431e-21)
(0.00271943 0.00246536 0)
(0.00259061 0.00269803 2.60023e-21)
(0.00425217 0.00412117 2.71078e-20)
(0.00454827 0.0042287 -1.87e-20)
(0.0043575 0.00403103 0)
(0.00262321 0.00251553 9.81951e-21)
(0.00411648 0.00403581 0)
(0.00275841 0.00286639 -1.47273e-21)
(0.00420059 0.00418293 -2.77356e-20)
(0.00255732 0.0026289 -9.32482e-21)
(0.00408396 0.00375245 0)
(0.00416864 0.00385612 -3.07957e-21)
(0.00264328 0.00274702 1.35547e-21)
(0.00418301 0.00398134 0)
(0.0025964 0.00274502 -1.73601e-21)
(0.00405866 0.00410966 1.6549e-21)
(0.00404547 0.00411601 -3.06704e-21)
(0.00330714 0.00326131 0)
(0.00435585 0.00403997 -8.65825e-21)
(0.00408332 0.00375354 1.47913e-22)
(0.00408532 0.00375124 0)
(0.00406081 0.00378252 9.4423e-21)
(0.00368823 0.00368863 6.98974e-21)
(0.00408118 0.00375887 0)
(0.00258877 0.00269542 0)
(0.00408577 0.00375032 0)
(0.00264427 0.00275283 5.61487e-21)
(0.00381335 0.00379492 -1.88921e-20)
(0.00275945 0.00287139 5.46318e-21)
(0.00279703 0.0028408 -1.64038e-20)
(0.00436884 0.00436864 3.56004e-20)
(0.00434223 0.0040458 7.96657e-21)
(0.00395281 0.00386802 1.72996e-20)
(0.00405678 0.00378424 0)
(0.00418016 0.0038446 -5.76147e-21)
(0.00437041 0.00401677 0)
(0.00418223 0.00384268 -2.31345e-21)
(0.00404401 0.00391177 0)
(0.00437026 0.00401614 5.08599e-21)
(0.00418253 0.00384292 5.25102e-21)
(0.00405722 0.0037841 -8.84381e-21)
(0.00436838 0.00401632 -5.62372e-21)
(0.00407935 0.00375799 0)
(0.0043477 0.00404496 1.5862e-20)
(0.00408379 0.00375404 -6.11886e-21)
(0.00408308 0.00375663 -6.901e-21)
(0.00436942 0.00401546 0)
(0.00409256 0.003905 -8.0194e-21)
(0.00405746 0.00378384 8.76236e-21)
(0.00408515 0.00375192 5.81058e-21)
(0.0043484 0.00404504 7.65399e-21)
(0.00408011 0.00375579 0)
(0.00411418 0.00388352 7.87647e-21)
(0.00418151 0.00384322 0)
(0.00406027 0.00378301 0)
(0.00417846 0.00384834 1.21043e-20)
(0.00436792 0.00401899 1.18525e-20)
(0.00413375 0.00387164 2.32783e-20)
(0.00408381 0.00375684 1.30505e-20)
(0.00434808 0.00404853 1.52301e-20)
(0.00414466 0.0038693 -7.56813e-21)
(0.00406061 0.00378226 8.39637e-21)
(0.00436761 0.00402106 6.16885e-21)
(0.00417657 0.00385142 -1.39076e-22)
(0.00417492 0.00385092 -3.50173e-21)
(0.00280083 0.00284182 1.49723e-22)
(0.00405938 0.0037827 -8.27554e-21)
(0.00436728 0.00402339 -3.50253e-21)
(0.00437532 0.00437634 0)
(0.00405953 0.00378247 -8.09938e-21)
(0.00417529 0.00385178 0)
(0.00405891 0.00378344 7.4594e-21)
(0.00267873 0.00272135 -2.08481e-20)
(0.00406132 0.00378217 -1.00809e-23)
(0.00405872 0.00378268 2.32463e-20)
(0.00436791 0.00402162 6.56035e-21)
(0.00405998 0.00378408 2.28335e-20)
(0.00263025 0.00266903 2.72169e-20)
(0.00407797 0.00408408 -2.54203e-20)
(0.00265157 0.00274725 3.81105e-21)
(0.00436535 0.00402489 1.06463e-20)
(0.00436156 0.00402556 0)
(0.00408208 0.00408813 -6.88355e-21)
(0.00415917 0.00387064 1.27401e-20)
(0.0041532 0.00420699 0)
(0.00416202 0.00386991 -6.5679e-21)
(0.00407835 0.00408809 6.59333e-21)
(0.00259293 0.00269638 0)
(0.00437259 0.00437796 0)
(0.00435845 0.00402345 1.54316e-20)
(0.00406896 0.00377296 -5.58757e-21)
(0.00415646 0.00387262 -2.564e-20)
(0.00406016 0.00377968 5.70531e-21)
(0.0041521 0.00387502 1.22352e-20)
(0.00435884 0.00401855 -7.92162e-21)
(0.0026794 0.00271736 -1.14189e-20)
(0.00264473 0.00275119 -8.57177e-21)
(0.0043431 0.00404885 6.13454e-21)
(0.00263072 0.00267246 -6.10377e-21)
(0.0043393 0.00405013 -1.51478e-22)
(0.00434363 0.00404954 5.07759e-21)
(0.00407647 0.00374614 9.76897e-21)
(0.00433936 0.00404958 5.52498e-21)
(0.00433887 0.00404994 5.85982e-21)
(0.00276755 0.00286595 1.52311e-22)
(0.00434497 0.00404854 2.61747e-20)
(0.00434261 0.00404753 -1.50532e-22)
(0.00416955 0.00386249 -5.18305e-21)
(0.00434187 0.00404717 -5.49874e-21)
(0.00435289 0.00404052 -9.78024e-21)
(9.33952e-05 0.000479719 1.64509e-20)
(0.00112757 -2.1236e-05 0)
(0.00405911 0.00410239 -1.82077e-21)
(0.00437188 0.00437629 -8.4096e-21)
(0.00415596 0.00420647 -4.28113e-21)
(0.00407762 0.00408068 -1.25579e-20)
(3.50523e-05 -8.67828e-06 -1.18596e-20)
(0.000818029 8.36591e-05 -1.34006e-21)
(0.000382777 0.000509159 -1.22771e-20)
(0.000811388 0.000468911 8.89651e-22)
(0.00029817 0.000687909 0)
(0.00122934 0.000205557 -2.43955e-21)
(0.000527676 0.000297838 -4.33453e-21)
(0.000789502 0.000101656 -3.26503e-21)
(0.000129364 0.000155355 -1.94702e-20)
(0.000289029 0.000385942 0)
(0.000692483 0.000520459 4.41735e-25)
(0.000232995 0.000379567 8.8316e-21)
(0.000830629 1.87523e-05 -1.44207e-21)
(0.00126135 0.000498745 1.62831e-20)
(0.000180573 -0.000126047 1.32757e-21)
(0.000516367 0.000428543 2.5757e-20)
(4.36912e-05 3.07909e-06 2.72684e-20)
(0.00416818 0.00417565 4.91287e-21)
(0.004071 0.00407805 -2.66721e-20)
(0.00417632 0.00418507 1.08819e-20)
(0.00424091 0.00370264 -1.7092e-20)
(0.00418071 0.00418795 1.35314e-20)
(0.0040705 0.0037744 9.78549e-21)
(0.00439077 0.00433934 0)
(0.004365 0.00436825 -1.91153e-20)
(0.00436753 0.00436737 4.84999e-21)
(0.00434402 0.00439479 -6.5647e-21)
(0.00415358 0.0042029 4.31131e-21)
(0.00405369 0.00410602 9.35073e-21)
(0.00329813 0.00369043 1.00239e-20)
(0.000864 0.000526731 0)
(0.000477798 6.48002e-05 2.98949e-21)
(0.000896273 0.000141213 0)
(2.09017e-05 9.75549e-07 0)
(4.50289e-05 -2.58544e-06 1.13507e-20)
(0.000665084 0.000340339 -3.97486e-21)
(2.91729e-05 4.58796e-06 4.00747e-20)
(0.000518284 0.000470987 2.28324e-21)
(0.00226662 0.00463942 5.81016e-21)
(3.95716e-05 -6.62996e-06 1.2166e-20)
(0.0008182 0.000204929 0)
(0.000403521 0.00047972 7.17404e-21)
(0.000185716 0.000136737 5.79844e-21)
(4.36474e-05 -1.12362e-06 -1.18572e-20)
(0.00016785 0.000547093 -1.73297e-20)
(0.000852317 8.70005e-05 -1.65275e-22)
(0.000196858 0.000566634 0)
(0.000249133 0.000762747 0)
(0.0040836 0.00375232 -4.12366e-21)
(0.00433883 0.00404908 8.20282e-21)
(0.00417245 0.00383356 9.29298e-21)
(0.00405866 0.00378046 -1.19078e-20)
(0.00399395 0.00339593 -9.19592e-21)
(0.00444393 0.00430164 -1.84058e-20)
(0.00406625 0.00378177 -4.62544e-20)
(0.00420667 0.00397941 2.87993e-21)
(0.00415287 0.00420363 -2.10552e-21)
(0.00434306 0.00439507 3.96652e-21)
(0.00418529 0.0041864 -7.05476e-21)
(0.00436785 0.00437505 1.96179e-20)
(0.00405155 0.00410746 -4.39014e-21)
(0.00436585 0.00436848 -4.64386e-21)
(0.00418055 0.00418685 2.25159e-20)
(0.00407056 0.00407905 5.07641e-21)
(0.00416873 0.00417707 -4.82225e-21)
(0.000573523 0.000513021 6.42556e-21)
(0.000818559 4.93877e-05 0)
(0.000446822 0.000146659 1.73978e-24)
(0.00109616 0.000832567 -8.819e-21)
(0.000997502 0.000369907 3.52237e-21)
(0.00459252 0.00477474 -8.97577e-21)
(0.00436178 0.00402071 8.99314e-21)
(0.0041154 0.00418744 1.09021e-20)
(0.00408384 0.00406199 0)
(0.00437106 0.00401636 4.34538e-21)
(0.00418288 0.00384129 -2.15282e-21)
(0.00416012 0.00387085 -1.35334e-20)
(0.00434934 0.00404756 2.50171e-20)
(0.00416704 0.00385815 0)
(0.00406765 0.00376758 1.07481e-20)
(0.00407791 0.00374649 -1.64087e-22)
(0.00416519 0.00387101 1.54443e-22)
(0.00435088 0.00403633 0)
(0.000686528 0.000351267 0)
(0.000691669 8.76124e-05 6.02396e-21)
(0.0027686 0.00329515 -1.96572e-22)
(0.00256419 0.00282698 -8.37127e-22)
(0.00298191 0.0035128 -1.66488e-22)
(0.00284912 0.00337636 -1.76391e-22)
(0.00272591 0.0030063 -7.65504e-22)
(0.00261129 0.00289041 0)
(4.30805e-05 -3.8199e-06 -3.53923e-22)
(0.000179249 0.00010527 0)
(0.000287161 0.000610736 0)
(3.24919e-05 2.28643e-06 -4.58835e-20)
(0.000180919 0.000393918 3.6063e-20)
(0.000639679 0.000389251 -2.97377e-20)
(5.84397e-05 0.00088157 6.56911e-21)
(3.93588e-05 3.79183e-06 1.65691e-25)
(0.000707216 0.000503334 -4.11148e-21)
(4.39109e-06 0.000100285 -9.6638e-21)
(2.16967e-05 3.18205e-05 -7.93243e-21)
(0.000902543 0.0001923 -6.4348e-21)
(7.8283e-05 0.000654419 1.2443e-21)
(0.000744844 0.000334018 6.78662e-21)
(0.000362882 0.000298275 3.11924e-23)
(0.00070948 0.000475454 9.69571e-21)
(0.00111372 0.000142081 0)
(0.000103709 0.000479097 -7.2463e-21)
(0.000106267 -0.000128346 -1.17968e-21)
(0.000109465 0.000106071 -2.9623e-20)
(8.8666e-05 0.000126484 0)
(2.25153e-05 5.5071e-05 2.69257e-21)
(0.0042653 0.00438569 4.6913e-23)
(0.00407539 0.0041988 1.18944e-22)
(0.000803148 1.95377e-05 -4.20772e-21)
(0.00330819 0.00330848 -1.93965e-20)
(3.48375e-05 -1.21084e-05 5.41709e-21)
(0.000455979 0.000155515 -1.55964e-20)
(0.00262603 0.002831 3.512e-20)
(2.2908e-05 -2.62932e-06 -6.25556e-21)
(0.000114468 0.000220445 -1.88075e-20)
(0.00430794 0.0041046 -1.25586e-21)
(0.00412065 0.00392542 -6.89422e-22)
(0.000213851 0.000124545 2.46746e-20)
(0.000141424 0.000135787 1.23428e-20)
(0.00168559 0.000499065 0)
(4.53308e-05 0.000119644 -2.81094e-21)
(0.00110822 0.000451052 0)
(0.000119594 0.000745773 0)
(0.000633867 0.000516352 2.16717e-21)
(3.75517e-05 5.03629e-06 -3.62475e-20)
(0.000257684 0.0004889 2.31428e-20)
(0.000427241 -0.000250232 3.13322e-20)
(0.000920214 -3.56282e-05 -4.76149e-20)
(3.98023e-05 4.62816e-06 -1.27886e-20)
(0.000107947 -5.80616e-05 1.02685e-20)
(0.000129909 0.000274823 0)
(0.00398528 0.00410012 5.82459e-22)
(0.000678144 0.000356057 -5.32434e-22)
(0.000948481 0.000401534 -1.30332e-20)
(0.000538522 0.000132539 -3.81539e-21)
(0.000626383 0.000386014 1.68927e-21)
(0.000162686 0.000345054 -5.10309e-20)
(0.00120665 0.00031081 1.58501e-20)
(1.70808e-05 -0.000390148 9.81963e-21)
(0.000136255 0.000144152 0)
(0.000580872 -6.06577e-05 -5.09491e-21)
(2.76461e-05 4.44759e-05 -2.73662e-21)
(0.000556123 0.000137343 2.60919e-20)
(5.08345e-05 -4.07986e-05 0)
(0.00084887 0.000111944 5.30968e-21)
(0.00022933 0.000444376 0)
(4.04381e-05 1.32833e-05 9.17119e-21)
(0.000522186 4.72216e-05 1.78376e-24)
(0.000321681 0.000519837 -1.17617e-20)
(0.0013482 0.000203828 0)
(0.00076655 0.000124329 -4.8348e-21)
(0.000993648 0.000425473 5.86641e-21)
(0.00289092 0.00295404 6.05893e-22)
(0.0029474 0.00303804 0)
(0.00309417 0.00318637 -9.9819e-22)
(6.6827e-05 -7.47932e-05 0)
(0.00085935 0.000168761 5.84596e-21)
(0.00397614 0.00424233 -3.13428e-20)
(0.000856094 0.000105431 8.67828e-22)
(2.89743e-05 0.00040031 -5.00413e-24)
(0.00143174 0.000793825 3.52395e-20)
(0.000698449 0.000270367 1.66154e-20)
(2.49546e-05 0.000534472 -7.539e-21)
(0.00056936 0.000432718 -9.20547e-21)
(4.51074e-06 4.56666e-06 0)
(0.000635751 0.000479952 -4.63411e-21)
(2.63218e-05 -1.21987e-05 2.54304e-20)
(0.00347587 0.00369542 -3.28418e-20)
(2.6103e-05 6.97021e-05 5.03217e-21)
(0.000236137 0.000538772 -1.05338e-23)
(0.000839043 1.89749e-05 3.85043e-21)
(0.0003693 0.00135259 -3.52439e-22)
(0.000134151 9.20813e-05 0)
(0.000642465 0.000729306 -4.82487e-21)
(1.87493e-05 3.02774e-05 2.42093e-20)
(0.000607565 0.0010462 1.52694e-20)
(0.000144204 0.000568828 2.94872e-21)
(2.28082e-05 -1.21236e-05 -3.6029e-20)
(0.000147432 0.000462746 0)
(-0.000597158 0.000364788 -1.29536e-21)
(2.22625e-05 -1.32203e-06 1.49897e-20)
(0.00066067 0.00142194 2.96613e-21)
(9.32187e-05 0.000600497 1.11935e-21)
(0.000201635 0.000428632 -1.5243e-20)
(0.000822478 0.000529209 1.4411e-20)
(0.000455684 0.000211406 6.53556e-21)
(0.00200923 0.00265188 -1.41509e-20)
(0.000655825 0.000295482 3.91795e-21)
(1.7858e-05 2.8277e-05 6.51538e-21)
(0.000150475 0.000298744 -4.52481e-21)
(0.000477232 0.00108624 -9.56619e-21)
(4.45429e-05 0.000614375 0)
(0.000239106 0.000509404 0)
(2.00232e-05 9.1293e-06 -6.63089e-26)
(0.000852493 5.2901e-05 -3.99918e-21)
(0.00045798 0.000324628 -1.16813e-20)
(0.000699277 0.000415702 1.34271e-20)
(0.000862479 4.45453e-05 2.86872e-21)
(0.00146246 -0.000255112 0)
(0.000855832 0.000256768 2.97532e-22)
(0.00377669 0.00455152 1.03281e-20)
(3.76457e-05 0.000106284 -1.00618e-20)
(5.47424e-05 0.000157481 -1.03326e-20)
(0.000148626 0.000425436 0)
(-0.000441251 -0.000228626 0)
(0.000138621 0.00038044 2.19811e-20)
(0.0007967 0.000158554 -1.94405e-20)
(0.00196933 0.00244414 7.2824e-23)
(0.000342778 0.000569346 1.45239e-20)
(0.00100356 0.00182224 0)
(0.000322116 0.000569325 -3.20915e-20)
(0.00312442 0.00312517 2.21838e-20)
(0.000677125 0.000481642 1.10562e-20)
(0.00244779 0.00182025 0)
(0.000662805 0.000134807 -1.60635e-20)
(1.71789e-05 -1.4746e-05 -7.00697e-21)
(0.00113722 0.000806678 1.98893e-20)
(0.000686438 0.000292098 0)
(0.000675873 0.000453904 0)
(0.000768093 0.000266502 -1.48274e-20)
(0.00417904 0.00400667 1.34085e-21)
(0.00398611 0.00383534 -5.19297e-22)
(0.00388067 0.00375325 -8.1321e-22)
(0.00102976 0.000538388 -5.97042e-21)
(4.00417e-06 1.35181e-05 0)
(4.42703e-05 9.98027e-05 0)
(0.00129375 0.00270286 -1.66466e-21)
(5.11327e-05 -5.07179e-05 -6.55345e-21)
(0.00410888 0.00439306 1.01587e-20)
(0.000120053 0.000247398 9.11545e-21)
(2.87246e-05 -2.59023e-05 6.05802e-21)
(0.000517545 0.000282329 1.21348e-20)
(0.0011311 0.000464372 1.1554e-20)
(0.000946082 0.00213203 6.44123e-21)
(0.00346313 0.00472444 -2.80869e-20)
(0.000878528 0.000169453 -1.24131e-20)
(0.000163346 0.000697352 0)
(0.00246038 0.00201966 -1.52264e-20)
(0.00051817 0.000504941 -4.53046e-21)
(0.000866393 0.000143238 -1.40008e-21)
(0.000550302 0.000428198 1.11773e-20)
(0.000445499 0.000245488 -1.35681e-21)
(3.04664e-05 5.40816e-05 2.44e-21)
(0.000837706 -7.82867e-05 0)
(0.000215246 0.00076929 3.27194e-21)
(0.00090295 0.00040898 0)
(3.47616e-05 -3.03001e-06 4.05619e-20)
(0.000533078 0.000244805 -1.01886e-20)
(7.12171e-05 -5.72381e-05 8.641e-21)
(0.000136749 -0.000168842 1.2848e-21)
(0.000681177 3.48288e-05 0)
(3.80923e-05 -2.23701e-05 -1.06146e-20)
(0.000650544 0.000446607 -2.26137e-21)
(0.00057926 0.000480669 1.1859e-20)
(0.00300079 0.00373881 8.11784e-21)
(0.000407815 8.37071e-05 3.23846e-21)
(0.00112308 4.5726e-05 0)
(0.000132503 -8.25911e-05 -4.965e-21)
(0.000596955 0.000424175 -4.44586e-21)
(0.00102638 0.0002147 8.10614e-21)
(0.000164067 0.000347271 2.06838e-20)
(6.49821e-06 8.08176e-05 9.73719e-21)
(0.000482646 0.000615597 1.4437e-20)
(0.00108794 8.02403e-05 -2.67977e-21)
(0.00104767 4.10876e-05 6.98399e-21)
(0.00105673 9.37525e-05 0)
(0.000354428 -4.21445e-05 1.5051e-24)
(0.000545106 0.000167279 0)
(0.000151984 0.000678872 -1.49127e-21)
(0.00085677 5.68018e-05 0)
(0.00037989 -0.00017384 -1.07562e-20)
(-1.1405e-05 0.00042797 -7.08439e-21)
(0.000818409 0.000168838 0)
(3.35999e-05 0.000745743 -1.29591e-21)
(0.00091084 9.52276e-05 -2.77582e-21)
(0.00392953 0.00374879 -7.75243e-22)
(0.00227328 0.0026739 -1.14967e-20)
(-0.000335096 0.000695043 -1.73781e-20)
(5.52005e-05 0.000201275 -2.46357e-20)
(0.000918726 0.00032514 -1.9413e-20)
(0.000683799 0.000496621 -5.95412e-21)
(5.07156e-05 0.000380763 -4.36419e-21)
(0.000863045 0.00027551 1.8792e-20)
(0.000869486 0.000245512 7.92383e-21)
(0.000411227 -0.000180462 0)
(0.00403658 0.00384059 0)
(0.00421952 0.00401576 1.37826e-21)
(0.000383914 0.000765749 -4.62415e-23)
(0.000604949 9.93924e-06 3.99224e-21)
(0.000720347 0.000109516 -3.04117e-20)
(0.00109308 0.000100156 -7.70461e-22)
(0.000723136 0.000290678 0)
(0.00283285 0.00230401 2.94452e-21)
(4.43545e-05 -3.04302e-05 1.38054e-21)
(1.32675e-05 1.18895e-05 2.59874e-21)
(0.00392693 0.00407826 -1.20867e-21)
(0.000703436 0.000334879 3.89647e-21)
(0.00110072 0.000135045 4.40285e-21)
(0.00401391 0.00417573 1.19005e-21)
(0.00420427 0.00436438 6.25692e-22)
(0.00102596 1.52962e-05 -4.07407e-25)
(0.000960099 0.00108181 9.8506e-21)
(0.000483245 0.000851741 -1.19049e-20)
(1.24802e-05 3.36081e-06 0)
(0.00351713 0.00419029 2.11941e-23)
(0.00123459 0.00284721 9.25719e-21)
(0.00248847 0.00237266 0)
(0.00260416 0.00248497 -3.42831e-22)
(0.00244829 0.00233866 -6.24062e-22)
(-0.000236621 0.00212723 3.06271e-22)
(2.47383e-05 1.57709e-05 -1.16246e-20)
(0.000898875 0.000140048 0)
(0.00179998 0.00176753 3.72163e-20)
(0.00115406 0.00268357 0)
(0.00210399 0.00231498 2.41195e-20)
(0.00282622 0.00250131 -1.02123e-20)
(-0.000354071 0.00344988 -1.31047e-20)
(0.000719164 -0.000663054 -4.65818e-20)
(0.00076975 0.000153719 4.05181e-20)
(0.00269347 0.00435491 -1.52867e-20)
(0.000304928 0.000757429 -2.12493e-21)
(0.000673751 0.000469857 0)
(0.00179885 0.00109078 -1.73774e-20)
(8.39957e-05 0.000166046 0)
(0.00264247 0.00233248 2.55154e-20)
(0.00131393 0.00111096 -1.58756e-20)
(0.00352988 0.00509201 0)
(0.000766694 0.000915005 1.68649e-20)
(0.000145819 -0.000366006 -1.51198e-21)
(0.00416646 0.00432985 1.36967e-22)
(0.00398137 0.00414333 4.06442e-22)
(0.000611926 0.000482044 -8.29272e-21)
(0.000984016 0.000519951 -8.68067e-21)
(0.000588261 0.000627942 -3.19985e-20)
(0.00247593 0.00334636 1.00235e-20)
(0.00270081 0.00398565 7.67905e-22)
(6.23966e-05 0.00016323 0)
(0.00388754 0.00404765 3.74028e-22)
(0.00246136 0.00145481 5.63088e-20)
(0.00214617 0.0019638 0)
(8.52619e-05 0.000194411 1.34472e-20)
(0.000102616 0.000205921 0)
(0.000857338 0.00177424 -3.81815e-20)
(0.000657554 0.000468949 2.32769e-21)
(0.00278795 0.00197613 -3.06754e-20)
(0.00110078 0.000261637 0)
(0.00232512 0.00115012 1.78613e-20)
(0.00310248 0.0056865 0)
(0.00357851 0.00516533 -9.32011e-21)
(0.00260185 0.00261312 1.16158e-22)
(0.00273637 0.00274155 1.11994e-22)
(0.00253652 0.00255148 -2.06015e-22)
(0.000635042 0.000457325 0)
(0.000635862 0.000482613 5.03968e-21)
(0.00315666 0.00446202 7.33211e-21)
(0.00268647 0.00270702 1.47507e-20)
(0.00259119 0.0039679 1.99286e-20)
(0.00246811 0.00487115 2.63293e-20)
(0.00145593 0.00432129 0)
(0.00201054 0.00337056 9.62524e-21)
(0.000600839 0.00176657 1.96884e-20)
(0.00356456 0.00404855 -2.53762e-22)
(0.00366924 0.00411901 0)
(0.00385125 0.00427495 -5.17043e-25)
(0.00245162 0.00281794 1.68955e-22)
(0.00257227 0.00290586 0)
(0.00276733 0.00306702 0)
(0.000136782 0.00329404 -1.01326e-20)
(0.00325408 0.00353737 8.18779e-22)
(0.00332256 0.00361193 2.31352e-22)
(0.00184751 0.000195979 4.63733e-21)
(0.00346044 0.00376787 2.62701e-22)
(0.00185064 0.00225532 -8.4297e-22)
(0.00248342 0.00271303 4.83586e-22)
(0.00191411 0.00231223 -4.35434e-22)
(0.00255122 0.00277232 4.53464e-22)
(0.00204105 0.00243693 -4.60895e-22)
(0.00269079 0.00290234 4.47568e-22)
)
;

boundaryField
{
    back
    {
        type            empty;
    }
    front
    {
        type            empty;
    }
    ingreso
    {
        type            fixedValue;
        value           uniform (0.000970309 0 0);
    }
    salida
    {
        type            zeroGradient;
    }
    defaultFaces
    {
        type            noSlip;
    }
}


// ************************************************************************* //
