/*--------------------------------*- C++ -*----------------------------------*\
  =========                 |
  \\      /  F ield         | OpenFOAM: The Open Source CFD Toolbox
   \\    /   O peration     | Website:  https://openfoam.org
    \\  /    A nd           | Version:  8
     \\/     M anipulation  |
\*---------------------------------------------------------------------------*/
FoamFile
{
    version     2.0;
    format      ascii;
    class       volScalarField;
    location    "6.4";
    object      p;
}
// * * * * * * * * * * * * * * * * * * * * * * * * * * * * * * * * * * * * * //

dimensions      [0 2 -2 0 0 0 0];

internalField   nonuniform List<scalar> 
5101
(
7.66445e-06
8.46428e-06
8.05295e-06
2.8854e-06
8.46463e-06
2.52323e-06
1.28213e-06
1.06801e-05
9.56083e-07
2.87465e-06
7.87802e-06
2.18102e-06
6.56945e-07
1.58178e-06
5.62237e-06
5.38747e-06
4.44658e-06
3.22047e-06
6.30877e-06
1.00609e-05
6.8702e-06
2.86468e-06
5.38513e-06
3.38188e-06
6.5937e-06
4.34313e-06
5.81336e-06
6.24794e-06
7.9767e-06
7.69675e-06
6.62024e-06
5.58189e-06
5.21124e-06
1.02464e-05
6.97762e-06
7.22615e-06
7.51275e-06
7.18615e-06
8.20717e-06
1.04019e-05
1.07777e-05
1.36704e-06
6.14241e-06
5.25791e-06
8.12696e-06
5.46525e-06
8.29763e-06
3.16634e-06
7.39356e-06
6.41808e-06
8.37331e-06
7.31217e-06
6.99813e-06
8.03657e-07
1.06897e-05
8.0499e-06
7.43013e-06
1.02676e-05
1.05896e-05
4.61809e-06
1.10485e-06
5.88801e-06
1.07301e-05
7.37171e-06
6.08183e-06
8.60511e-06
1.39878e-06
4.28052e-06
6.82069e-06
1.07826e-05
2.68782e-06
9.96709e-06
1.06982e-05
5.84623e-06
5.00116e-06
1.01925e-05
3.28317e-06
1.01826e-05
1.04512e-05
2.34622e-06
1.07152e-05
1.81148e-06
3.30843e-06
6.91643e-06
1.06789e-05
7.48918e-06
8.47266e-06
2.72872e-06
8.79402e-06
5.1094e-06
1.01234e-05
4.62529e-07
7.32627e-06
6.93585e-06
7.67424e-06
7.76057e-06
1.01764e-05
8.65793e-06
1.06354e-05
8.99527e-06
6.58806e-06
1.06154e-05
1.90135e-06
9.02366e-06
5.31647e-06
1.01728e-05
7.20356e-06
8.81385e-06
1.05023e-05
3.90835e-06
1.81981e-06
1.99783e-06
7.46689e-06
8.49598e-06
3.96829e-06
1.01721e-05
1.02297e-05
3.95555e-06
5.59535e-06
4.84672e-06
2.07976e-06
3.67124e-06
1.00486e-05
9.0645e-06
4.78589e-06
1.07288e-05
5.83745e-06
8.15336e-06
1.07092e-05
2.56282e-06
7.85086e-06
7.48403e-06
8.67394e-06
1.07108e-05
7.73978e-06
7.98782e-06
1.0411e-05
7.36525e-06
9.27329e-07
1.04432e-05
1.0106e-05
9.28569e-06
1.0424e-05
7.10769e-06
4.40056e-06
4.62169e-06
1.04857e-05
6.83081e-06
9.08149e-06
1.02814e-05
7.00904e-06
1.07922e-05
6.18734e-06
3.7984e-06
8.89179e-06
6.8659e-06
3.35584e-06
1.01606e-05
6.67477e-06
6.84791e-06
6.28922e-07
1.01744e-05
3.78993e-06
8.18594e-06
8.87715e-06
8.00006e-06
6.11115e-06
7.51565e-06
2.859e-06
1.02899e-05
3.87482e-06
6.36677e-06
6.63792e-06
8.33495e-06
8.85622e-06
3.66463e-06
2.25669e-06
1.07431e-05
5.25556e-06
8.12226e-06
8.53339e-06
4.1963e-06
6.32518e-06
9.88956e-06
1.02226e-05
7.60408e-06
1.06111e-05
5.98668e-06
7.03241e-06
7.37714e-06
8.90682e-06
6.97282e-06
1.02647e-05
1.02608e-05
4.56856e-06
7.76476e-06
1.07698e-05
8.87837e-06
1.63794e-06
1.81667e-06
5.76409e-06
8.88341e-06
8.29601e-06
1.01978e-05
1.06129e-05
7.91651e-06
9.38667e-06
3.52789e-06
1.07557e-05
2.43019e-06
8.68586e-06
6.19126e-07
4.94239e-06
1.03681e-05
1.71779e-06
1.10157e-06
8.16739e-06
7.6618e-06
1.98886e-06
3.85728e-06
8.42967e-07
3.64764e-06
9.61096e-06
8.69444e-06
9.23329e-06
1.08825e-05
3.6042e-06
8.68944e-06
2.60317e-06
1.07268e-05
1.00534e-05
9.34176e-06
8.79694e-06
6.67875e-06
9.80895e-06
1.06614e-05
1.07251e-05
3.84822e-06
7.029e-06
8.54006e-06
2.77383e-06
1.07249e-05
1.07267e-05
7.82613e-06
6.69632e-06
8.43435e-06
7.07905e-06
1.01213e-05
8.28096e-06
7.1115e-06
8.25202e-06
2.32595e-06
1.91934e-06
7.08601e-06
3.93659e-06
5.29545e-06
5.27098e-06
6.40192e-06
4.10734e-06
1.04709e-05
5.09279e-06
4.73496e-06
5.49635e-06
3.70189e-06
3.68353e-06
1.03208e-05
7.97052e-06
3.02783e-06
1.51749e-06
1.01425e-05
4.71127e-06
4.71318e-06
1.00496e-05
4.65479e-06
1.05557e-05
9.91889e-06
1.04185e-05
1.02424e-05
2.94454e-06
3.11262e-06
6.19698e-06
6.95048e-06
5.58739e-06
8.36332e-06
1.01331e-05
6.69567e-06
7.21675e-06
6.45093e-06
8.55015e-06
9.56682e-06
4.60161e-06
9.98618e-06
6.86029e-06
1.0395e-05
5.41428e-06
1.07239e-05
2.91301e-06
7.18632e-06
9.77172e-06
7.39883e-06
1.04353e-05
9.96149e-06
8.04506e-06
5.34729e-07
-1.21516e-08
8.95039e-06
6.47261e-06
1.00249e-05
2.96722e-06
7.91822e-06
3.42699e-06
6.82622e-07
7.67356e-06
7.70761e-06
6.28195e-06
1.07227e-05
3.93466e-06
9.79568e-06
6.61689e-06
1.03467e-05
8.82529e-06
9.55279e-06
1.02562e-05
4.83788e-06
2.56197e-06
8.28561e-06
1.05039e-05
8.63215e-06
9.81623e-06
3.28438e-06
7.91344e-06
2.26171e-06
1.04554e-05
8.03278e-06
3.39602e-06
1.07225e-05
7.56074e-06
8.02463e-06
7.83552e-06
7.79255e-06
8.83609e-06
2.60724e-06
3.78909e-06
7.68888e-07
2.16756e-06
7.21674e-06
6.83722e-06
6.79219e-06
6.16614e-06
1.05041e-05
1.04526e-05
5.42978e-06
6.61722e-06
3.42031e-06
8.73629e-07
1.01847e-05
9.27026e-06
3.29854e-06
9.07128e-06
3.67434e-07
1.07079e-05
2.78482e-06
1.07153e-05
8.0207e-06
7.40766e-06
6.56067e-06
9.07469e-06
1.51488e-06
1.02082e-05
8.07499e-06
1.00916e-05
9.75675e-06
8.89435e-06
7.64031e-06
8.50725e-06
8.33267e-06
9.8152e-06
1.06988e-06
4.57486e-06
3.912e-06
7.56964e-06
6.44662e-06
8.20306e-06
6.43407e-06
2.91343e-06
1.39726e-06
4.25428e-06
3.59199e-06
7.8812e-06
2.57808e-06
6.74935e-06
6.76089e-06
1.70875e-06
3.27604e-06
2.24777e-06
2.95966e-06
2.64366e-06
7.10162e-06
1.06357e-05
4.06425e-06
6.84826e-06
4.02595e-06
7.31324e-06
3.75935e-06
8.33507e-06
6.41842e-06
6.33622e-06
1.02498e-05
6.02741e-06
1.07215e-05
6.40726e-06
7.1455e-06
1.05069e-05
6.21198e-06
7.60528e-06
6.35335e-06
8.69752e-06
6.53344e-06
1.07077e-05
3.71807e-06
3.69418e-06
5.93671e-06
2.1612e-06
-1.36179e-07
7.79969e-06
3.1204e-06
1.07193e-05
4.25509e-06
8.69553e-06
8.00007e-06
4.75351e-06
8.70892e-06
3.70718e-07
9.22997e-06
1.04761e-05
3.71314e-06
1.02004e-05
4.00406e-06
3.98667e-06
6.72562e-07
3.95839e-06
3.94348e-06
6.39098e-06
4.25097e-06
4.45104e-06
4.90745e-06
6.75123e-06
7.84199e-06
3.26423e-06
7.2414e-06
7.89316e-06
6.12814e-06
6.1057e-06
6.06906e-06
6.04325e-06
1.18919e-06
1.04217e-05
9.22748e-06
9.66877e-06
2.34209e-06
8.5249e-06
7.69051e-06
8.98414e-06
3.93736e-06
1.05455e-05
5.74634e-06
6.7608e-06
1.90463e-06
7.76382e-06
7.75189e-06
4.95252e-06
4.93075e-06
1.04032e-05
8.37155e-06
7.54442e-06
1.05839e-05
1.07295e-05
1.04628e-05
8.44387e-06
6.69617e-06
1.8081e-06
2.51522e-06
1.07062e-05
1.04271e-05
7.73913e-06
8.12991e-06
7.19701e-06
9.51846e-06
4.58355e-06
5.65556e-06
7.02905e-06
1.01137e-05
3.45844e-06
2.59038e-07
6.59732e-06
7.62865e-06
4.3562e-06
5.16854e-06
9.90333e-06
2.73676e-06
1.06885e-05
6.11965e-06
8.78851e-06
8.45198e-06
8.36761e-06
3.44261e-06
1.04651e-05
8.3445e-06
3.61453e-06
3.98482e-06
1.02127e-05
3.27091e-06
9.58787e-07
8.09406e-06
2.02407e-06
2.48452e-06
2.95888e-06
1.43077e-06
3.44468e-06
5.23114e-06
5.22794e-06
9.05947e-06
7.96372e-06
4.95157e-06
8.47941e-07
8.38069e-06
8.56616e-06
6.8612e-06
1.06648e-05
1.00427e-05
5.87995e-06
6.35135e-06
2.6869e-06
1.03828e-06
5.24631e-06
4.36822e-06
4.36258e-06
1.03217e-05
4.60737e-06
1.06363e-05
2.11445e-06
4.55038e-06
7.58568e-06
1.74691e-06
2.25286e-06
2.7532e-06
3.2507e-06
3.7434e-06
7.82692e-06
6.83971e-06
7.33732e-06
6.37864e-06
5.86788e-06
3.26047e-06
3.74295e-06
6.33529e-06
6.70301e-06
3.93765e-06
3.90747e-06
4.79502e-06
6.14932e-06
9.84387e-06
1.06407e-05
5.33417e-06
9.28633e-06
5.49314e-06
5.18778e-06
1.03873e-05
4.13941e-06
4.93306e-06
6.67042e-06
4.51763e-07
6.29406e-06
7.36016e-06
9.8065e-06
8.23459e-06
2.95115e-06
7.40923e-07
1.01676e-05
9.15944e-06
1.05309e-05
8.52423e-06
3.75531e-06
8.06668e-06
4.91426e-06
9.80613e-06
1.07249e-05
8.373e-06
8.7336e-06
1.33523e-06
3.91362e-06
6.59369e-06
5.4511e-06
5.47832e-06
7.25925e-06
2.14093e-06
5.40828e-06
5.43015e-06
1.81125e-06
1.01357e-05
3.3877e-06
1.02553e-05
6.73653e-06
1.02759e-05
2.85834e-06
5.96179e-06
8.04229e-06
6.08899e-06
5.77436e-06
3.69684e-06
3.70086e-06
8.20387e-06
8.38693e-06
1.07026e-05
1.07257e-05
9.25122e-06
1.0481e-05
1.07327e-05
6.76476e-06
8.73093e-06
5.0844e-06
1.07294e-05
7.19565e-06
1.0257e-05
3.87345e-06
7.86078e-06
9.6799e-06
6.5541e-06
9.70652e-06
6.05033e-06
7.88004e-06
7.75971e-06
8.20382e-06
5.20406e-06
8.18474e-06
1.03412e-05
4.91269e-06
4.90094e-06
3.75216e-06
1.74069e-06
3.26553e-06
2.78285e-06
2.29905e-06
1.23963e-06
1.00331e-05
4.70042e-06
5.59568e-06
8.76674e-06
6.01147e-06
3.43769e-06
8.86042e-06
1.07212e-05
6.50359e-06
3.19833e-06
1.07213e-05
7.12536e-06
8.48827e-06
6.53385e-07
8.06095e-06
1.06802e-05
1.03037e-05
3.02845e-06
5.06047e-06
5.05763e-06
5.36251e-06
3.60917e-06
1.59297e-06
5.92318e-06
5.22786e-06
6.90059e-06
9.30026e-06
8.81155e-06
5.49407e-06
6.54672e-06
5.31075e-06
1.10481e-06
3.11855e-06
2.64058e-06
2.17641e-06
6.33061e-06
8.52405e-06
8.19687e-06
7.05103e-06
1.03687e-05
9.71132e-06
2.29829e-06
1.0549e-05
1.07341e-05
6.26813e-06
3.35282e-06
4.39282e-06
5.36321e-06
5.64698e-06
8.27896e-06
2.81914e-06
7.28121e-06
1.11068e-06
8.50731e-06
7.75181e-07
2.51092e-06
8.83302e-06
4.06277e-06
2.53357e-06
1.03186e-05
7.22879e-06
5.81015e-06
1.01703e-06
3.25521e-07
5.79141e-06
2.52356e-06
8.01211e-06
1.07285e-05
8.55079e-06
5.00359e-06
8.03836e-06
9.85336e-06
7.33628e-06
7.45922e-06
1.01476e-06
3.5589e-06
6.77868e-06
5.56969e-06
5.56879e-06
1.67829e-06
6.29675e-06
1.00492e-05
1.20218e-06
3.78099e-06
6.73701e-06
7.41294e-06
2.00409e-06
5.61128e-06
5.63857e-06
5.80078e-06
2.28459e-06
6.78521e-06
7.88322e-06
6.42944e-06
8.13196e-06
6.2027e-06
1.05786e-05
1.01708e-05
5.2835e-06
6.86399e-06
7.27771e-06
1.20711e-06
7.76144e-06
9.54792e-06
7.39559e-06
5.03984e-06
7.4438e-06
1.07387e-05
5.9681e-06
7.79103e-07
5.33439e-06
7.5015e-06
6.3572e-06
5.8478e-06
9.94155e-06
5.67581e-06
7.85599e-06
8.37726e-06
1.03711e-05
5.13625e-06
8.26601e-06
9.70268e-06
7.58257e-06
7.36608e-06
1.01498e-05
8.2127e-06
8.98792e-06
3.67264e-06
8.94706e-06
5.46301e-06
7.93223e-06
3.68148e-06
8.80691e-06
1.46363e-06
1.04711e-05
3.77926e-06
1.01916e-05
6.6276e-07
1.05183e-05
4.09202e-06
5.92851e-06
7.42355e-06
4.23601e-06
1.04438e-05
1.06321e-05
9.4646e-06
9.52174e-06
6.57727e-06
1.23753e-06
6.49514e-06
4.39332e-06
6.93021e-06
7.09626e-06
3.87255e-06
5.12861e-06
6.77404e-06
6.84459e-06
8.77373e-06
6.45441e-06
1.07116e-05
1.03819e-05
1.05548e-06
3.62373e-06
6.9048e-06
7.5727e-06
1.84302e-06
5.77363e-06
5.80151e-06
5.73416e-06
5.73404e-06
1.51286e-06
8.06087e-06
1.07332e-05
1.05324e-05
4.0113e-06
7.52604e-06
1.07189e-05
1.04448e-05
1.07222e-05
8.93874e-06
3.60382e-06
6.98889e-07
7.1273e-07
6.47156e-06
6.26443e-07
6.36646e-07
3.11058e-06
7.0745e-07
7.25062e-06
9.04011e-07
1.64117e-06
6.76231e-06
4.24342e-06
5.58269e-06
1.23617e-06
2.07133e-06
2.05529e-06
1.24723e-06
2.0751e-06
7.42856e-06
5.37551e-06
1.17728e-06
5.60111e-06
3.7486e-06
4.25252e-06
1.98101e-06
5.65196e-06
5.62172e-06
4.91827e-06
4.79985e-06
1.05874e-05
1.40966e-06
1.41453e-06
1.88223e-06
1.57796e-06
1.58025e-06
3.9128e-06
5.80646e-06
8.37158e-06
8.35315e-06
2.82193e-06
5.64704e-06
1.85738e-06
7.68813e-06
1.07086e-06
7.14013e-06
8.65287e-07
8.28017e-06
8.62454e-06
1.02838e-05
1.06924e-05
4.49304e-06
1.50689e-06
8.35842e-06
6.71721e-06
1.03956e-05
7.1732e-06
2.67988e-06
7.63651e-06
6.07403e-06
1.00642e-05
7.38562e-07
9.39677e-06
5.02236e-06
4.30638e-06
9.04435e-06
8.12695e-06
3.69008e-06
4.71423e-06
1.02712e-05
7.95017e-06
3.37274e-06
1.0766e-05
4.60649e-06
4.58636e-06
1.0181e-05
2.23564e-06
2.23777e-06
2.22284e-06
7.26111e-06
9.40874e-06
4.99903e-06
7.80634e-06
2.77082e-06
6.25718e-06
8.43414e-06
6.96664e-06
8.10257e-06
1.06558e-05
9.98479e-06
7.37071e-06
6.3669e-06
8.55131e-06
2.7276e-06
8.30975e-06
1.5497e-06
9.64545e-06
2.9131e-06
8.15487e-06
6.21225e-06
3.41728e-06
1.24692e-06
9.95646e-06
2.26556e-06
1.06898e-05
8.13901e-06
9.32357e-07
8.39013e-06
1.07321e-05
3.41552e-06
2.91948e-06
2.42031e-06
1.91679e-06
5.69106e-06
3.9134e-06
3.90943e-06
6.21513e-06
5.67317e-06
1.07287e-05
1.07268e-05
3.66859e-06
9.99853e-06
6.09876e-06
1.03365e-05
2.03203e-06
2.13247e-06
9.04989e-07
8.46767e-06
3.82569e-06
3.81923e-06
9.44147e-06
7.96514e-06
3.1131e-06
1.39753e-06
1.37406e-06
8.05093e-06
7.00699e-07
6.85674e-07
1.04655e-05
6.19866e-06
7.56412e-06
8.94814e-06
5.43926e-06
1.38074e-06
2.19548e-06
7.10097e-06
2.2188e-06
2.19847e-06
9.29234e-06
1.00911e-05
8.62554e-06
7.11751e-06
8.77786e-06
1.01679e-05
1.03618e-05
3.46294e-06
1.40516e-06
6.18935e-06
8.85978e-07
9.04865e-07
1.743e-06
1.74708e-06
1.71606e-06
8.36114e-06
8.03675e-06
6.90038e-06
1.03259e-05
2.69136e-06
4.39807e-06
9.01882e-06
1.06988e-05
6.12265e-06
4.42168e-06
1.22556e-07
5.39521e-06
7.58996e-06
1.0395e-05
4.85132e-06
1.0733e-05
7.94683e-06
8.6741e-06
5.56912e-06
1.06617e-05
4.43467e-06
4.12729e-06
4.62603e-06
1.04529e-05
6.93374e-06
3.1015e-06
2.17422e-06
5.07627e-06
4.53851e-06
4.53452e-06
7.68881e-06
7.00713e-06
1.05286e-05
6.07915e-06
9.62314e-07
8.85478e-06
1.99684e-06
9.11463e-06
8.21695e-06
7.02172e-06
1.07137e-05
5.51383e-06
1.07285e-05
2.6729e-06
1.56493e-06
1.54229e-06
4.30757e-06
3.58639e-06
6.99757e-06
5.04737e-06
7.37487e-07
9.19562e-06
7.02456e-06
1.01011e-05
5.69856e-06
7.28698e-06
1.07451e-05
4.40465e-06
4.4124e-06
1.8199e-06
7.42581e-06
1.03639e-05
5.10317e-06
2.83293e-06
1.71992e-06
1.70607e-06
1.73023e-06
9.67848e-06
8.58551e-07
8.79944e-07
4.38293e-06
1.06747e-05
7.69688e-06
9.84534e-06
1.07305e-05
6.44231e-06
7.75386e-06
9.55516e-06
1.30286e-06
9.17429e-07
1.24843e-06
1.57596e-06
2.3984e-06
2.72755e-06
6.63798e-06
3.06467e-06
8.0849e-06
2.39648e-06
2.39665e-06
3.41131e-06
2.38676e-06
6.31664e-06
5.0481e-06
7.75845e-06
4.71629e-06
5.98979e-06
6.60984e-06
7.76066e-06
7.43203e-06
5.95594e-06
7.09858e-06
6.28517e-06
5.92376e-06
4.3918e-06
5.93045e-06
4.58608e-06
4.81092e-06
4.78993e-06
2.78178e-06
3.1013e-06
3.41905e-06
3.73656e-06
4.06219e-06
4.41999e-06
2.43442e-06
8.21412e-06
8.07244e-06
8.77215e-06
7.6143e-06
2.72061e-07
2.68472e-07
6.153e-06
5.21223e-06
4.75065e-06
4.61814e-06
1.47182e-06
5.75422e-06
5.76981e-06
5.78964e-06
5.82209e-06
3.58173e-06
6.93066e-06
7.59521e-06
1.01094e-06
1.05036e-05
1.68339e-06
3.68279e-06
2.36323e-06
1.01811e-05
1.06204e-05
2.37874e-06
9.3094e-06
2.35611e-06
7.88841e-06
3.4453e-06
7.07411e-06
7.73564e-06
1.67852e-06
5.94194e-06
5.9665e-06
5.90336e-06
5.89602e-06
1.3479e-06
8.61582e-06
7.70828e-06
1.42641e-06
1.026e-05
6.71181e-06
1.01996e-05
9.10738e-06
3.47446e-07
9.91467e-06
1.07189e-05
7.88143e-06
2.00023e-06
6.12682e-06
4.22223e-06
1.02384e-05
8.18906e-06
5.278e-06
9.50415e-06
5.64566e-06
1.04124e-05
1.07107e-05
1.02281e-05
9.36625e-06
8.46237e-06
1.38512e-06
7.36561e-06
2.55833e-06
7.93662e-06
5.39453e-06
8.57981e-06
1.02586e-05
1.01095e-05
1.01431e-05
8.59901e-06
1.05788e-05
1.70055e-06
2.41211e-06
1.04883e-05
8.60411e-06
7.60884e-06
1.06814e-05
1.04457e-05
1.05359e-05
2.0092e-06
1.00987e-05
9.89589e-06
6.59119e-06
8.01389e-06
7.54994e-06
4.07675e-06
4.27471e-06
4.73883e-06
3.0847e-06
7.40779e-06
8.05194e-06
6.27048e-06
6.28981e-06
6.23552e-06
1.03018e-06
3.75078e-06
4.41331e-06
7.73021e-06
2.74475e-06
6.59781e-06
6.602e-06
3.43348e-06
4.09489e-06
6.92474e-06
2.41199e-06
3.11696e-06
2.0827e-06
2.80085e-06
2.48431e-06
1.55567e-06
5.12205e-06
5.09918e-06
1.23521e-06
9.04381e-06
4.56013e-06
8.68348e-06
1.01914e-05
3.01984e-06
1.03688e-05
1.0684e-05
1.9206e-06
1.07138e-05
1.01826e-05
1.02947e-05
7.60445e-06
1.73607e-06
1.07183e-05
1.07249e-05
7.93134e-06
8.03634e-06
1.02869e-05
1.0734e-05
5.74075e-06
3.87725e-06
1.06866e-05
1.05709e-05
7.28302e-06
9.89963e-07
1.02625e-05
3.87844e-06
3.3974e-06
2.9046e-06
2.40364e-06
1.0677e-05
1.89432e-06
2.63187e-06
8.77387e-06
9.21404e-06
1.07154e-05
1.0653e-05
4.70613e-06
5.02137e-06
1.05741e-05
4.78371e-06
4.76317e-06
8.51496e-06
5.58248e-06
6.88181e-06
1.07655e-05
1.00422e-05
5.05736e-07
6.385e-06
1.55151e-06
7.03689e-06
4.18937e-06
1.03762e-05
7.79404e-06
2.12886e-06
4.75741e-06
6.53444e-06
7.70405e-06
2.3331e-06
7.86144e-06
1.0724e-05
8.0905e-06
2.85907e-06
1.0715e-05
1.07173e-05
8.99781e-07
1.07341e-05
6.58889e-07
1.01546e-05
5.259e-06
8.67875e-06
3.8018e-06
1.02695e-05
2.85768e-07
5.05654e-07
7.37384e-06
5.99552e-07
4.56635e-07
5.36685e-06
8.02509e-06
3.20749e-06
5.69062e-07
5.22615e-06
1.07212e-05
2.19157e-06
3.5339e-06
1.06913e-05
5.79383e-07
1.02426e-05
2.55807e-06
7.55039e-06
3.55613e-06
6.46432e-06
5.30817e-06
6.7168e-06
9.57401e-06
1.07301e-05
6.84975e-06
9.53536e-06
7.90291e-06
3.6384e-06
1.02034e-05
1.04207e-05
1.63641e-06
8.24377e-06
1.07356e-05
1.07168e-05
7.51131e-06
6.95328e-06
1.03209e-05
4.41599e-06
4.43429e-06
1.06189e-05
3.96739e-07
8.69793e-06
7.77383e-06
2.5704e-06
5.30169e-06
9.07031e-06
3.25035e-06
6.16271e-06
7.88018e-06
1.07565e-05
4.7605e-07
7.20708e-06
6.57916e-06
8.68628e-06
5.91835e-06
6.52657e-06
4.27988e-06
9.72239e-06
1.07108e-05
7.85709e-06
8.70089e-06
1.07266e-05
4.97502e-06
4.95294e-06
2.62119e-06
2.2339e-06
6.77117e-06
4.23025e-06
6.09272e-06
4.41712e-06
3.71976e-06
7.38531e-06
9.98598e-06
8.51472e-06
3.50855e-06
1.07353e-05
4.97356e-06
6.64321e-06
1.00272e-05
5.64103e-06
7.73618e-06
5.97182e-06
1.07359e-05
1.05782e-05
9.59574e-06
1.02405e-05
6.78608e-06
1.05986e-05
7.3667e-06
1.0274e-05
1.02718e-05
1.03052e-05
2.75441e-06
4.43374e-06
4.58857e-06
8.6567e-06
9.619e-06
6.01663e-06
1.03933e-05
1.07348e-05
8.41443e-06
7.47857e-06
6.84842e-06
5.19974e-06
9.63788e-07
6.05578e-06
1.02656e-05
1.07321e-05
7.72317e-06
9.35917e-06
4.49655e-06
1.02178e-05
7.43792e-06
3.91363e-06
6.08665e-06
3.52994e-06
1.07482e-05
4.42967e-06
1.13658e-06
4.85876e-06
6.83243e-06
7.21955e-06
5.9259e-06
4.76785e-06
1.00551e-05
1.07228e-05
1.01248e-05
7.5309e-06
5.44752e-06
8.39501e-06
7.27221e-06
9.13351e-06
1.07216e-05
8.54158e-06
7.01282e-06
1.05169e-05
1.0297e-05
6.95033e-06
7.9313e-06
6.80504e-06
8.25785e-06
6.10476e-06
2.5682e-06
1.05706e-06
1.03102e-06
1.85766e-06
1.8946e-06
1.87439e-06
4.61961e-06
4.63936e-06
5.16927e-06
5.06898e-06
6.62103e-06
7.27972e-06
8.86695e-06
9.31464e-07
1.33232e-06
-1.01275e-08
1.05032e-05
4.92914e-06
1.87226e-07
1.03306e-05
1.02291e-05
8.14399e-06
4.21787e-06
4.199e-06
5.15616e-06
9.46597e-06
3.31356e-06
5.24384e-06
7.05412e-06
8.51916e-06
4.99854e-06
7.77981e-06
3.00702e-06
1.03254e-05
8.21044e-06
1.0703e-05
1.07283e-05
7.83541e-07
1.02199e-05
4.67111e-06
4.84348e-06
1.07316e-05
6.27564e-06
1.72836e-06
1.02805e-05
8.37983e-07
4.28562e-06
7.39403e-06
6.88858e-06
8.03181e-06
2.7979e-06
5.42485e-07
1.60666e-06
8.06147e-06
7.08426e-06
1.04996e-05
1.07083e-05
6.28713e-06
7.53959e-06
1.10254e-06
5.0866e-06
4.60177e-06
8.45056e-06
1.05524e-05
1.07479e-05
8.98079e-06
6.18108e-07
9.2756e-06
3.9482e-06
4.0695e-06
6.41123e-06
5.57696e-06
4.04127e-06
5.96244e-06
8.25915e-06
9.03509e-06
4.18011e-06
4.197e-06
4.03345e-06
3.55911e-06
3.07052e-06
2.57175e-06
1.02776e-05
2.06504e-06
7.66714e-06
4.68817e-06
1.07328e-05
1.07067e-05
1.01513e-05
7.84155e-06
8.67123e-06
6.87702e-06
8.89531e-06
7.07894e-06
9.51941e-06
5.74895e-06
1.06059e-05
6.39478e-06
4.52826e-06
1.07447e-05
6.72261e-06
8.09645e-06
2.13921e-06
1.57444e-06
2.62259e-06
3.10398e-06
5.0663e-06
3.59096e-06
5.08578e-06
1.0759e-06
1.02584e-05
1.04767e-05
9.24395e-06
9.0748e-06
4.55053e-07
4.61497e-07
5.43743e-06
4.22262e-06
7.20019e-06
1.02001e-05
1.00398e-05
1.07329e-05
1.07221e-05
1.06305e-05
9.01237e-06
1.02638e-05
1.01524e-05
2.16351e-06
1.06953e-05
5.78174e-06
7.54486e-06
9.27551e-06
1.07122e-05
9.28435e-06
2.41334e-06
8.16248e-06
3.31837e-06
1.02907e-05
8.71492e-06
8.27442e-06
1.01885e-05
1.03087e-05
7.48575e-07
1.05872e-05
1.08381e-06
1.4133e-06
2.94085e-06
3.25968e-06
2.56138e-06
3.57639e-06
7.59818e-06
6.44891e-06
6.47858e-06
2.89351e-06
4.5526e-06
3.89616e-06
6.12183e-06
6.15643e-06
7.26718e-06
7.92344e-06
3.23697e-06
4.88134e-06
4.23514e-06
1.04206e-05
2.31521e-06
8.02421e-06
9.82347e-06
1.03292e-05
4.77797e-06
8.93642e-06
3.48269e-06
6.75588e-06
1.07176e-05
2.34844e-06
1.02475e-05
1.07336e-05
9.01525e-06
6.50461e-06
1.03126e-05
7.05085e-06
1.21875e-06
9.90081e-06
8.38376e-06
8.44329e-06
5.39049e-06
7.71502e-06
2.56425e-06
3.39348e-06
8.51651e-06
1.07182e-05
4.06903e-06
1.06002e-05
4.05342e-06
1.07378e-05
9.95746e-06
1.07288e-05
6.72474e-06
1.02628e-05
5.41631e-06
8.05787e-07
2.71772e-06
1.00936e-05
4.87746e-06
1.0727e-05
4.88168e-07
1.15298e-06
7.91705e-06
8.70167e-06
7.38055e-06
1.03517e-05
7.75056e-06
5.42513e-06
4.19204e-06
5.47519e-07
4.18453e-06
2.07138e-06
6.2581e-06
4.56848e-06
4.07115e-06
6.92906e-06
1.659e-06
4.57222e-06
4.249e-06
5.13806e-06
5.11452e-06
2.46234e-06
4.74774e-06
7.44769e-06
2.09155e-06
2.03917e-06
9.68749e-06
4.91377e-06
1.04536e-05
9.89639e-06
6.8162e-07
7.17208e-07
6.23309e-06
1.03105e-05
2.5511e-06
2.49779e-06
1.42928e-06
5.61266e-06
5.2286e-06
1.02729e-05
1.02679e-05
9.7648e-06
8.79606e-06
6.561e-06
1.07263e-05
1.07524e-05
9.11239e-06
6.2688e-06
6.42536e-06
1.07346e-05
4.65453e-06
4.10469e-06
8.3888e-06
1.07095e-05
9.46136e-06
9.3885e-06
1.45758e-06
2.52633e-06
4.3693e-06
8.63046e-06
1.04992e-05
3.02944e-06
1.22566e-06
2.2609e-06
1.06789e-05
1.07357e-05
1.0686e-05
8.31722e-06
1.05417e-05
8.7711e-06
2.85239e-06
1.07021e-05
1.01066e-05
4.0167e-06
9.19595e-06
8.00009e-06
6.87448e-06
3.78571e-06
1.0705e-05
1.06863e-05
1.06557e-05
1.07339e-05
8.85157e-06
9.34469e-06
1.01439e-05
5.68934e-06
3.91607e-06
1.91552e-06
1.06913e-05
2.42004e-06
2.91393e-06
3.41068e-06
3.91156e-06
1.01273e-05
1.03602e-05
6.47558e-06
1.07933e-05
1.59009e-06
1.03491e-05
2.28272e-06
8.05299e-06
5.51092e-06
1.0475e-05
4.2157e-06
7.9542e-07
8.14649e-07
9.19248e-06
8.17282e-06
1.57564e-06
1.5774e-06
1.02524e-05
2.38034e-06
4.50267e-06
1.06644e-05
2.39469e-06
7.025e-06
7.50744e-06
8.85365e-06
1.01788e-05
2.39986e-06
1.06625e-05
5.93428e-06
6.02159e-06
3.5776e-06
2.72045e-06
6.629e-06
4.30697e-06
1.07345e-05
4.49445e-06
4.47462e-06
7.60226e-06
8.04011e-06
1.07297e-05
1.56403e-06
8.91622e-06
5.10381e-07
5.4962e-07
8.31562e-06
2.56508e-06
1.07549e-05
2.20452e-06
8.59051e-07
1.38804e-06
1.02258e-05
1.07134e-05
9.51702e-06
9.47587e-07
9.2962e-07
1.73593e-06
1.73694e-06
1.75175e-06
5.49402e-06
3.59811e-06
3.599e-06
1.02363e-05
9.71119e-06
1.04131e-05
3.20553e-06
1.06651e-05
1.42877e-06
1.40498e-06
6.98782e-06
1.02443e-05
3.71853e-06
1.07627e-05
1.06673e-05
1.03226e-05
8.98111e-06
2.40125e-06
1.07212e-05
3.1557e-06
1.5807e-06
5.15678e-06
1.43919e-06
5.76207e-06
5.75214e-06
1.81966e-06
7.59026e-06
6.9291e-06
3.56665e-06
5.78907e-06
5.81841e-06
1.01508e-06
1.06825e-05
6.63764e-06
8.15933e-06
1.05062e-05
9.77629e-06
2.22814e-06
1.06621e-05
1.04068e-05
8.34594e-06
2.23336e-06
5.55125e-06
4.05458e-06
1.0403e-05
2.96863e-06
9.2934e-06
2.23894e-06
2.08582e-06
2.58493e-06
3.07896e-06
3.5789e-06
4.05398e-06
1.01191e-05
8.43015e-06
8.90473e-06
4.97924e-06
7.51008e-06
2.95426e-06
1.00177e-05
7.40994e-06
9.58716e-06
1.03097e-05
1.07147e-05
9.66321e-06
6.72361e-06
1.04792e-05
1.06704e-05
9.38847e-06
1.02582e-05
6.04084e-06
3.57812e-06
8.59677e-06
1.0282e-05
1.07122e-05
5.32426e-06
5.01247e-06
7.21574e-06
1.04086e-05
1.01185e-05
6.88661e-06
6.97713e-06
8.55778e-06
9.5049e-06
6.57263e-06
5.8346e-06
1.0735e-05
1.02993e-05
7.11659e-06
6.22688e-06
4.57626e-06
4.59638e-06
1.03361e-05
2.02069e-06
9.3994e-06
3.57853e-06
3.08487e-06
2.58641e-06
2.08493e-06
4.07117e-06
1.06593e-05
1.83916e-06
6.62811e-06
1.07268e-05
1.05335e-05
1.27103e-06
6.61646e-06
7.25215e-07
9.092e-06
5.43674e-06
9.44262e-06
4.27668e-07
4.19561e-07
1.08815e-05
4.62888e-06
1.0756e-05
1.06458e-05
9.95207e-06
4.00906e-06
7.68119e-07
7.98869e-07
1.03041e-05
1.07331e-05
1.07314e-05
8.13221e-06
5.17546e-06
1.06445e-05
1.11264e-06
8.62222e-06
1.07135e-05
5.53659e-06
4.08031e-06
8.42024e-06
4.0719e-06
1.01586e-05
1.06936e-05
8.69379e-06
6.74448e-06
1.0258e-05
9.12503e-06
1.03393e-05
1.07345e-05
1.02339e-05
5.45248e-07
1.04793e-05
9.90281e-06
1.07314e-05
1.04342e-05
8.38482e-06
9.33918e-06
1.07085e-05
1.06958e-05
1.07128e-05
4.89102e-06
1.08203e-05
1.05388e-05
6.03612e-06
1.05611e-05
8.95049e-06
6.41351e-06
1.81233e-06
9.20299e-06
9.38389e-06
7.10317e-06
2.07837e-06
7.59834e-06
5.08994e-06
9.99494e-06
7.68496e-07
1.02321e-05
1.04526e-05
1.26819e-07
1.07367e-05
1.07891e-06
1.06166e-06
1.88731e-06
1.91154e-06
1.90783e-06
9.16876e-06
1.01192e-05
1.57609e-06
9.17917e-07
7.19657e-06
5.24415e-06
5.2263e-06
3.42911e-06
1.40343e-06
2.94769e-06
2.46709e-06
1.95785e-06
3.07995e-07
6.96838e-06
5.58271e-06
5.55322e-06
1.62414e-06
1.16853e-06
3.75233e-06
6.75653e-06
7.39844e-06
1.98931e-06
5.59299e-06
5.62017e-06
8.69057e-06
6.33929e-06
9.94673e-06
8.44036e-06
1.07175e-05
1.06509e-05
1.06887e-05
3.20177e-07
4.73495e-06
1.07141e-05
1.06747e-05
1.04929e-05
4.44832e-06
4.42895e-06
9.64272e-06
5.52311e-07
8.68954e-06
9.07424e-06
6.94679e-06
5.6563e-06
5.54844e-06
1.07213e-06
3.10562e-06
2.62863e-06
2.12813e-06
1.06114e-05
8.97884e-06
5.07094e-06
5.07581e-06
3.59439e-06
1.5874e-06
9.24686e-06
1.06117e-05
3.04573e-06
4.9389e-06
1.01732e-05
1.07348e-05
3.95836e-06
8.55974e-06
1.50464e-06
1.06201e-05
1.07706e-05
1.01583e-05
1.06416e-05
1.95802e-07
1.07301e-05
1.03478e-05
2.53728e-06
8.32292e-06
5.90741e-06
3.70556e-06
1.38556e-06
1.30116e-06
1.07268e-05
2.19022e-06
2.21882e-06
1.07262e-05
1.0726e-05
2.84597e-06
2.53184e-06
1.1474e-06
1.06661e-05
6.50901e-06
1.06172e-05
4.50332e-06
1.8768e-06
1.02548e-05
2.23485e-06
2.7388e-06
3.2352e-06
3.71925e-06
1.07082e-05
1.06742e-05
1.07265e-05
5.81441e-06
3.49185e-06
8.99305e-06
9.1617e-06
9.86449e-06
1.05926e-05
1.00099e-05
2.18746e-06
1.07175e-05
8.76693e-06
1.01468e-05
5.08948e-07
5.10593e-07
9.73224e-06
1.07277e-05
1.02748e-05
5.85364e-06
3.53953e-06
7.76406e-06
8.96012e-06
6.3117e-06
3.82635e-06
1.0564e-05
8.95927e-06
1.03505e-05
1.0598e-05
2.45644e-06
7.12522e-06
2.36628e-06
7.70068e-07
4.83177e-06
1.00373e-05
1.72329e-06
2.37663e-06
1.07399e-06
1.10269e-06
6.4233e-06
1.0728e-05
1.90653e-06
1.90362e-06
1.877e-06
6.78628e-06
1.02865e-05
1.07253e-05
1.00812e-05
1.03129e-05
1.07177e-05
5.92859e-06
5.89679e-06
7.69109e-06
5.87033e-06
1.07296e-05
7.0894e-06
1.45292e-06
5.85813e-06
3.59325e-06
1.70453e-06
7.03942e-06
1.07108e-05
1.05411e-05
1.68617e-06
1.69619e-06
5.59294e-06
7.87259e-06
8.38697e-06
1.0727e-05
1.06178e-05
1.53543e-06
1.52544e-06
8.39628e-06
1.02475e-05
2.32976e-06
4.94732e-06
1.04076e-05
2.56605e-06
1.01716e-05
1.66407e-06
6.92758e-06
1.06937e-05
1.00693e-05
8.98764e-07
1.34802e-06
4.00172e-06
7.42268e-06
7.93554e-06
5.48368e-06
6.26362e-06
5.31984e-06
9.39063e-06
1.04097e-05
8.65173e-06
3.98484e-06
1.99535e-06
3.06659e-06
3.56245e-06
6.46267e-06
1.07272e-05
1.07143e-05
7.67869e-07
1.06959e-05
4.2222e-06
2.73365e-06
1.51142e-06
4.41522e-06
8.50009e-06
5.60026e-06
2.2263e-06
4.87324e-06
4.54477e-06
1.04171e-05
1.07406e-05
3.47925e-06
8.36687e-06
9.51925e-06
3.23328e-06
3.7189e-06
5.48354e-06
4.76051e-07
1.03399e-05
2.4652e-06
2.71273e-06
5.8388e-07
2.68655e-06
3.22504e-06
7.26405e-06
7.92415e-06
6.11458e-06
6.15546e-06
6.09213e-06
6.10298e-06
1.12617e-06
1.06501e-05
2.00308e-06
2.05374e-06
1.21857e-06
1.1391e-06
3.59886e-06
1.85501e-06
1.99769e-06
7.11145e-06
3.2177e-06
4.93407e-07
1.05625e-05
1.09297e-06
3.9029e-06
4.55026e-06
2.88636e-06
7.60389e-06
6.48883e-06
6.44505e-06
8.25179e-06
2.02005e-06
2.33185e-06
1.24787e-06
2.80487e-06
1.29328e-06
1.00309e-05
3.58716e-06
4.23029e-06
6.79585e-06
2.56338e-06
6.77132e-06
7.93349e-06
3.26756e-06
2.23983e-06
2.94365e-06
2.61768e-06
1.71886e-06
8.21831e-06
1.40235e-06
3.28025e-06
5.35309e-06
4.94864e-06
4.92706e-06
2.2585e-06
1.24608e-06
1.26949e-06
1.07181e-05
1.20168e-06
1.22787e-06
9.30586e-07
4.12715e-06
1.06423e-05
4.12833e-06
2.03796e-06
1.6485e-06
1.02117e-05
2.05717e-06
2.07537e-06
2.0277e-06
9.91212e-06
2.06869e-06
2.05818e-06
1.09821e-06
9.4699e-06
1.03002e-05
4.05084e-06
1.07485e-05
8.37535e-06
5.12752e-06
3.24184e-06
3.72221e-06
1.04671e-06
4.75241e-06
6.26221e-06
8.26247e-06
1.60454e-06
1.53926e-06
9.59858e-06
2.24879e-07
5.95574e-07
8.54759e-06
4.74833e-06
4.74264e-06
8.56015e-06
1.07201e-05
1.86315e-06
5.83954e-06
5.8716e-06
3.61795e-06
6.2595e-06
8.47037e-06
1.46361e-06
5.79862e-06
5.70686e-06
1.07291e-05
8.78623e-07
8.59655e-06
5.11144e-06
6.53254e-06
6.88789e-06
7.63527e-06
4.5151e-06
4.51927e-06
1.48995e-06
9.23418e-07
2.85236e-06
7.81218e-06
5.20808e-06
6.47005e-06
7.30292e-06
1.58961e-06
1.88086e-06
1.78974e-06
1.07192e-05
2.71338e-06
3.73214e-06
1.06504e-05
2.96495e-06
2.48532e-06
2.05113e-06
2.33036e-06
3.44377e-06
4.40482e-06
1.42787e-06
8.39268e-06
7.63807e-06
6.0811e-06
1.73124e-06
1.7796e-06
9.69789e-06
4.07974e-06
6.43072e-06
3.90872e-06
7.07902e-06
1.91826e-06
2.29971e-06
5.27292e-06
5.29721e-06
5.03286e-06
1.26442e-06
2.08452e-06
6.79563e-06
6.6438e-06
2.7194e-06
2.57826e-06
5.07693e-06
2.86373e-06
7.5928e-06
7.94601e-06
6.87758e-06
1.07261e-05
5.68317e-06
7.13991e-06
1.00132e-05
1.40229e-06
1.12685e-06
5.22091e-06
2.05019e-06
4.26664e-06
3.01014e-06
4.1013e-06
8.11495e-06
9.63052e-07
2.91295e-06
4.43934e-06
4.41886e-06
6.02654e-06
6.03347e-06
7.80142e-06
8.31625e-06
4.42686e-06
4.40774e-06
4.87571e-06
5.05649e-06
2.58787e-06
3.07674e-06
3.56782e-06
4.07403e-06
3.7587e-06
7.25709e-06
6.44284e-06
5.52858e-06
4.0516e-06
5.77345e-06
1.7894e-06
1.1066e-06
5.98927e-06
7.65309e-07
1.01486e-05
7.9761e-06
1.07171e-05
4.05255e-06
2.42389e-06
7.46031e-06
2.55069e-06
6.92942e-06
5.8239e-06
3.91246e-06
1.92301e-06
6.95902e-06
2.95318e-06
2.5664e-06
1.12392e-06
3.1862e-06
7.42448e-06
8.15483e-06
3.76865e-06
6.09508e-06
5.11847e-07
5.2149e-07
6.26112e-06
9.50996e-06
4.40388e-06
4.90462e-06
4.90343e-06
4.44727e-06
4.42732e-06
4.25433e-06
5.38861e-06
2.50643e-06
4.53247e-06
2.37736e-06
8.92323e-07
1.66063e-06
2.29838e-06
3.11455e-06
3.43817e-06
6.76535e-06
6.97838e-06
4.69658e-06
4.55113e-06
6.60574e-06
8.05533e-06
6.28223e-06
6.28989e-06
4.43481e-06
5.06666e-06
5.04416e-06
1.26681e-06
6.29638e-06
2.15223e-06
2.42497e-06
2.40768e-06
2.79104e-06
1.04037e-06
2.39255e-06
8.26103e-06
6.49732e-06
6.44596e-06
7.76868e-06
6.83046e-06
2.62744e-06
2.24624e-06
6.68779e-06
2.75008e-06
2.08485e-06
4.18174e-06
1.71218e-06
9.42607e-06
3.89988e-06
5.93104e-06
3.40669e-06
3.89535e-06
4.77478e-06
4.72729e-06
5.43629e-06
3.59929e-06
4.58477e-06
5.64284e-06
1.32701e-06
1.07238e-05
1.18681e-06
8.29696e-06
3.27663e-06
6.60569e-06
2.46463e-06
1.53197e-06
1.47978e-06
4.42492e-06
5.20011e-06
4.55919e-06
4.57914e-06
4.4034e-06
2.13322e-06
1.07286e-05
9.71286e-07
1.03249e-06
7.23498e-06
5.46654e-06
4.31857e-06
6.90742e-07
8.60932e-06
1.06173e-05
7.13725e-06
7.10144e-06
8.79737e-07
7.60201e-06
6.08475e-06
2.69298e-06
7.15538e-07
3.93325e-06
5.44111e-06
5.91476e-06
3.66906e-06
3.92899e-06
1.74991e-06
5.83967e-06
7.0978e-06
2.77017e-06
7.74626e-07
6.9464e-06
8.36698e-06
4.36972e-07
9.45392e-06
1.57486e-06
7.96862e-06
1.07053e-05
3.83642e-06
5.73786e-06
7.54756e-06
5.25025e-06
6.01673e-06
7.74481e-07
7.63741e-07
4.05077e-06
7.45272e-06
5.33786e-06
7.0521e-06
8.22128e-06
5.31273e-06
5.39698e-06
4.63077e-06
4.61237e-06
2.63766e-06
2.26005e-06
1.36212e-06
5.36529e-06
5.39974e-06
5.42581e-06
3.97722e-06
2.52887e-06
1.07201e-05
4.7235e-06
2.57719e-06
3.06939e-06
3.57199e-06
4.15249e-06
7.21815e-06
5.46974e-06
1.71632e-06
4.57002e-06
3.82699e-06
7.28668e-06
5.54193e-06
8.32183e-06
6.45203e-06
6.57505e-06
3.12379e-06
2.22094e-06
6.2047e-06
3.44502e-06
1.0215e-06
1.63442e-06
1.06601e-05
4.49357e-06
4.4803e-06
3.76497e-06
4.83688e-06
4.11213e-06
3.87957e-06
1.07222e-05
5.51426e-06
1.91656e-06
5.89583e-06
2.31708e-06
2.80848e-06
7.04309e-06
3.938e-06
5.39483e-06
1.86911e-06
4.31917e-06
1.41667e-06
1.19496e-06
1.48566e-06
4.32477e-06
1.98622e-06
2.06477e-06
7.62181e-06
5.56025e-06
1.8539e-06
1.1689e-06
3.92847e-06
8.09069e-06
1.15627e-06
2.06139e-06
1.15184e-06
7.2194e-06
3.45191e-06
1.52743e-06
3.61751e-06
5.63387e-07
6.29674e-06
6.11997e-06
2.39841e-06
1.49028e-06
5.63562e-06
2.78247e-06
3.12264e-06
8.042e-06
7.716e-06
2.31546e-06
2.53205e-06
2.79872e-06
6.76242e-06
1.80237e-06
1.7321e-06
1.89988e-06
3.6991e-06
5.52917e-06
1.2959e-06
6.35182e-06
6.74756e-06
2.73469e-07
5.18865e-06
4.39647e-07
1.44409e-06
6.30679e-06
3.06284e-06
8.74255e-07
6.12722e-06
6.08666e-06
6.20453e-06
4.66093e-07
3.06462e-06
3.39236e-06
4.58548e-06
4.46816e-07
3.36411e-06
7.74634e-06
2.05779e-07
5.77079e-07
4.25167e-07
2.34867e-06
6.24441e-06
3.0326e-06
4.48453e-07
6.47235e-06
3.37416e-06
3.5422e-06
2.52173e-06
3.20133e-06
5.03972e-06
3.34811e-06
4.8529e-07
5.44436e-07
2.58408e-06
1.57825e-06
2.39508e-07
4.1931e-06
6.28595e-07
6.03379e-06
8.81501e-06
6.33301e-06
5.45094e-06
5.23059e-06
5.14259e-06
9.12356e-06
2.69437e-06
9.18906e-06
1.07366e-05
2.86363e-06
1.07396e-05
1.07279e-05
1.06332e-05
8.74452e-06
6.79299e-06
2.83034e-06
1.26329e-06
5.33168e-06
7.8765e-06
4.89511e-06
9.19089e-06
5.12378e-06
2.69311e-06
8.43972e-06
5.3568e-06
1.0593e-05
1.53063e-06
9.04413e-06
8.11063e-06
4.56571e-06
7.94623e-06
1.68768e-06
5.01405e-06
4.75668e-06
4.18964e-06
5.92168e-07
6.30038e-06
2.12684e-06
2.90246e-06
6.6071e-06
2.06291e-06
3.24268e-06
2.24195e-06
3.01776e-07
7.87164e-07
3.41883e-06
3.34586e-06
3.23726e-06
4.07259e-06
-2.13916e-07
4.06008e-06
2.91903e-06
3.40359e-06
7.17101e-07
4.81887e-06
6.60964e-06
6.90952e-06
6.25109e-06
6.36722e-06
3.89672e-06
2.98702e-06
6.33002e-06
8.26763e-07
1.64455e-06
1.25237e-06
6.34752e-06
5.69251e-06
3.36362e-06
8.65672e-06
7.30033e-06
4.20385e-06
6.81549e-07
4.68319e-06
3.04061e-06
2.41602e-06
5.07988e-06
6.34412e-07
3.58119e-06
5.22911e-06
3.95438e-06
3.13503e-06
1.84717e-07
1.27854e-06
4.3018e-06
4.05912e-06
1.48641e-06
1.03967e-06
8.41215e-07
9.02258e-07
7.10664e-06
4.65937e-06
4.89086e-06
7.99587e-06
8.18516e-07
1.93885e-06
3.08156e-07
5.90407e-06
4.64361e-06
1.24563e-06
4.61627e-06
7.31595e-06
4.75599e-06
5.44202e-06
1.07903e-05
4.73315e-06
2.83421e-06
6.78899e-07
3.7991e-07
2.73526e-06
2.93262e-06
2.88757e-06
2.42543e-06
1.44812e-06
1.28671e-06
2.27579e-06
2.90402e-06
9.32345e-06
5.48374e-06
4.78615e-06
9.79542e-07
5.62648e-07
2.36543e-06
4.54027e-06
2.87716e-06
2.13749e-06
1.75998e-06
2.11654e-06
8.0902e-06
5.72445e-06
6.05679e-06
2.91792e-06
5.60854e-06
5.31784e-06
1.86067e-06
1.56717e-06
4.26518e-06
2.48315e-06
1.55773e-06
2.96527e-06
6.28901e-06
1.92722e-06
3.16421e-06
7.27556e-07
6.64795e-07
2.58659e-06
7.41402e-06
1.69008e-06
3.87986e-06
6.89126e-06
2.74428e-06
3.87711e-06
9.7055e-07
5.03239e-06
1.10773e-06
1.03577e-06
1.11125e-06
6.06643e-06
8.28222e-06
8.52793e-06
9.77846e-07
9.48643e-07
6.56133e-06
6.82197e-06
6.93425e-06
9.96398e-07
5.61313e-06
5.59038e-06
3.91733e-06
1.53454e-06
1.00106e-06
1.85388e-06
8.51363e-06
5.70662e-06
6.34652e-07
3.18475e-06
6.09487e-06
6.12657e-06
1.17914e-06
5.26211e-06
1.75137e-06
8.26859e-07
1.68097e-06
7.59797e-07
3.59875e-06
4.87513e-06
7.38737e-06
4.80858e-06
3.60765e-06
5.86354e-06
5.82832e-06
3.03465e-06
1.03274e-06
1.61941e-06
5.78382e-06
1.37747e-06
3.10352e-06
2.64112e-06
2.20425e-06
9.13247e-06
9.12649e-06
4.32312e-06
4.3046e-06
8.20336e-06
6.71971e-06
4.91171e-06
1.07381e-05
1.12027e-06
1.91105e-06
5.55561e-06
3.11215e-06
7.23271e-06
1.32088e-06
2.64713e-06
2.1702e-06
5.12157e-06
7.37562e-06
5.60613e-06
6.73082e-06
5.57303e-06
5.54888e-06
3.81761e-06
7.34552e-06
4.42212e-06
6.44561e-06
6.92855e-06
3.28611e-06
4.10973e-06
2.96012e-06
2.13146e-06
1.89593e-06
5.53439e-06
6.08757e-06
2.5492e-06
1.02158e-05
9.01878e-07
3.77726e-06
6.60359e-06
3.88925e-06
5.4972e-06
1.61657e-06
5.57844e-06
2.09361e-06
2.47551e-06
2.53189e-06
6.83823e-06
2.30247e-06
1.03062e-06
5.66137e-06
2.14387e-06
8.38384e-06
1.76932e-06
1.15706e-06
7.57861e-06
3.18386e-06
4.42449e-06
2.75168e-06
1.40558e-06
6.4366e-06
7.10155e-06
5.42361e-06
5.50011e-06
2.83286e-06
1.03794e-05
3.25896e-06
7.9201e-06
1.40585e-06
6.49027e-06
5.92854e-06
2.79745e-06
2.34705e-06
7.88918e-06
1.17364e-06
2.0931e-06
5.57011e-06
1.57729e-06
5.09389e-06
4.66052e-06
2.74013e-06
3.23596e-06
3.7352e-06
5.07109e-06
6.66009e-07
6.88005e-06
6.57275e-06
2.09357e-06
7.87594e-06
2.0667e-06
4.28943e-06
1.11178e-06
3.45817e-06
2.1608e-06
3.08015e-06
8.53777e-06
8.44612e-07
9.11179e-07
2.95244e-06
2.48582e-06
5.80547e-06
5.9014e-07
7.37764e-06
5.07994e-06
1.02166e-05
9.22577e-07
2.8069e-06
2.423e-06
1.05081e-06
1.06549e-05
3.16775e-06
3.05232e-06
8.921e-07
4.69324e-06
6.53471e-06
5.00926e-06
5.05254e-06
2.20296e-06
6.52288e-07
6.35003e-07
8.04685e-06
6.26442e-06
6.28626e-06
1.19658e-06
8.46479e-06
8.03836e-06
3.80643e-06
2.0446e-06
8.22431e-06
5.6169e-06
5.58703e-06
1.35329e-06
4.86355e-06
1.05769e-05
6.69669e-06
7.38996e-06
8.32208e-06
1.10858e-06
9.38838e-06
1.00238e-05
4.38485e-06
7.013e-06
8.15827e-06
8.4765e-06
6.13287e-06
4.74157e-06
1.07251e-05
7.26141e-06
3.76166e-06
6.31979e-06
1.2325e-06
6.9227e-06
7.77126e-06
6.2128e-06
1.55989e-06
2.39756e-06
2.90037e-06
3.40004e-06
3.87306e-06
1.05409e-05
7.72968e-06
3.21786e-06
5.52118e-06
5.54399e-06
1.75669e-06
1.06723e-05
3.6577e-06
4.0782e-06
1.60031e-06
1.56381e-06
6.59339e-06
2.49713e-06
7.3977e-06
1.06285e-05
6.95295e-06
6.23322e-06
2.25531e-06
8.7291e-06
1.07295e-05
3.12456e-06
2.64471e-06
2.185e-06
6.13025e-07
4.28525e-07
1.04042e-06
5.34067e-06
3.53381e-07
1.06073e-05
5.26365e-06
4.81264e-06
4.83275e-06
1.07263e-05
9.26072e-06
1.87291e-06
8.6171e-06
8.86587e-06
1.01585e-05
8.49056e-06
8.75677e-06
1.01993e-05
1.07255e-05
1.07158e-05
5.76905e-07
4.88389e-06
4.86239e-06
1.00744e-05
1.05434e-05
1.02236e-05
8.50817e-06
1.0729e-05
1.06428e-05
1.07156e-05
5.85045e-06
3.75788e-06
1.01697e-05
1.07076e-05
1.02743e-05
7.10375e-06
7.76225e-06
1.0399e-05
1.12191e-06
1.05241e-05
1.07342e-05
1.84549e-06
1.0725e-05
8.84742e-07
9.56488e-06
1.3708e-06
1.0624e-05
8.92034e-07
8.75489e-06
6.73171e-07
4.67423e-06
4.69606e-06
9.82731e-06
1.84505e-06
7.21969e-06
1.88993e-06
4.50031e-06
1.07338e-05
1.03853e-06
1.01632e-06
1.8871e-06
9.68307e-06
9.67695e-07
4.23397e-06
4.91606e-06
8.18756e-06
6.05047e-06
1.74405e-06
4.66288e-06
4.64223e-06
3.30414e-06
4.11167e-06
8.61952e-06
1.52013e-06
3.96424e-06
7.08163e-06
2.25394e-06
2.7495e-06
3.2448e-06
3.7492e-06
3.13488e-06
3.2961e-06
1.22184e-06
5.24802e-06
5.27176e-06
1.02277e-05
7.89717e-06
6.11189e-06
6.13468e-06
8.8977e-06
1.07376e-05
1.01652e-05
1.04664e-05
7.22713e-06
3.92263e-06
1.92897e-06
8.63068e-06
6.07677e-06
3.60561e-06
4.26829e-06
3.284e-06
9.65229e-07
6.39265e-06
1.07358e-05
8.60648e-06
2.34493e-06
2.58755e-06
2.96431e-06
4.58154e-06
2.91313e-06
6.4297e-06
1.72421e-06
2.25828e-06
1.02343e-05
9.67264e-06
7.33234e-06
9.01304e-06
6.72685e-06
1.07181e-05
7.56444e-06
6.49892e-06
6.42924e-06
1.06499e-05
2.65129e-06
1.39897e-06
6.75768e-06
7.88993e-06
8.18765e-06
4.42826e-07
1.07375e-05
1.04064e-05
4.022e-06
5.33927e-06
7.1479e-06
2.1591e-06
1.06574e-06
4.25699e-06
4.27626e-06
8.86747e-06
1.07256e-05
2.98088e-06
3.36038e-06
4.27332e-06
4.25791e-06
8.93674e-06
1.03665e-05
9.80248e-06
7.64322e-06
4.86298e-06
6.55055e-06
1.03348e-05
1.08041e-05
1.05725e-05
7.44826e-06
7.01986e-06
7.51582e-06
8.98262e-06
9.56368e-06
1.01624e-05
2.68623e-06
1.07277e-05
3.0897e-06
5.93564e-06
8.68025e-06
1.06367e-05
1.02015e-05
1.0727e-05
9.44344e-06
3.56288e-07
3.73711e-07
1.04303e-05
1.02182e-05
6.62188e-06
1.42938e-06
7.36366e-06
1.00676e-05
8.85698e-07
3.46093e-06
8.71236e-06
5.22345e-06
1.05112e-05
5.85316e-06
1.02744e-05
3.07603e-07
3.10216e-07
4.45257e-06
4.47541e-06
2.65876e-06
1.02e-05
1.05493e-05
1.01089e-05
1.07482e-05
7.61938e-06
1.03114e-05
4.979e-06
1.02128e-05
1.0531e-05
3.08912e-06
2.86487e-07
1.07004e-05
1.07311e-05
1.07044e-05
8.00491e-06
5.3323e-06
1.06347e-05
3.24105e-07
3.28187e-07
1.04761e-05
1.04385e-05
8.60099e-06
1.01581e-05
1.06064e-05
7.78224e-06
9.00499e-06
7.56142e-06
1.0631e-05
1.06322e-05
9.99199e-06
1.00113e-05
1.05471e-05
1.06484e-05
1.06642e-05
8.50327e-06
8.69779e-07
1.26432e-06
2.32911e-06
2.7988e-06
3.28008e-06
1.09705e-05
1.04909e-05
9.75144e-06
1.07816e-05
8.86543e-06
1.0365e-05
8.26304e-06
1.03997e-05
6.87016e-06
1.04235e-05
1.0584e-05
3.04469e-06
6.02256e-06
1.0315e-05
1.85451e-06
5.4002e-06
5.40174e-06
4.90168e-06
4.91133e-06
1.32837e-06
3.92351e-06
6.58894e-06
3.75387e-06
7.22245e-06
1.75405e-06
2.14582e-06
5.44158e-06
5.41551e-06
1.00103e-05
1.00437e-05
8.27065e-06
1.0738e-05
1.0245e-05
1.03434e-05
1.02752e-06
4.88509e-06
4.8878e-06
3.77415e-06
1.75444e-06
5.41308e-06
5.37195e-06
3.26513e-06
1.23365e-06
2.78884e-06
2.30044e-06
1.80498e-06
1.02802e-05
8.78418e-06
1.07272e-05
1.05408e-05
1.00704e-05
4.96027e-06
1.06943e-05
1.07138e-05
2.96509e-07
3.13032e-07
1.96611e-06
8.21553e-06
9.61581e-06
6.55803e-06
1.0546e-05
1.35775e-06
5.46954e-06
5.44379e-06
3.94184e-06
6.57044e-06
7.25033e-06
2.16392e-06
1.03699e-05
3.51644e-06
1.03632e-05
6.23234e-06
7.48124e-06
1.04956e-05
9.8637e-06
5.95623e-06
1.00477e-05
4.11813e-06
8.50637e-06
1.07101e-05
6.41515e-07
3.87611e-07
1.04179e-05
1.0561e-05
1.06121e-05
1.02011e-05
4.85869e-06
9.14554e-06
1.07258e-05
7.34662e-07
1.02328e-05
1.07573e-05
1.05791e-05
7.98219e-06
2.93774e-06
1.0219e-05
9.95728e-06
1.02098e-05
4.3776e-06
7.8126e-07
9.02864e-06
1.02462e-05
2.84847e-06
1.01159e-05
1.07214e-05
1.04295e-05
1.06157e-05
8.0229e-07
9.39045e-06
9.09315e-06
4.81315e-06
3.35988e-06
1.0581e-05
3.18606e-06
1.05305e-05
7.59412e-06
6.93441e-07
4.23055e-06
5.35582e-06
1.01832e-05
8.44284e-06
1.02683e-05
7.248e-06
1.03852e-05
1.07286e-05
8.4541e-06
1.04825e-05
1.14648e-06
9.21365e-06
1.07313e-05
4.38635e-06
1.02403e-05
4.58607e-06
1.28088e-06
1.04428e-05
8.66381e-06
4.59795e-06
5.04e-06
4.5739e-06
9.52021e-06
9.22739e-06
5.36976e-06
3.60567e-06
1.05018e-05
1.03714e-05
1.05295e-05
6.45489e-06
1.57201e-06
1.05091e-05
2.94165e-06
9.46172e-06
9.54463e-06
6.56168e-06
1.01659e-05
5.53996e-07
7.34725e-06
1.02144e-05
3.28587e-06
1.02279e-05
1.04543e-05
6.52497e-06
1.06433e-05
2.25468e-06
7.33948e-06
7.14527e-06
1.02433e-05
1.01425e-05
3.09129e-07
3.17293e-06
1.0142e-05
7.90602e-06
3.39745e-06
7.0964e-06
7.74495e-06
1.65326e-06
5.94405e-06
5.97535e-06
5.93903e-06
5.91244e-06
1.28164e-06
1.02113e-05
1.07182e-05
1.01752e-05
1.03231e-05
1.04189e-05
1.07042e-05
9.36349e-06
1.0131e-05
6.53467e-06
9.05197e-06
1.07143e-05
6.33935e-06
1.05661e-05
2.77817e-06
1.0131e-05
1.02236e-05
1.07126e-05
1.02327e-05
8.71044e-06
1.05386e-05
1.01225e-05
9.78898e-06
1.02824e-05
7.78517e-06
1.06795e-05
1.07076e-05
2.50378e-07
4.92382e-07
1.07295e-05
4.48146e-06
1.48729e-06
1.03897e-05
1.06876e-05
1.38848e-06
6.59132e-06
9.64608e-06
2.5335e-06
3.39083e-06
4.97424e-06
5.18685e-07
2.43334e-06
7.28217e-06
5.6597e-06
1.05875e-05
8.91015e-06
1.05911e-05
3.90952e-06
4.06043e-06
4.24159e-06
4.7095e-06
3.83442e-06
3.05252e-06
7.4325e-06
8.09871e-06
6.28145e-06
6.32962e-06
6.2665e-06
3.74531e-06
4.39197e-06
2.72461e-06
7.77541e-06
6.64205e-06
6.60767e-06
3.42796e-06
4.06723e-06
6.93214e-06
2.40164e-06
3.10606e-06
2.078e-06
2.78044e-06
2.45668e-06
1.5588e-06
5.13934e-06
5.11646e-06
1.25026e-06
5.59616e-07
8.36391e-06
8.9338e-06
1.0731e-05
1.07191e-05
1.04497e-05
1.01303e-05
1.03021e-05
1.02427e-05
9.84855e-06
3.9638e-07
2.93092e-06
3.89541e-06
1.07258e-05
1.05029e-05
9.87986e-06
1.00417e-05
1.0334e-05
1.01284e-05
1.0287e-05
3.60663e-07
1.05821e-05
9.99572e-06
4.741e-06
4.76178e-06
1.0426e-05
5.77366e-06
1.27424e-06
9.41446e-07
3.20399e-06
7.36705e-06
1.02443e-05
1.03619e-05
1.06022e-05
1.06199e-05
1.01108e-05
1.28126e-06
9.02025e-06
6.77256e-06
1.03432e-05
1.04416e-05
1.04231e-05
1.06973e-05
7.15073e-06
1.04731e-05
1.04031e-05
1.01872e-05
3.71469e-06
6.77948e-07
1.0091e-05
1.01021e-05
1.05424e-05
1.0607e-05
2.08459e-06
4.66614e-06
1.00836e-05
9.0596e-06
3.90148e-06
1.02184e-05
1.19076e-06
1.02511e-05
1.06393e-05
1.60209e-06
1.02512e-05
1.05295e-05
2.7178e-06
1.01245e-05
8.45279e-06
7.43469e-08
6.87838e-08
6.47002e-07
6.70959e-07
6.96196e-06
1.01968e-05
7.17313e-06
1.0363e-05
8.81419e-06
1.0371e-05
1.07392e-05
1.03093e-05
9.10853e-06
3.73813e-06
4.06785e-06
4.08456e-06
8.45165e-06
2.4431e-06
1.03674e-05
1.04615e-05
1.0744e-05
1.05868e-05
7.40758e-06
1.06845e-05
1.04733e-05
1.09331e-05
1.27345e-06
3.9482e-06
1.48719e-06
1.02322e-05
2.76662e-06
3.10161e-06
9.96218e-06
1.04387e-05
1.03298e-05
5.50458e-06
1.06098e-05
1.03204e-05
7.6627e-06
1.03815e-05
1.02617e-05
1.07572e-05
1.03407e-05
4.3481e-06
4.36731e-06
9.97373e-06
9.09643e-06
1.02337e-05
1.04889e-05
1.40854e-06
3.37407e-06
3.41876e-06
1.04185e-05
9.46115e-06
2.76132e-06
5.26029e-06
1.04826e-05
3.12798e-06
8.07717e-06
1.02729e-05
9.68631e-06
1.00626e-05
1.01627e-05
1.07598e-05
1.08364e-05
1.04662e-05
1.03475e-05
1.05471e-05
1.99714e-06
1.02259e-05
1.02191e-05
1.0624e-05
5.83299e-06
8.18264e-06
9.95049e-06
4.63131e-06
1.06995e-05
1.03405e-05
8.13537e-06
1.00829e-05
2.33831e-07
2.30439e-07
5.27469e-06
1.03553e-05
9.13343e-07
1.00745e-05
1.00305e-05
4.35361e-07
5.49335e-07
5.36348e-07
9.91174e-06
1.00076e-05
7.40529e-06
8.43192e-07
7.86427e-06
1.00062e-05
1.40687e-06
2.46145e-06
2.94282e-06
3.42766e-06
7.22888e-06
1.01383e-05
1.97906e-06
5.23485e-06
5.25829e-06
6.77795e-06
6.12935e-06
1.00821e-05
1.04349e-05
1.03529e-05
9.85461e-06
2.63407e-06
1.01833e-05
1.01247e-05
9.39062e-06
1.07114e-05
1.00903e-05
5.69139e-06
1.02709e-05
4.0806e-06
9.89895e-06
1.04062e-05
9.02042e-06
1.04318e-05
9.32549e-06
1.01608e-05
3.50816e-06
5.34391e-07
1.07174e-05
9.06912e-06
6.39899e-06
1.90666e-06
3.91145e-06
4.73536e-06
4.74101e-06
6.97678e-06
1.07345e-05
5.30578e-06
5.28072e-06
2.30151e-06
7.0919e-06
6.42599e-06
4.08036e-06
1.49704e-06
3.19351e-06
7.67531e-06
1.05706e-05
1.10088e-05
9.15166e-06
9.9318e-06
4.69111e-07
9.14811e-07
1.02239e-05
5.41883e-06
1.00714e-05
6.34148e-07
1.02313e-05
8.5765e-06
1.03849e-05
5.53307e-07
-2.94525e-07
3.00681e-06
2.99219e-06
1.06455e-05
6.57613e-06
7.64916e-06
7.0794e-06
1.04557e-05
1.05277e-05
7.45607e-06
1.04492e-05
7.03042e-06
1.02472e-05
4.63427e-07
4.4491e-06
4.46866e-06
4.54803e-06
3.59617e-06
7.21254e-06
1.02368e-05
2.7772e-06
8.1555e-06
3.21093e-06
1.02222e-05
5.1276e-07
1.01055e-05
1.09136e-05
1.02613e-05
4.87972e-06
7.88835e-06
3.69756e-06
6.07062e-06
7.5421e-06
6.65434e-06
3.3105e-06
1.01527e-05
2.73465e-06
1.02158e-05
1.77848e-06
1.03379e-05
1.02898e-05
9.55253e-06
4.54356e-06
1.07337e-05
1.02135e-05
5.51432e-06
6.72947e-06
1.07513e-05
7.3342e-06
8.7041e-06
3.29867e-06
3.61448e-06
1.01416e-05
1.00658e-05
9.65442e-07
1.05248e-05
5.46072e-06
9.82407e-06
1.04753e-05
1.02647e-05
7.66986e-06
1.00887e-05
1.07217e-05
5.37153e-06
1.00537e-05
1.03192e-05
1.04102e-05
1.05036e-05
1.91773e-06
3.49707e-06
2.98812e-06
5.10833e-06
1.05443e-05
1.10794e-05
3.23562e-06
8.18517e-06
1.00675e-05
5.44369e-06
1.03499e-05
1.0663e-05
1.01556e-05
1.0503e-05
3.37267e-06
6.60361e-06
1.07052e-05
1.5162e-06
1.01147e-05
1.01423e-05
7.28653e-06
1.00452e-05
6.66557e-07
1.06452e-05
9.90461e-06
3.63154e-07
3.14985e-06
1.00079e-05
7.99789e-06
1.01977e-05
1.0746e-05
1.04425e-05
9.79613e-06
1.03088e-05
1.05194e-05
4.10229e-07
1.05021e-05
5.8435e-06
9.22427e-06
1.02773e-05
6.13008e-06
1.06416e-05
8.88662e-06
2.86707e-06
1.01546e-05
1.06957e-05
6.34516e-07
6.60416e-06
1.02908e-06
1.01697e-05
1.06766e-05
1.01854e-05
7.48295e-06
3.96244e-06
3.96936e-06
8.08657e-06
4.22009e-07
9.95212e-06
6.45011e-06
1.02558e-05
1.13232e-05
3.92846e-06
3.91683e-06
3.6693e-07
1.07308e-05
1.01986e-05
7.56119e-06
1.06708e-05
1.05447e-05
1.05811e-05
5.74135e-07
1.05265e-05
3.46469e-07
1.04462e-05
3.7209e-07
1.02553e-05
1.0237e-05
2.94484e-06
2.71764e-07
7.84961e-06
2.52547e-07
1.17129e-06
1.07133e-05
1.01293e-05
1.02255e-05
3.12888e-06
4.16826e-06
4.18567e-06
2.17273e-07
2.21598e-07
3.0426e-06
5.57808e-06
8.49381e-06
1.02026e-05
1.03058e-05
3.12063e-06
6.86909e-06
4.94264e-06
4.1906e-06
6.37158e-06
6.92121e-06
1.07319e-05
8.24562e-06
1.02989e-05
1.01266e-05
9.99993e-06
9.88326e-06
2.87498e-07
1.00801e-05
3.52049e-06
2.76817e-07
9.91648e-06
1.02958e-05
1.07224e-05
8.57426e-06
-5.2449e-07
-5.72947e-07
7.73411e-07
3.14315e-07
1.02795e-05
9.9976e-06
-1.02395e-07
8.72752e-06
1.08015e-05
1.05584e-05
1.03867e-05
1.07142e-05
1.01928e-05
3.73408e-07
3.66768e-07
2.71012e-06
1.03539e-05
5.04285e-06
2.24735e-07
1.0213e-05
1.05447e-05
1.27611e-07
-3.16948e-07
-2.43484e-07
3.71021e-07
3.7642e-07
1.04076e-05
1.10278e-05
2.25402e-06
2.59459e-06
3.33124e-07
9.36393e-06
1.02232e-05
5.37373e-06
3.54974e-07
3.53657e-07
2.92376e-07
1.01117e-05
1.80589e-06
2.62598e-06
8.79811e-06
2.94435e-06
8.43629e-06
5.93646e-06
1.01915e-05
1.0453e-05
9.94103e-06
8.0547e-06
2.66639e-06
1.01669e-05
1.13313e-05
1.31473e-06
3.59748e-06
2.99518e-07
5.0975e-06
5.55588e-06
3.35846e-06
3.74346e-07
7.89277e-06
2.99353e-07
2.45122e-07
8.10443e-06
1.04652e-05
1.07473e-05
1.05549e-05
3.98044e-06
6.73616e-06
8.38443e-06
1.03218e-05
8.84588e-06
1.60747e-07
1.61267e-07
8.05122e-06
3.43932e-07
1.01787e-05
9.88485e-06
8.80234e-06
2.46963e-07
1.01722e-05
9.90962e-06
1.06821e-05
1.52121e-07
4.63907e-06
6.72191e-06
1.26199e-06
1.01535e-05
1.06646e-05
8.79804e-06
8.66033e-06
8.86963e-06
6.98837e-06
4.32373e-06
1.00323e-05
6.69504e-06
8.54466e-06
9.60892e-06
9.3965e-06
7.29779e-06
1.07306e-05
9.25005e-06
1.18984e-06
1.04627e-05
7.47712e-06
1.02727e-05
3.44272e-06
6.57861e-06
1.07039e-05
5.30145e-06
7.37478e-06
5.81284e-06
7.92055e-06
8.94058e-06
1.04128e-05
1.00576e-05
1.00732e-05
1.0738e-05
1.06991e-05
4.24456e-06
3.67114e-06
3.66592e-06
3.80095e-06
9.71466e-06
5.63538e-06
4.99772e-07
6.71098e-06
3.41246e-06
1.22591e-06
3.97546e-06
1.01903e-05
1.94067e-07
3.96033e-07
7.8153e-06
9.05976e-07
6.69868e-06
4.62899e-06
8.15686e-06
2.75306e-06
8.81142e-06
1.02542e-05
1.30891e-06
1.07629e-05
2.08697e-06
2.88773e-06
1.08908e-05
8.05606e-06
6.64319e-07
1.07123e-05
-1.55937e-07
-1.34418e-07
2.41507e-06
-9.20731e-08
8.22424e-06
2.7591e-06
9.69734e-06
6.20384e-06
1.07135e-05
9.78986e-06
3.31863e-06
1.07328e-05
1.02729e-05
2.81524e-06
1.07384e-05
1.03191e-05
1.03865e-05
9.80195e-06
1.03797e-05
1.07915e-05
8.21687e-06
3.17865e-06
7.71067e-06
1.0734e-05
1.00801e-05
2.23967e-07
1.07164e-05
1.02355e-05
1.09141e-05
1.54436e-07
1.75453e-07
9.96629e-06
1.05321e-05
9.93136e-06
1.0281e-05
2.20717e-07
2.26243e-07
3.80272e-06
1.0457e-05
3.22841e-06
4.5076e-06
1.113e-05
6.5246e-06
1.01239e-05
4.79135e-06
2.63607e-07
8.19803e-06
1.01306e-05
1.00566e-07
9.86348e-08
8.76777e-06
3.73398e-06
1.03055e-05
7.63286e-08
1.06784e-05
-9.9593e-08
-3.63894e-08
-1.64846e-08
-5.24812e-08
-3.51486e-08
-1.82758e-08
-7.0644e-08
1.02109e-05
3.11797e-06
1.03718e-05
-1.00126e-07
5.43093e-06
4.21786e-07
4.25847e-07
1.03762e-05
1.01815e-05
8.90299e-06
-2.05724e-07
1.01158e-05
1.00772e-05
8.71763e-06
8.76556e-06
7.21568e-06
1.06018e-05
1.03386e-05
1.0109e-05
9.62171e-06
8.96322e-06
1.04267e-05
1.02008e-05
3.8996e-06
1.07091e-05
1.01508e-05
1.03826e-05
1.04766e-05
1.05153e-05
7.67433e-06
1.1272e-05
1.13617e-05
7.1467e-06
6.56473e-06
1.06921e-05
1.04918e-05
4.86668e-06
8.36329e-07
1.01552e-05
1.03639e-05
2.90074e-06
1.00289e-05
9.67262e-07
1.01652e-05
1.01933e-05
7.15688e-06
7.63401e-06
6.06972e-06
4.63799e-06
5.53422e-07
1.00801e-05
1.00894e-05
5.96594e-06
7.71748e-06
1.05687e-05
6.97678e-06
9.43678e-06
7.15746e-06
1.06248e-05
6.85244e-06
3.78196e-06
5.19527e-06
9.24146e-06
5.18421e-06
1.05873e-05
1.0128e-05
1.0683e-05
1.44528e-06
9.34178e-06
1.02935e-05
1.07247e-05
1.05454e-05
2.82109e-06
1.08345e-05
4.293e-06
4.31075e-06
1.03643e-05
9.77315e-06
1.03323e-05
9.93067e-06
1.02078e-05
1.0106e-06
1.04708e-05
1.06227e-05
6.09554e-06
1.07307e-05
9.85417e-06
1.02203e-05
5.49681e-06
9.55368e-06
5.41981e-06
9.93357e-06
5.11676e-06
1.07341e-05
2.9234e-06
1.01704e-05
6.32964e-06
5.17046e-06
8.60548e-06
1.02808e-05
1.05058e-05
1.04272e-05
1.07461e-05
3.59658e-06
1.06534e-05
1.07236e-05
1.07171e-05
1.07315e-05
2.44369e-06
1.01437e-05
9.17607e-06
1.03332e-05
1.05165e-05
9.01951e-06
1.0693e-05
9.34215e-06
1.03893e-05
8.59681e-06
9.6776e-06
7.71602e-06
9.78205e-06
5.43663e-06
1.05977e-05
1.04157e-05
1.00469e-05
4.81383e-07
1.02234e-05
1.07162e-05
1.04856e-05
1.07093e-05
3.29447e-06
1.05428e-05
1.05005e-05
6.88371e-06
8.86218e-07
1.06477e-05
1.06738e-05
9.18458e-06
1.02711e-05
1.07193e-05
1.07317e-05
9.6123e-06
1.08057e-05
6.10328e-06
1.01066e-05
1.07082e-05
3.15921e-06
1.05568e-05
1.07044e-05
1.04282e-05
1.03286e-05
8.4089e-06
8.5942e-06
1.07207e-05
1.05638e-05
9.38728e-06
1.06275e-05
9.78942e-06
1.01613e-05
8.31659e-06
1.06076e-05
1.07341e-05
9.4484e-06
1.07052e-05
1.07308e-05
1.07026e-05
1.07383e-05
1.07153e-05
1.07116e-05
8.85132e-06
1.06933e-05
1.06746e-05
1.07282e-05
1.06808e-05
8.63739e-06
8.59926e-06
8.84548e-06
6.35923e-06
8.74323e-06
1.07329e-05
1.07261e-05
9.10027e-06
1.03731e-05
3.99009e-06
4.00553e-06
7.25579e-06
8.42424e-06
8.07081e-06
7.62652e-06
7.47163e-06
7.6121e-06
7.27788e-06
7.10404e-06
7.07887e-06
6.94899e-06
6.76585e-06
3.43035e-06
6.57915e-06
5.93719e-06
6.83211e-06
6.42645e-06
6.25975e-06
5.57302e-06
6.07594e-06
5.39944e-06
5.73234e-06
5.27798e-06
5.48414e-06
6.11365e-06
6.70734e-06
5.45304e-06
5.14823e-06
4.36895e-06
1.10844e-06
4.15521e-06
8.14711e-06
5.85053e-06
9.55417e-07
6.98645e-06
2.02404e-06
1.76646e-06
5.14117e-06
5.94905e-06
5.69453e-06
4.98505e-06
4.36349e-06
4.5151e-06
1.84437e-06
4.83675e-06
5.81257e-06
1.06311e-06
2.27904e-06
4.8037e-06
2.79651e-06
5.51098e-06
6.38589e-07
6.47948e-07
9.29593e-06
4.15707e-06
8.97237e-06
1.67712e-06
9.65249e-07
3.58033e-06
5.53787e-06
7.06844e-07
7.60258e-06
8.88475e-06
5.59746e-06
7.93881e-06
7.98175e-06
2.16557e-06
2.81404e-06
5.39609e-06
9.57263e-07
8.27102e-07
8.28018e-06
8.12816e-06
4.77553e-06
8.48837e-06
8.03891e-06
6.96574e-06
7.95062e-06
5.76203e-07
7.83423e-07
4.85611e-06
3.45835e-06
4.84397e-06
4.55044e-07
6.4889e-06
2.24766e-06
3.11762e-06
5.39407e-06
5.18415e-06
5.43967e-06
5.1855e-06
5.78429e-06
7.29931e-06
3.27962e-06
6.99014e-06
3.41788e-06
4.91524e-06
5.21548e-06
5.06881e-06
4.1507e-07
4.14841e-07
3.26791e-06
8.21013e-06
7.85606e-06
6.87376e-06
2.27046e-06
7.49019e-06
4.16453e-06
6.03565e-06
7.80931e-06
5.2708e-06
6.02366e-06
6.09695e-06
6.13673e-06
6.33281e-06
4.2071e-07
7.38624e-06
6.06616e-06
4.52895e-06
5.52964e-06
7.88524e-06
4.16559e-06
6.53467e-06
6.61293e-06
6.47981e-06
4.86466e-06
7.67446e-06
4.13691e-06
6.37451e-06
3.28683e-06
6.0659e-06
5.44052e-06
6.6183e-06
7.28576e-06
3.43154e-06
4.37519e-06
7.62863e-06
1.94087e-06
5.79755e-06
4.40335e-06
1.66628e-06
1.89974e-06
8.76588e-06
2.92328e-06
8.68094e-06
1.89435e-06
9.00956e-06
9.39793e-06
9.46712e-06
2.59773e-06
4.47179e-06
8.35498e-06
5.65668e-07
5.10514e-07
4.03769e-07
7.20593e-06
8.3055e-06
6.90264e-06
8.33912e-07
2.96521e-06
2.69361e-06
2.83509e-06
8.13415e-06
3.78893e-06
4.91122e-06
1.50865e-06
1.25587e-06
6.15181e-06
9.15004e-06
9.09282e-06
7.7103e-06
4.84859e-06
4.55727e-06
2.266e-06
7.79815e-07
3.84895e-06
6.25423e-07
8.06432e-06
9.75238e-07
3.81035e-06
4.19109e-06
4.51141e-06
5.08874e-06
8.56999e-06
8.16375e-06
4.31325e-06
5.37542e-06
8.90094e-06
8.49959e-06
4.65561e-06
4.75765e-06
1.43288e-06
4.70687e-06
1.27017e-06
2.82449e-06
8.1959e-06
6.18493e-06
8.85967e-06
8.34139e-06
6.58828e-06
3.60313e-06
5.79553e-06
2.59913e-06
4.27684e-06
7.79859e-06
8.96778e-06
7.94243e-06
1.37693e-06
3.45915e-06
2.0912e-06
6.21057e-06
8.05174e-06
6.59832e-07
3.81785e-06
4.21045e-06
7.64621e-06
8.34503e-06
7.86605e-06
7.89763e-06
8.82415e-06
8.38765e-07
2.61127e-06
8.358e-07
3.17589e-06
3.58398e-06
1.83777e-06
5.0159e-06
5.13411e-06
5.1569e-06
3.28931e-06
3.26277e-06
6.21352e-07
3.99796e-06
8.53781e-06
2.8259e-06
4.0153e-06
1.68455e-06
8.7074e-06
2.23196e-06
1.91511e-06
5.6683e-06
6.7045e-06
2.43515e-06
5.51133e-06
7.12574e-06
7.65746e-06
6.24917e-06
6.3484e-06
7.36343e-06
7.40991e-06
8.94956e-06
2.95123e-06
6.42057e-06
2.78203e-06
6.90055e-06
2.43897e-06
6.83335e-06
2.59171e-06
4.94126e-06
2.97613e-06
8.10549e-06
3.85014e-06
7.66281e-07
4.91913e-06
3.53432e-06
1.76226e-06
5.60018e-06
8.54144e-06
2.56573e-06
7.33149e-06
3.11947e-06
2.7779e-07
4.38735e-06
5.79305e-06
2.53449e-06
4.36876e-06
3.41168e-06
9.51738e-07
1.64909e-06
1.7817e-06
7.30106e-06
2.11492e-06
6.84522e-06
1.40529e-06
7.83913e-06
4.97011e-06
8.35565e-06
3.87059e-06
6.59825e-06
4.93108e-06
5.52264e-07
1.56645e-06
8.23591e-06
8.04161e-06
8.44438e-06
8.49102e-06
8.36096e-06
1.02355e-06
6.58974e-06
6.31619e-06
6.38945e-06
7.07498e-06
7.12545e-06
8.27831e-06
1.00929e-05
1.00844e-05
1.04543e-05
3.24474e-06
1.073e-05
1.0395e-05
8.18307e-07
1.0722e-05
1.12687e-06
7.27468e-06
1.07217e-05
9.28845e-06
9.92836e-06
8.59268e-06
7.69073e-06
1.07137e-05
1.05785e-05
9.04395e-06
5.52564e-07
5.51894e-07
1.07401e-05
8.33845e-06
1.04361e-05
1.07327e-05
1.07257e-05
1.07282e-05
6.28803e-07
3.39672e-06
1.07328e-05
9.04996e-06
4.80413e-06
9.57488e-06
9.58799e-06
8.2318e-06
8.79968e-06
1.073e-05
8.38093e-06
7.49693e-06
9.11284e-06
1.07277e-05
9.42962e-06
1.02561e-05
1.0655e-05
1.07052e-05
1.03408e-05
1.07313e-05
1.06967e-05
1.07108e-05
9.67173e-06
1.07779e-05
1.07302e-05
7.02386e-06
2.06297e-07
2.23006e-07
8.54584e-06
5.85748e-06
5.39257e-06
1.08072e-05
4.43663e-06
1.07046e-05
9.0699e-06
2.10368e-06
6.0166e-07
1.03431e-05
8.02707e-06
1.06663e-05
8.37067e-06
7.75873e-06
4.60609e-06
1.06156e-05
1.05968e-05
1.07019e-05
1.07678e-05
1.01302e-05
1.84009e-06
1.02898e-05
1.07015e-05
7.01842e-06
1.00927e-05
1.02489e-05
3.87885e-06
3.90033e-06
1.03104e-05
1.07171e-05
1.07289e-05
1.06389e-05
4.12732e-06
4.1454e-06
1.06796e-05
1.0455e-05
3.95008e-06
3.9356e-06
7.51986e-06
9.82559e-06
7.34755e-06
9.40804e-06
6.54235e-06
1.07268e-05
1.06341e-05
3.35591e-06
8.52057e-06
5.86929e-07
6.56828e-07
9.63713e-06
1.08903e-05
1.06202e-05
8.18511e-06
2.87921e-06
2.44027e-06
1.06045e-05
1.06511e-05
1.02854e-05
9.19305e-06
5.1401e-06
7.17658e-06
8.17205e-06
1.03784e-05
7.91223e-06
1.07132e-05
7.03902e-06
8.06606e-06
7.8836e-06
3.68843e-06
3.58875e-06
3.76005e-06
3.74854e-06
1.04471e-05
3.12885e-06
3.2827e-06
6.50203e-06
1.02563e-05
7.63777e-07
1.03147e-05
1.05218e-05
8.08093e-06
3.54332e-06
1.05877e-05
1.0212e-05
1.02798e-05
1.02086e-05
8.96417e-06
1.0309e-05
7.97004e-06
1.07366e-05
8.36693e-06
1.02875e-05
1.00175e-05
1.04601e-05
6.92297e-07
1.01552e-05
9.92098e-06
1.02593e-05
1.04967e-05
6.19702e-06
1.02517e-05
6.14647e-06
5.971e-06
1.08598e-05
1.07322e-05
4.64485e-06
1.03622e-05
1.03833e-05
1.03528e-05
1.04104e-05
1.01628e-05
1.05102e-05
5.29646e-06
1.07862e-05
1.04841e-05
6.61838e-06
7.84071e-06
7.57367e-07
1.07428e-05
1.03674e-05
7.60336e-06
7.4181e-06
8.21571e-06
7.50798e-06
5.68279e-06
1.08983e-06
9.27957e-07
3.80946e-06
1.02265e-05
6.80249e-07
9.65233e-06
9.93325e-06
1.39651e-06
1.03787e-05
7.2941e-06
3.05705e-06
1.02916e-05
8.51187e-06
9.69681e-06
7.29316e-06
5.17865e-06
1.02648e-05
1.62281e-06
1.06625e-05
9.97549e-06
1.07181e-05
9.03988e-06
7.92973e-06
2.00582e-06
8.86891e-06
5.58746e-06
5.76844e-06
7.69103e-06
3.53331e-06
3.49529e-06
1.03085e-05
6.65652e-06
6.75912e-06
1.02358e-05
1.01441e-05
2.32261e-06
1.0176e-05
1.03741e-05
9.6916e-06
2.35461e-06
2.18261e-06
1.01211e-05
1.00225e-05
4.44487e-06
4.39014e-07
7.55963e-07
2.69934e-06
2.52775e-06
1.029e-05
2.88485e-06
1.04243e-05
1.01256e-05
1.56441e-06
3.3241e-06
3.87471e-06
2.87296e-06
6.49521e-06
6.33016e-06
8.68998e-06
5.06794e-06
3.21702e-06
1.01785e-06
1.01178e-05
1.07395e-05
8.69043e-06
5.59491e-06
6.44237e-06
8.11553e-06
3.37255e-06
8.32767e-06
7.1875e-06
8.46015e-06
3.0931e-06
4.24582e-06
1.00975e-05
2.77067e-06
2.96512e-06
1.07116e-05
6.97379e-06
9.0643e-06
1.00261e-05
1.00474e-05
1.03269e-05
1.07907e-05
7.08067e-06
1.0712e-05
4.67898e-06
1.03359e-05
1.07183e-05
1.023e-05
1.03432e-05
1.01064e-05
1.0222e-05
9.90689e-06
3.76812e-07
6.19735e-06
3.46645e-06
5.82056e-06
7.09489e-06
7.21083e-06
1.01716e-05
1.03087e-05
8.51177e-06
3.611e-07
1.07116e-05
1.01821e-05
1.08602e-05
1.02341e-05
9.54369e-06
4.273e-07
5.00906e-07
4.36665e-07
5.46947e-07
1.01955e-05
4.24114e-07
4.31247e-07
5.88118e-06
1.01279e-05
1.02694e-05
1.03549e-05
1.02284e-06
1.06939e-05
9.97172e-06
1.04832e-05
5.37882e-06
9.69769e-06
1.06855e-05
1.03989e-05
1.05227e-07
1.01087e-07
1.29229e-07
1.39244e-07
8.53866e-06
7.25298e-06
1.0463e-05
8.30044e-06
1.0283e-05
4.4866e-07
8.89306e-06
9.92535e-06
1.04372e-05
4.97599e-06
9.85293e-06
2.48059e-06
8.16525e-06
9.93149e-06
6.79697e-06
1.04462e-05
1.42383e-06
1.07276e-05
6.50031e-06
1.03017e-05
1.09878e-05
1.9504e-06
1.01513e-05
7.52832e-06
6.36815e-06
4.4736e-06
1.03955e-05
9.57327e-06
1.0339e-05
8.00958e-06
4.01464e-06
8.7887e-06
1.01165e-05
9.9931e-06
1.07303e-05
1.03409e-05
1.02495e-05
1.02383e-05
9.96621e-06
1.05916e-05
1.01285e-05
1.03563e-05
1.03273e-05
7.52022e-06
7.13295e-06
3.64237e-06
1.02199e-05
9.9657e-06
7.76309e-06
5.85713e-06
1.61937e-07
1.43249e-07
3.23073e-06
1.51762e-06
1.0272e-05
1.1952e-06
5.52056e-06
1.0088e-05
5.34852e-06
7.46564e-06
9.49136e-06
1.0527e-05
7.44744e-06
1.81884e-06
7.4911e-06
9.4672e-06
1.29631e-06
6.77666e-06
3.48678e-06
4.44701e-07
4.23251e-07
3.37206e-06
3.4166e-06
5.3393e-06
7.71581e-06
1.01856e-05
8.49519e-06
9.49349e-06
9.6719e-06
6.70376e-06
6.9373e-06
6.13945e-06
8.03296e-06
1.73864e-06
5.16209e-07
4.45979e-07
7.3434e-06
1.07111e-05
9.229e-06
1.06097e-05
6.31627e-06
3.04417e-06
8.31981e-06
1.05983e-05
1.07279e-05
7.93106e-06
8.4623e-06
1.18941e-06
6.47801e-06
3.26174e-06
6.64041e-06
3.15526e-06
4.33358e-06
8.53019e-06
3.72365e-06
6.29726e-06
3.94132e-06
6.78603e-06
1.07403e-05
3.87831e-06
8.80797e-06
8.8384e-06
1.03005e-05
8.77084e-06
7.24181e-06
4.09671e-06
9.8345e-06
4.9196e-06
7.05292e-06
5.50224e-06
1.01347e-05
5.61114e-06
4.07643e-07
1.01192e-05
1.23426e-06
-1.25718e-07
-1.20257e-07
-1.14017e-07
-1.44534e-07
-2.59842e-07
1.0248e-05
-8.74553e-08
-1.6416e-07
1.96311e-07
2.10838e-07
7.78049e-06
3.81041e-06
1.04809e-05
1.54496e-07
1.2894e-07
1.05944e-05
9.88449e-06
1.02767e-05
-2.85337e-08
1.07655e-05
1.04214e-05
1.02956e-05
1.902e-07
1.22103e-07
1.03029e-05
1.41328e-07
1.76096e-07
1.06921e-05
9.45458e-06
1.03157e-05
1.04882e-05
1.90469e-07
9.87759e-08
8.5307e-08
2.03356e-07
-9.43855e-08
-7.12723e-08
-1.80482e-07
-1.51129e-07
-1.55979e-07
)
;

boundaryField
{
    back
    {
        type            empty;
    }
    front
    {
        type            empty;
    }
    ingreso
    {
        type            zeroGradient;
    }
    salida
    {
        type            fixedValue;
        value           uniform 0;
    }
    defaultFaces
    {
        type            zeroGradient;
    }
}


// ************************************************************************* //
