/*--------------------------------*- C++ -*----------------------------------*\
  =========                 |
  \\      /  F ield         | OpenFOAM: The Open Source CFD Toolbox
   \\    /   O peration     | Website:  https://openfoam.org
    \\  /    A nd           | Version:  8
     \\/     M anipulation  |
\*---------------------------------------------------------------------------*/
FoamFile
{
    version     2.0;
    format      ascii;
    class       surfaceScalarField;
    location    "9";
    object      phi;
}
// * * * * * * * * * * * * * * * * * * * * * * * * * * * * * * * * * * * * * //

dimensions      [0 3 -1 0 0 0 0];

internalField   nonuniform List<scalar> 
5897
(
4.42833e-10
-1.55705e-10
8.1585e-10
-1.10298e-09
-1.12302e-08
1.26239e-08
-1.23764e-08
1.09827e-08
9.50703e-09
-9.4424e-09
1.47081e-10
-2.11711e-10
1.55316e-10
-1.269e-09
1.16163e-09
-4.79503e-11
1.24198e-08
-1.07231e-08
1.11776e-10
-1.80853e-09
-7.963e-09
-2.72841e-09
6.68251e-09
4.0089e-09
-4.85756e-09
3.86086e-10
-6.30497e-10
5.10197e-09
1.36541e-08
7.62428e-09
-6.4192e-11
-2.12142e-08
-8.69876e-09
1.89296e-09
-7.13683e-10
7.51948e-09
2.87363e-09
9.33242e-09
-9.97315e-09
-2.23291e-09
-1.34463e-11
6.57608e-10
-7.28782e-10
8.46204e-11
-1.44231e-09
8.99098e-09
1.80802e-09
1.75996e-08
8.0617e-10
-1.51012e-08
-3.30459e-09
1.3647e-08
8.29982e-10
-2.05715e-09
1.59729e-09
1.69173e-10
-3.47886e-10
-1.41857e-09
-1.94776e-08
1.51992e-08
1.18426e-08
-7.56419e-09
4.30829e-09
5.05673e-09
-5.64264e-09
-3.72238e-09
-1.06093e-10
5.32274e-10
1.19624e-10
-5.45805e-10
6.21645e-11
-3.82407e-10
-9.71124e-11
4.17355e-10
1.0008e-08
-2.48562e-09
-1.00806e-08
2.55822e-09
-1.66825e-08
2.00434e-08
-5.80339e-09
2.44245e-09
4.5779e-09
-9.32887e-09
-3.21203e-09
1.09901e-08
-4.26482e-09
-8.09936e-09
1.37406e-09
1.03896e-10
3.31007e-10
-1.90408e-08
1.86058e-08
6.9212e-09
-2.61008e-09
-9.8922e-09
5.58108e-09
-9.41205e-09
-7.067e-09
5.58678e-09
1.08923e-08
-4.93135e-10
2.42282e-09
1.04425e-09
-2.97394e-09
-1.46654e-08
1.98119e-08
-9.79659e-09
4.65015e-09
2.68779e-10
-1.15635e-10
-2.10067e-10
5.69221e-11
-1.57328e-08
3.25332e-09
-6.99816e-09
-9.22305e-09
1.76986e-08
2.901e-09
-1.13765e-08
-8.63357e-09
1.23876e-08
-1.49057e-08
1.11517e-08
-1.1733e-08
5.16691e-10
1.42898e-09
9.78733e-09
1.30282e-08
9.00042e-09
-6.27791e-10
-2.14008e-08
-9.51152e-09
-1.36629e-08
6.04502e-09
1.71294e-08
-8.57453e-09
5.19144e-10
8.05539e-09
4.00469e-09
-5.3012e-09
-3.22989e-09
4.5264e-09
1.74159e-08
-1.58952e-08
-7.18998e-09
5.66924e-09
5.86531e-09
-6.13326e-09
8.8894e-10
-6.20987e-10
9.37271e-09
-1.24685e-08
-8.96383e-09
1.20596e-08
-1.14389e-09
9.66606e-10
2.05605e-09
-1.87877e-09
4.41707e-10
-5.69921e-09
-2.10699e-10
5.4682e-09
2.79109e-09
-3.87884e-09
1.04444e-08
-2.35966e-09
3.60835e-09
-3.82698e-09
2.57829e-09
-1.49226e-08
1.63303e-08
-2.9287e-09
1.52102e-09
1.53325e-10
-1.84801e-09
-3.16152e-10
2.01083e-09
8.36025e-09
1.15658e-09
-1.73528e-09
-7.78155e-09
4.1069e-11
4.33508e-11
-8.44198e-11
-1.49498e-10
7.12695e-11
3.69987e-10
-2.91758e-10
-1.23135e-09
3.35063e-09
-1.89495e-08
1.68302e-08
-6.34556e-09
4.49797e-09
-5.12061e-10
-6.79022e-09
-2.19723e-08
5.57699e-09
2.31855e-08
1.73481e-09
-3.9516e-09
9.75574e-09
-7.53895e-09
6.84819e-09
-7.6266e-09
-1.95e-09
-2.55541e-09
1.27977e-09
1.84291e-10
7.67008e-09
-7.85437e-09
5.92195e-10
6.86617e-09
-7.45837e-09
-8.8317e-09
2.53144e-11
8.80639e-09
5.89903e-10
-1.46449e-08
-1.59523e-10
1.42145e-08
8.36494e-09
-5.90592e-09
4.14611e-10
-9.20131e-09
1.08351e-11
9.19048e-09
-9.09479e-09
1.11233e-11
9.08367e-09
-8.85099e-09
7.99699e-12
8.843e-09
1.07311e-08
-6.57158e-09
-4.15952e-09
-4.00094e-11
-1.7185e-08
1.72336e-08
-8.57251e-12
-3.96897e-11
-1.68459e-08
1.68934e-08
-7.8793e-12
-1.27087e-10
2.81287e-10
-1.25466e-09
1.10046e-09
6.43512e-10
6.10992e-09
-1.59106e-10
-6.59433e-09
-2.70714e-11
1.65982e-08
-7.38126e-12
-1.65637e-08
-8.83532e-09
1.46395e-12
8.83386e-09
4.47225e-10
-1.64816e-09
1.42779e-09
-2.26859e-10
-4.81553e-11
1.66033e-08
8.97913e-12
-1.65641e-08
1.58021e-08
-1.51266e-08
-1.03956e-09
3.64136e-10
-8.80535e-09
-2.4596e-12
8.80781e-09
1.61279e-09
-3.02278e-09
3.50458e-09
-2.09459e-09
2.72444e-10
1.63323e-08
-8.02695e-10
-1.50144e-09
4.83138e-10
2.63109e-09
-3.12156e-11
1.65904e-08
-1.23136e-11
-1.65468e-08
2.09841e-09
5.16711e-09
-4.29151e-09
-2.97401e-09
2.54754e-09
-2.31135e-09
1.92924e-09
-2.16542e-09
1.65893e-08
3.07534e-09
-3.33433e-09
5.8772e-10
-1.611e-09
1.4705e-09
-8.77396e-09
-2.31731e-12
8.77628e-09
2.63184e-10
-1.65325e-08
1.64161e-08
-1.46843e-10
-3.52225e-09
-8.73591e-09
3.26641e-09
8.99175e-09
-2.14682e-11
1.65595e-08
-2.38018e-11
-1.65143e-08
-7.8616e-09
5.41836e-09
-4.20816e-09
6.6514e-09
-1.72928e-11
1.70913e-08
-2.91416e-11
-1.70448e-08
-1.70035e-11
1.67542e-08
-2.86032e-11
-1.67086e-08
-2.69692e-09
-1.01158e-08
4.95109e-09
-1.76409e-11
1.65279e-08
-2.50497e-11
-1.64852e-08
-8.73774e-09
-4.81923e-12
8.74256e-09
-1.66564e-08
-9.82898e-10
6.41265e-10
1.6998e-08
-9.0937e-09
-3.78444e-12
9.09749e-09
-8.98984e-09
-3.57102e-12
8.99341e-09
1.40046e-09
-1.7098e-11
1.64838e-08
-2.85408e-11
-1.64382e-08
-1.9734e-11
1.70442e-08
-2.22282e-11
-1.70023e-08
-1.94563e-11
1.67079e-08
-2.20594e-11
-1.66664e-08
2.9491e-09
3.7039e-09
-4.55458e-09
5.16462e-09
4.12196e-09
-6.33748e-09
-6.17988e-12
1.73171e-08
-7.43478e-11
-1.72365e-08
-8.48504e-12
1.69745e-08
-7.00153e-11
-1.6896e-08
-3.47207e-09
1.51675e-09
-1.47272e-08
1.91072e-09
7.92779e-09
-2.64584e-09
-7.19268e-09
-1.2932e-08
3.70744e-09
-6.50822e-09
1.13881e-10
3.51156e-10
-4.11846e-10
-5.31901e-11
-9.39616e-12
-1.63958e-08
1.64391e-08
-3.38959e-11
-9.05842e-09
-1.06769e-12
9.05949e-09
-8.95511e-09
-1.03325e-12
8.95614e-09
-1.6345e-11
-1.69663e-08
1.70143e-08
-3.17029e-11
-1.60921e-11
-1.66295e-08
1.66774e-08
-3.18699e-11
3.85456e-11
-5.64225e-09
-2.54988e-10
5.85869e-09
-2.89981e-11
1.7214e-08
-1.71639e-08
-2.1074e-11
-2.85424e-11
1.68744e-08
-1.68252e-08
-2.06547e-11
7.10114e-09
1.11912e-08
-1.85532e-08
2.60829e-10
-8.72294e-09
-5.97786e-09
1.11785e-08
3.31593e-10
1.81007e-08
-1.74939e-08
-9.38392e-10
3.19173e-10
1.77384e-08
-1.71458e-08
-9.11694e-10
-9.02936e-09
-4.44633e-13
9.0298e-09
-8.92648e-09
-4.80603e-13
8.92696e-09
9.18215e-09
7.94095e-10
-6.43822e-10
6.12824e-09
-7.73969e-09
7.26634e-09
-5.65489e-09
-2.20363e-11
1.71858e-08
-1.71374e-08
-2.63088e-11
-2.16082e-11
1.68468e-08
-1.67993e-08
-2.59284e-11
3.66861e-09
-3.44053e-09
-4.76523e-10
2.4845e-10
5.10069e-10
2.19095e-09
-2.13359e-09
-5.67432e-10
-8.53409e-12
1.69505e-08
-1.40886e-11
-1.69278e-08
-9.09774e-12
1.66042e-08
-2.31945e-11
-1.65719e-08
-1.42534e-08
-4.5176e-09
1.58423e-08
-2.41189e-11
1.71604e-08
-1.71137e-08
-2.25891e-11
-2.37276e-11
1.6822e-08
-1.67762e-08
-2.21026e-11
4.44435e-09
3.89081e-09
-3.17053e-09
-1.90933e-11
1.71362e-08
-1.71058e-08
-1.13651e-11
-1.87559e-11
1.67984e-08
-1.67684e-08
-1.12333e-11
-6.16422e-10
-4.67986e-10
3.10353e-10
7.74055e-10
-5.24166e-09
4.13137e-09
5.12636e-09
-4.01607e-09
9.96936e-10
-3.96639e-10
-5.75626e-10
-2.46712e-11
-2.58411e-11
1.69688e-08
2.96966e-11
-1.69727e-08
-1.57975e-11
1.65754e-08
-4.81589e-12
-1.65548e-08
-8.56921e-12
1.63034e-08
-2.15174e-11
-1.62733e-08
-8.59914e-09
-7.00308e-12
8.60614e-09
3.4795e-09
2.42619e-09
-3.27435e-09
-2.63134e-09
-2.02326e-11
1.71295e-08
-1.61602e-11
-1.70931e-08
-1.99029e-11
1.67917e-08
-1.58122e-11
-1.6756e-08
-1.02357e-08
-1.2893e-08
1.18985e-08
3.0098e-10
-3.01383e-09
-4.1742e-11
2.75459e-09
-8.94877e-09
-1.16555e-11
8.96043e-09
-8.85024e-09
-1.05987e-11
8.86083e-09
-9.24132e-09
-9.13448e-09
8.71196e-10
1.90906e-09
-2.27019e-09
9.17795e-09
-8.62329e-09
-1.24845e-09
6.93784e-10
-4.51025e-09
-4.14668e-09
4.98214e-09
3.67478e-09
2.56821e-09
5.05397e-10
-2.77262e-09
-3.68128e-11
-1.69865e-08
1.70173e-08
5.98639e-12
-2.14884e-11
-1.65531e-08
1.65757e-08
-1.09759e-12
3.7375e-10
-9.87797e-10
-1.45126e-08
-8.87986e-09
-2.0076e-09
1.9417e-09
-7.91608e-12
1.628e-08
-1.10431e-11
-1.62611e-08
-8.94522e-09
8.97311e-09
-2.78851e-11
-8.92466e-09
8.88808e-09
3.65813e-11
-1.3308e-08
-3.5008e-09
-8.80795e-09
8.78088e-09
-8.56177e-09
-1.18294e-11
8.5736e-09
-9.74748e-10
8.04566e-10
4.48118e-10
-2.77935e-10
-4.08039e-09
-6.33966e-09
3.52705e-09
6.893e-09
-8.88221e-09
-8.92816e-09
4.66381e-12
8.92349e-09
-8.82682e-09
8.97702e-13
8.82592e-09
8.58834e-09
1.56575e-09
-1.79383e-09
1.58374e-08
-1.57369e-08
3.85285e-10
-4.85811e-10
-3.72552e-11
1.63154e-08
6.96346e-11
-1.63477e-08
-2.08192e-08
1.18976e-08
-8.85679e-09
-8.52469e-09
8.79671e-09
-2.72022e-10
-8.18243e-09
8.69925e-09
-5.16828e-10
7.35092e-10
1.71217e-09
-1.57607e-09
-1.80899e-08
5.6314e-09
-1.40664e-08
-1.76915e-08
5.42486e-09
-1.37097e-08
-1.70365e-08
5.23297e-09
-1.35674e-08
-7.42241e-12
1.64055e-08
-1.63656e-08
-3.25434e-11
-8.55002e-09
5.68081e-12
8.54434e-09
9.58852e-09
-9.31607e-09
1.05579e-08
1.07873e-09
-2.45864e-09
-8.08627e-11
1.64492e-08
1.88274e-11
-1.63871e-08
-8.82299e-09
-8.96971e-09
2.15942e-11
8.94812e-09
-8.8251e-09
8.25105e-12
8.81685e-09
-5.56087e-11
1.79476e-09
-1.15144e-09
-9.85769e-12
1.63797e-08
-1.63468e-08
-2.3056e-11
-3.71739e-09
6.16769e-09
3.0277e-09
-5.47799e-09
1.66742e-08
-1.72922e-08
-2.4564e-10
8.63604e-10
3.6333e-10
-1.64432e-10
-4.13025e-10
2.14127e-10
-8.92562e-12
1.69876e-08
-3.17517e-11
-1.69469e-08
-9.40485e-12
1.66495e-08
-3.17244e-11
-1.66083e-08
3.94297e-09
-5.82866e-10
3.08497e-10
-6.14654e-11
-8.88376e-09
5.38935e-12
-8.93005e-09
-9.23046e-09
9.22428e-09
-9.1215e-09
9.11301e-09
-8.79106e-09
-6.99679e-09
7.54914e-09
-5.52353e-10
-3.94848e-12
1.6356e-08
-1.63256e-08
-2.6475e-11
-4.86916e-11
-1.69772e-08
1.69644e-08
-1.44741e-10
-1.63738e-08
1.65239e-08
-8.697e-09
6.86137e-11
8.62839e-09
2.76909e-10
1.60188e-08
-4.58352e-10
-2.57054e-11
6.48525e-11
1.01381e-10
-1.40528e-10
-9.111e-09
-9.00684e-09
-2.28039e-09
3.97804e-09
8.31036e-09
6.25307e-10
1.46051e-09
-1.35072e-09
1.22181e-08
-1.30812e-08
2.7957e-09
-2.46301e-09
-7.65366e-09
7.32097e-09
-6.42211e-12
1.63337e-08
-2.42733e-11
-1.6303e-08
-4.12733e-10
-8.11196e-09
-7.83013e-09
-3.523e-10
-8.74714e-09
9.19374e-09
-9.22274e-09
9.088e-09
-9.11654e-09
-5.41311e-10
-1.5841e-08
1.59696e-08
-9.07816e-09
-8.97457e-09
-4.28387e-09
-8.74241e-09
8.06248e-09
4.96381e-09
-1.94151e-09
4.97826e-09
7.95338e-09
2.4661e-09
5.7767e-09
-5.8547e-09
-2.3881e-09
-9.19837e-09
9.17633e-09
-9.09252e-09
9.07092e-09
1.6981e-08
-1.67318e-08
-1.32863e-10
-1.16296e-10
-3.69606e-09
7.66776e-09
-6.54435e-09
2.57266e-09
-2.64182e-10
-6.73261e-09
-8.68238e-09
-1.0118e-10
8.78356e-09
4.14859e-09
-4.70956e-09
-8.16197e-09
2.59009e-10
1.6151e-08
-1.69926e-08
1.69053e-08
-3.13875e-10
4.01223e-10
9.15154e-09
-9.17566e-09
9.04643e-09
-9.07016e-09
-1.71061e-10
1.47493e-10
1.21152e-09
-1.18795e-09
-9.0457e-09
-8.94257e-09
3.1976e-10
-7.58914e-09
6.69785e-09
5.71532e-10
-3.67329e-10
1.82936e-08
3.92801e-10
-1.83191e-08
1.59001e-08
-1.25518e-08
-2.1087e-08
1.77387e-08
1.67966e-08
-1.23055e-08
-2.33617e-08
1.88705e-08
1.63869e-08
-1.20117e-08
-2.2885e-08
1.85099e-08
-1.67341e-08
-2.04459e-10
4.06184e-10
1.65324e-08
5.34423e-09
-7.32637e-09
-1.55815e-09
3.54028e-09
9.13501e-09
-9.15411e-09
9.0302e-09
-9.04896e-09
-1.51654e-08
1.56062e-08
-1.77644e-10
1.67813e-08
3.27992e-11
-5.6562e-11
-1.67576e-08
9.68431e-09
-9.35272e-09
9.55406e-09
-9.23489e-09
-9.57882e-09
1.16436e-08
-1.30385e-08
1.09738e-08
1.67606e-08
-1.04683e-11
3.1199e-11
-9.13845e-09
9.11821e-09
-9.03365e-09
9.01375e-09
2.45361e-10
-2.56964e-10
1.61128e-10
-9.24435e-11
-3.19685e-10
2.51e-10
-1.49478e-11
1.69953e-08
-1.79443e-11
-1.69624e-08
-3.57583e-11
1.65786e-08
1.97282e-11
-1.65626e-08
-1.62341e-08
1.62539e-08
1.09207e-11
-3.07703e-11
-1.67202e-08
1.66889e-08
-3.19799e-11
6.321e-11
3.46792e-11
1.37041e-11
-1.62824e-08
6.08165e-11
-2.03859e-11
2.44685e-10
3.02609e-10
-1.83964e-10
-1.62509e-08
1.62642e-08
1.38558e-12
-1.47023e-11
-1.66577e-08
1.66518e-08
-2.14404e-11
2.72991e-11
-6.93866e-09
7.18096e-09
2.55341e-09
-8.95731e-09
-8.85933e-09
-8.60771e-09
-4.01039e-11
-1.8252e-08
1.41948e-11
1.82779e-08
-2.32374e-09
8.09537e-09
-1.00555e-08
-1.62517e-08
1.62633e-08
-1.01539e-11
-1.47875e-12
-1.66324e-08
1.66403e-08
-1.56047e-11
7.73099e-12
1.40386e-09
-1.20738e-09
-3.67542e-10
-1.62471e-08
1.62569e-08
-8.67659e-12
-1.117e-12
-1.66174e-08
1.66142e-08
-1.33948e-11
1.65892e-11
4.5754e-10
-2.86438e-10
1.62438e-08
-1.62429e-08
-1.67464e-11
1.58608e-11
1.65788e-08
-1.65873e-08
-2.11911e-11
2.97367e-11
2.1415e-08
-8.28544e-09
-1.01352e-10
-2.62457e-11
2.92822e-11
4.68033e-11
-1.55771e-11
1.56146e-08
-8.49573e-11
-1.55697e-08
-8.71258e-09
8.70516e-09
-1.62011e-08
1.62074e-08
-2.56296e-11
1.93338e-11
-1.65246e-08
1.65281e-08
-2.71435e-11
2.36417e-11
1.57256e-08
2.51168e-12
-1.13553e-10
-8.954e-09
-8.84261e-09
-8.56969e-09
-1.61784e-08
1.61831e-08
-2.11947e-11
1.65159e-11
-1.64969e-08
1.65006e-08
-2.16489e-11
1.79585e-11
2.32757e-08
3.34392e-11
-2.35028e-09
-2.09588e-08
-1.17278e-08
2.28132e-08
-1.74251e-08
6.33959e-09
-1.36827e-08
2.3014e-08
-1.60341e-08
6.70281e-09
-1.34342e-08
2.25014e-08
-1.57427e-08
6.67545e-09
1.58088e-08
3.84692e-11
-1.21686e-10
-1.58659e-08
1.59153e-08
-7.35222e-11
2.42006e-11
-1.61505e-08
1.61614e-08
-2.19921e-11
1.10936e-11
-1.64675e-08
1.64786e-08
-2.21905e-11
1.11261e-11
8.67719e-09
-8.68704e-09
-1.61307e-08
1.61423e-08
-2.0157e-11
8.5127e-12
-1.64477e-08
1.64595e-08
-1.9987e-11
8.15355e-12
-2.81023e-12
1.53445e-11
1.63182e-11
3.09402e-12
1.59256e-08
-1.59193e-08
2.96618e-12
-9.29626e-12
-2.13494e-09
-7.69753e-09
7.36946e-09
-1.61124e-08
1.61192e-08
-3.02929e-11
2.34781e-11
-1.64292e-08
1.64359e-08
-3.03754e-11
2.36393e-11
4.41747e-10
-1.60747e-08
1.58944e-08
-1.58942e-08
1.56587e-11
-1.58285e-11
-4.89268e-09
3.99484e-09
2.09413e-08
4.45389e-11
-1.01635e-10
-1.60427e-08
1.60796e-08
-3.78225e-11
8.3109e-13
-1.63578e-08
1.63952e-08
-3.81413e-11
7.33314e-13
1.59283e-08
1.48581e-11
-2.79298e-11
-9.00652e-09
-8.84659e-09
-3.3376e-09
-2.32388e-10
1.29451e-10
-8.58727e-09
8.65255e-09
-8.6565e-09
-1.58546e-08
1.58643e-08
1.44711e-11
-2.42571e-11
-1.60243e-08
1.60644e-08
-2.45176e-11
-1.55746e-11
-1.63389e-08
1.63799e-08
-2.48195e-11
-1.61652e-11
1.62302e-08
-8.53071e-12
2.20874e-11
1.65583e-08
-9.46814e-12
2.99795e-11
6.56554e-12
9.60293e-12
1.60351e-11
6.84551e-12
-1.60238e-08
1.60456e-08
-2.2539e-11
7.96624e-13
-1.6339e-08
1.6361e-08
-2.26053e-11
5.68787e-13
-1.58107e-08
1.58289e-08
-8.62413e-13
-1.73634e-11
-1.60023e-08
1.6024e-08
-3.20992e-11
1.03879e-11
-1.6317e-08
1.63389e-08
-3.20781e-11
1.01756e-11
-1.57979e-08
1.58086e-08
1.59695e-11
-2.666e-11
-8.6322e-09
8.62578e-09
1.59152e-08
-6.00813e-12
1.63706e-11
8.99573e-09
-9.00466e-09
8.89358e-09
-8.90299e-09
-1.59501e-08
1.59909e-08
-2.67089e-11
-1.40285e-11
-1.62635e-08
1.63046e-08
-2.68955e-11
-1.42479e-11
-1.66426e-09
1.55686e-09
8.35788e-09
-8.25047e-09
-1.57471e-08
1.57668e-08
9.09627e-12
-2.88787e-11
-8.77786e-09
-1.59455e-08
1.59783e-08
-2.07929e-11
-1.19967e-11
-1.62581e-08
1.62909e-08
-2.11733e-11
-1.15403e-11
-2.45636e-09
1.14718e-09
-1.33357e-08
1.129e-11
2.71077e-12
2.87683e-11
-1.85427e-12
2.8204e-12
6.24278e-12
-5.7342e-10
5.95608e-10
-1.57026e-08
1.57264e-08
-1.02833e-14
-2.38148e-11
-3.68034e-09
-2.16534e-09
2.8229e-09
-1.61514e-08
1.59754e-08
1.64404e-10
1.1601e-11
-1.58418e-08
1.56702e-08
1.62621e-10
8.90608e-12
-1.48133e-08
-6.99068e-09
7.3464e-09
1.44575e-08
1.69649e-09
-7.94387e-09
-6.33652e-10
6.88104e-09
1.58836e-08
-1.13309e-11
2.20806e-11
-1.56637e-08
1.57005e-08
-1.28733e-11
-2.39019e-11
-1.56361e-08
1.56702e-08
-7.03216e-12
-2.70569e-11
-8.40547e-09
-1.56036e-08
1.56519e-08
-2.55483e-11
-2.27179e-11
-1.51942e-09
-5.86296e-09
1.33796e-09
6.04442e-09
-1.55933e-08
1.56519e-08
-5.55224e-11
-3.00841e-12
3.44402e-11
-5.31318e-12
4.10323e-11
-7.36524e-12
-7.66553e-09
7.22707e-09
-5.91947e-12
2.69425e-11
8.69583e-09
-1.05816e-08
1.45097e-08
-1.84082e-08
-6.03127e-09
1.58059e-08
-1.58328e-08
3.24695e-11
-1.03441e-11
5.76291e-09
2.72656e-09
-6.00972e-09
-2.47974e-09
1.28073e-08
7.33708e-09
-5.52305e-09
-1.46213e-08
3.14296e-11
-2.43324e-12
3.46691e-11
-3.50623e-12
-1.05018e-09
-8.13808e-09
5.64971e-10
5.17578e-09
-1.40705e-08
1.65078e-08
-7.61312e-09
1.39676e-10
-1.67278e-10
-1.76403e-10
2.04004e-10
1.90894e-10
-8.91332e-10
8.40158e-11
-1.60736e-08
4.10938e-11
-1.01914e-11
-1.63892e-08
4.19741e-11
-1.05144e-11
-6.89129e-12
3.59635e-11
-1.84466e-10
1.26284e-10
-1.57696e-08
3.5995e-11
-1.34583e-11
3.04554e-11
2.11961e-12
3.17055e-11
1.42777e-12
4.37129e-10
-3.12502e-10
-2.74125e-10
-9.00592e-09
8.99097e-09
-8.87001e-09
8.83425e-09
1.41297e-09
-1.77312e-08
-9.7391e-10
-1.6035e-08
1.33331e-11
-2.66649e-12
-1.63496e-08
1.37443e-11
-3.05121e-12
3.87626e-10
-4.41907e-09
-8.26115e-10
-2.25097e-12
3.37799e-11
-1.87006e-08
2.11915e-10
1.86357e-08
-1.47065e-10
2.63047e-10
5.26481e-09
-1.40678e-08
8.5399e-09
1.20527e-09
-1.6014e-09
-5.06374e-09
5.45987e-09
-1.57267e-08
3.64834e-11
-1.24215e-11
-1.82587e-08
2.33993e-10
-2.27275e-10
3.67585e-10
-4.18135e-10
2.54231e-11
5.33348e-12
2.58901e-11
4.99493e-12
-1.48665e-08
-7.12468e-10
1.88323e-08
-1.56884e-08
3.49508e-11
-1.02279e-11
2.82354e-12
2.8165e-11
2.9904e-11
2.68489e-14
3.03373e-11
-1.01906e-15
7.81111e-09
-1.91969e-09
3.25928e-11
3.08977e-09
1.82927e-08
-1.5966e-08
2.19738e-11
-6.07523e-12
-1.62796e-08
2.25055e-11
-6.35889e-12
1.31572e-08
-1.39602e-08
-3.77394e-09
4.57695e-09
-1.56603e-08
3.6655e-11
-1.23881e-11
1.85303e-12
3.71697e-11
5.11183e-11
-5.48978e-12
5.2181e-11
-5.50063e-12
3.19677e-10
3.3306e-10
-4.08052e-10
7.46705e-09
-1.09903e-09
-1.15953e-09
-5.20848e-09
-1.56283e-08
2.8294e-11
-3.62913e-12
-5.27383e-09
3.98059e-09
-5.18047e-09
3.87581e-09
-4.89655e-09
3.76017e-09
2.97692e-10
-1.86866e-10
1.03118e-09
-1.14201e-09
-1.61426e-09
6.55553e-10
1.86971e-08
-1.66611e-09
6.87026e-10
1.90798e-08
-4.4032e-10
-1.06119e-09
2.68036e-10
1.23347e-09
3.27676e-12
3.68931e-11
2.86609e-11
1.60321e-11
2.94691e-11
1.61365e-11
-1.59067e-08
1.89779e-11
4.59535e-11
-1.62179e-08
2.06368e-11
4.58467e-11
1.7776e-09
-1.75116e-09
-7.43141e-10
7.16704e-10
-1.20258e-08
8.22389e-09
9.66664e-09
-8.8546e-09
-8.12039e-10
-8.24378e-09
7.68427e-09
-1.4308e-09
6.99727e-10
1.14038e-08
-1.06727e-08
-2.93188e-10
1.21877e-10
-3.05252e-10
1.28444e-10
-5.89852e-11
-8.39103e-09
4.22638e-10
8.02737e-09
-1.56166e-08
1.66643e-11
6.6236e-12
-1.85591e-11
4.75808e-11
-1.79104e-11
4.64833e-11
1.41642e-08
-2.28627e-08
3.9236e-09
4.77491e-09
1.38775e-08
-2.23881e-08
3.86153e-09
4.64907e-09
1.22543e-08
-1.70534e-08
9.98422e-11
4.69925e-09
-8.74465e-10
2.44371e-10
1.12075e-09
-4.90653e-10
-2.45583e-11
4.64049e-11
-2.40253e-11
4.56224e-11
-2.3859e-11
4.6825e-11
-2.34038e-11
4.6094e-11
-1.8144e-11
4.06513e-11
-1.77406e-11
3.99549e-11
-1.21779e-11
3.58923e-11
-1.18976e-11
3.52071e-11
7.79195e-12
3.02088e-11
2.53289e-11
1.5225e-11
2.60489e-11
1.48465e-11
1.70018e-08
-1.12758e-08
7.1848e-09
-1.29108e-08
1.66472e-08
-1.10571e-08
7.06125e-09
-1.26513e-08
-1.20253e-08
-1.18239e-08
-1.15685e-08
-3.20983e-09
-2.22007e-08
2.70841e-08
-1.67353e-09
4.99705e-11
-2.86539e-11
4.89869e-11
-2.89962e-11
-1.81455e-08
6.54387e-09
1.50072e-08
-3.40557e-09
2.73112e-09
8.68178e-09
-6.85349e-09
-4.5594e-09
1.41764e-09
-1.18326e-09
3.90933e-10
3.49885e-11
8.28727e-12
3.55615e-11
8.45393e-12
3.81429e-10
5.31563e-10
-5.93315e-10
1.54597e-08
-1.66911e-08
1.47573e-08
7.02428e-10
1.43814e-10
1.73645e-09
-2.82978e-10
1.55534e-11
-6.78626e-12
1.23386e-11
1.32184e-11
1.13045e-11
2.88349e-11
-3.86162e-09
3.82998e-09
-7.23738e-09
7.26903e-09
-8.05859e-09
-1.56567e-10
-1.61854e-09
9.8337e-09
-5.91234e-09
2.56022e-09
6.08323e-09
-1.94536e-08
-5.07523e-09
-1.90459e-08
-4.95638e-09
-3.22636e-11
4.19779e-11
-2.12745e-11
3.5395e-11
-4.67482e-09
6.7726e-09
-6.3626e-09
4.23228e-11
1.56543e-11
4.32999e-11
1.59542e-11
-2.52647e-11
3.44898e-11
-1.84872e-08
1.86543e-08
1.24589e-09
3.07266e-11
-2.26291e-11
-1.61191e-09
2.52498e-09
1.39597e-09
-2.30904e-09
-3.73268e-11
2.47154e-09
7.82099e-10
7.27937e-10
-1.15406e-09
-3.55976e-10
5.22036e-10
-5.19056e-10
-4.28089e-10
4.25109e-10
1.19656e-09
-1.4686e-09
-2.46879e-09
2.74083e-09
-1.05577e-08
-2.41204e-09
-4.28403e-09
-7.17061e-09
4.64834e-09
6.8063e-09
-8.23026e-09
1.33871e-11
2.84894e-11
-1.81227e-08
8.6437e-11
1.011e-09
-4.77028e-09
-6.13794e-10
4.37308e-09
1.03834e-08
-2.60273e-09
-9.57063e-09
1.78995e-09
-4.98789e-09
6.63531e-09
1.71407e-08
-1.87881e-08
-2.85918e-10
3.69393e-10
2.49586e-10
4.61671e-10
1.83393e-08
-1.847e-08
-7.33048e-10
8.69087e-10
-7.72518e-09
2.65909e-11
1.87942e-11
2.8294e-11
1.81856e-11
-7.87572e-09
-1.73881e-10
-8.99151e-12
-1.64229e-08
1.77316e-08
-2.93484e-09
1.62614e-09
3.65586e-10
-4.87482e-09
3.769e-09
7.4023e-10
-1.56213e-08
-1.0015e-10
1.56041e-08
1.17314e-10
-7.74984e-09
-5.34677e-09
5.71133e-09
7.38528e-09
-1.71939e-09
1.02076e-09
-1.75834e-10
-1.64259e-09
-2.4811e-10
1.71314e-10
1.95799e-09
-1.80925e-08
-1.59672e-09
2.30027e-09
-7.27323e-09
-3.74219e-10
5.34718e-09
-1.12725e-11
1.72557e-08
-1.02244e-11
1.69148e-08
2.20503e-11
1.32039e-11
-1.12488e-08
-4.66602e-09
2.98285e-09
-4.30157e-09
7.10809e-09
-7.09054e-09
2.25576e-11
4.90269e-11
2.38748e-11
4.91231e-11
3.16679e-11
1.23346e-09
-8.33143e-09
-1.33075e-09
8.41373e-09
-4.26015e-09
7.14861e-09
-7.19004e-09
-6.44489e-12
1.66048e-08
-1.65055e-09
2.59911e-11
1.66026e-08
-3.61561e-09
5.47803e-09
1.17195e-08
-1.35819e-08
9.66215e-09
6.20982e-10
-7.98286e-09
-1.77858e-11
1.65788e-08
-3.05264e-11
1.7118e-08
-2.99102e-11
1.67805e-08
-1.13045e-08
-3.34871e-09
1.10376e-08
2.73284e-09
8.7011e-10
-2.40638e-09
-2.50336e-11
1.67319e-08
-2.53329e-11
1.70685e-08
-2.25075e-11
1.65479e-08
-2.08781e-11
1.66978e-08
-2.06815e-11
1.70346e-08
5.23546e-09
-4.793e-09
7.62809e-10
-2.94864e-11
1.66231e-08
-2.60351e-11
1.69648e-08
-1.01516e-11
1.65865e-08
1.64498e-11
1.6957e-08
3.67896e-12
1.65802e-08
2.62833e-11
1.70127e-08
-2.46841e-11
1.65062e-08
-4.10126e-09
6.68823e-09
-6.84711e-09
9.41927e-11
-4.93708e-10
-5.18991e-10
-2.83266e-10
4.78398e-10
3.23858e-10
-1.66134e-09
1.08882e-08
-1.06576e-08
-2.76814e-11
1.6462e-08
3.29543e-10
-1.17816e-10
5.70519e-11
3.81733e-09
1.23603e-09
-4.04236e-09
-1.83987e-08
9.14945e-11
-1.53796e-08
-4.7569e-10
1.54879e-08
-1.92725e-08
-1.11948e-09
-1.88688e-08
-1.08882e-09
1.27456e-10
-8.91489e-09
9.23802e-09
-4.50584e-10
1.518e-09
8.08516e-09
-1.00364e-08
1.21555e-08
9.46905e-09
-1.15881e-08
1.91609e-10
-3.00817e-10
-1.18185e-10
2.27393e-10
-1.79787e-11
1.63143e-08
-2.178e-11
1.629e-08
2.9135e-11
1.62919e-08
7.84429e-11
-1.65328e-09
2.88193e-10
1.28664e-09
-3.22989e-10
1.62406e-08
1.0198e-10
1.64158e-08
1.30288e-08
-1.28554e-08
-7.90334e-09
7.72993e-09
9.24289e-09
9.47184e-09
-6.32715e-09
1.05259e-08
-1.0715e-08
8.88755e-10
-3.17423e-10
1.79861e-10
-8.02319e-09
-2.28294e-09
2.07737e-09
8.22875e-09
8.10089e-09
-1.03154e-08
9.96822e-09
-7.75371e-09
-7.80673e-09
1.40343e-11
9.38282e-10
4.038e-11
-9.92696e-10
-2.55154e-09
1.68492e-09
2.74443e-09
-1.87781e-09
-6.9831e-09
1.80967e-09
4.17303e-11
5.1317e-09
3.27175e-09
-3.04563e-09
-3.2783e-09
3.05219e-09
-2.09088e-08
1.80937e-08
2.8151e-09
6.35026e-09
3.81266e-09
-3.09617e-09
-7.06675e-09
-1.54368e-09
-1.76266e-08
1.81307e-08
2.08299e-10
3.08477e-09
1.8051e-09
-1.63464e-09
-3.25522e-09
8.26768e-09
5.97686e-09
-1.05257e-08
-9.45533e-09
7.63816e-09
1.23429e-08
2.1061e-09
-1.32651e-08
2.40823e-10
1.18434e-10
-1.50957e-10
8.24655e-09
-8.84125e-09
1.57939e-08
-7.12588e-09
6.68047e-09
5.82485e-09
-5.37944e-09
3.06076e-10
-7.81724e-09
-4.84404e-10
7.99557e-09
-9.50891e-09
1.86296e-09
-2.36914e-09
1.00151e-08
-4.75388e-10
7.69883e-09
-7.86824e-09
6.44798e-10
-1.17197e-10
5.81274e-09
-7.37826e-09
-6.18432e-09
-9.68271e-09
9.54985e-09
5.03731e-09
-4.39247e-09
-4.7461e-09
2.71088e-10
-6.3274e-10
5.40814e-10
-1.79162e-10
-1.76148e-08
9.23681e-10
3.21573e-09
-4.61708e-10
-4.11514e-09
1.36112e-09
1.96001e-09
-2.00104e-09
8.35857e-10
-7.94829e-10
-1.27059e-08
1.74076e-08
-1.01573e-08
5.45557e-09
2.06654e-10
4.1099e-10
7.08376e-09
-7.70141e-09
-1.79649e-09
5.58836e-09
2.27398e-09
-6.06586e-09
4.00758e-09
2.82115e-09
-3.15782e-09
-3.6709e-09
8.07768e-10
3.88123e-09
-8.71671e-10
-3.39215e-09
-8.68425e-09
2.56748e-09
4.0279e-11
-1.84463e-08
-9.92133e-11
1.5019e-10
-5.09769e-11
6.59649e-11
-3.53453e-11
-3.3309e-09
-3.56714e-10
4.26446e-10
3.26117e-09
2.56383e-09
-1.35349e-08
1.55902e-09
-1.80729e-08
4.03743e-10
-1.88157e-08
-2.88643e-10
-5.70994e-10
-1.13643e-08
1.14781e-08
4.57159e-10
-7.4974e-10
4.30104e-10
5.90723e-10
8.02294e-09
-4.33627e-10
6.31551e-10
-8.22086e-09
1.29434e-09
-1.13597e-09
1.80164e-09
8.1139e-10
3.78626e-09
-7.05604e-09
2.45839e-09
-2.10164e-10
2.38056e-10
-2.78913e-11
-9.54706e-11
1.41285e-10
3.23578e-10
-2.37001e-09
-1.79343e-09
-2.02196e-09
9.93676e-11
-1.4585e-09
-6.28297e-10
5.17156e-09
-4.22997e-09
8.69145e-09
-1.15874e-08
-4.16064e-10
5.98328e-10
-3.60512e-10
1.78248e-10
-8.35034e-09
8.04472e-09
7.77166e-10
-4.71544e-10
-6.04416e-10
-1.09378e-09
-9.48344e-09
-1.18343e-09
1.25298e-08
8.97901e-09
-9.29288e-09
-3.28173e-10
-7.30895e-10
1.94812e-10
-9.66571e-11
-5.19194e-10
-2.97486e-10
-7.72016e-09
6.53578e-10
8.35291e-11
2.76846e-11
-8.42109e-10
-1.32048e-08
7.37234e-09
4.89569e-09
-4.28996e-09
9.81055e-09
-1.04163e-08
-2.46361e-08
1.78459e-08
-1.0716e-09
2.54818e-09
5.89709e-09
-7.37367e-09
-5.26466e-11
-4.65667e-11
-7.24443e-09
9.46497e-09
-2.22054e-09
-6.07966e-10
7.15295e-10
9.49815e-10
-1.05714e-09
-7.86785e-09
7.92554e-09
-2.04768e-10
1.47079e-10
2.26319e-09
2.71138e-09
-2.35095e-09
-2.62362e-09
-7.35835e-10
1.09947e-08
-6.66721e-10
-9.59212e-09
-1.04074e-09
9.20733e-10
-4.87963e-10
1.19606e-09
-1.91894e-09
5.05439e-09
-4.76913e-09
8.19196e-09
-8.47723e-09
-3.02151e-09
1.01162e-08
-7.09467e-09
-4.23758e-10
1.51375e-09
3.7137e-10
-1.46136e-09
-7.89352e-09
-1.35281e-09
1.22315e-09
1.75312e-09
-1.90666e-09
-9.45713e-11
-1.88941e-08
-2.67906e-10
-1.93002e-08
-2.77526e-10
3.95426e-09
4.25365e-09
-4.08595e-09
1.337e-09
-1.24472e-08
1.32163e-08
-7.88153e-09
3.98993e-10
8.76985e-09
-7.0581e-09
-8.29766e-09
6.58592e-09
-7.24839e-11
7.7375e-10
-4.89466e-10
-2.118e-10
3.46361e-09
-1.24489e-09
5.14116e-10
3.82469e-09
-3.98882e-09
6.63805e-09
-6.47392e-09
6.05227e-09
-7.32294e-09
-8.70248e-09
5.34143e-10
-1.90036e-08
1.8927e-08
9.01781e-10
-9.81947e-10
7.95462e-10
-3.32213e-10
-7.96565e-09
8.12398e-09
2.74129e-09
-2.18306e-09
5.98399e-10
2.45477e-09
2.97379e-10
3.47917e-09
-1.51335e-09
-4.52867e-10
-1.62417e-09
2.84856e-09
-2.94084e-09
2.35104e-09
-2.25876e-09
1.55201e-09
2.52799e-11
-3.19516e-09
4.25737e-09
-3.01892e-09
1.95671e-09
4.82434e-10
2.54726e-10
-1.96346e-10
4.22637e-10
7.2672e-09
-8.14545e-09
3.75405e-10
2.8741e-09
1.9451e-09
-1.35559e-09
-3.579e-10
2.63394e-10
3.17011e-09
-3.0756e-09
-9.80939e-10
7.75665e-10
-1.97779e-09
-7.91137e-09
-5.66291e-10
4.29522e-09
1.10639e-09
-1.15911e-09
-4.2425e-09
5.18943e-10
-2.9505e-09
2.28888e-09
1.42684e-10
4.71402e-10
-3.81835e-10
6.03654e-10
-6.93221e-10
-4.51603e-09
4.69912e-09
4.28446e-10
5.43416e-09
-2.07634e-09
5.88041e-11
6.44599e-09
-1.26933e-09
3.40081e-10
-7.88984e-09
-3.61616e-10
1.88123e-09
2.02288e-09
-3.06826e-09
-8.28938e-09
-1.09223e-09
-1.99214e-09
-1.25567e-08
8.05355e-09
1.34756e-09
4.54383e-10
1.07992e-08
-1.27489e-08
1.37865e-09
-1.28244e-09
3.25013e-09
-2.32558e-09
-6.9294e-09
7.2459e-09
5.49624e-09
-2.64218e-09
1.98964e-10
-5.98614e-09
-4.54593e-09
1.03331e-08
-8.09226e-10
2.54299e-10
-2.03176e-09
1.9725e-09
-1.80333e-08
-1.00885e-09
8.97096e-09
1.39438e-09
-1.434e-09
1.05507e-08
1.68252e-09
-7.71637e-09
7.42399e-09
8.45968e-10
-3.3691e-09
-8.58511e-09
-2.78808e-11
3.63557e-10
8.24943e-09
7.10674e-10
4.58548e-10
-7.26389e-10
-2.56731e-10
-2.04558e-09
-6.48198e-10
1.8208e-09
-1.78613e-09
2.70976e-09
-8.37816e-10
1.12119e-10
8.462e-10
-6.95649e-10
-5.4719e-10
-7.64284e-09
-1.51702e-09
1.02178e-09
-3.89725e-10
4.10687e-10
1.69121e-09
-1.01377e-08
7.25013e-10
7.91389e-09
1.49879e-09
9.07195e-09
-4.16566e-09
-9.13626e-09
2.91498e-10
-5.88538e-11
1.9583e-09
-6.93194e-10
-1.42058e-10
4.19188e-10
2.86287e-09
9.61238e-11
-8.90153e-09
-3.7927e-09
1.19584e-08
5.35673e-09
3.69839e-09
1.59255e-10
5.6581e-10
-7.97549e-10
-9.54095e-09
8.43346e-09
9.87733e-09
-6.27683e-09
-2.29066e-09
2.18742e-09
6.38007e-09
9.29454e-09
-9.46805e-10
-6.95949e-10
-8.44295e-14
-1.41782e-10
-7.72661e-09
1.64834e-10
3.77737e-09
5.61434e-11
-4.45028e-09
-5.01369e-09
4.64312e-09
4.82085e-09
8.42098e-09
1.34117e-10
-4.99379e-11
-8.41787e-11
-1.06616e-10
2.60731e-10
-6.01538e-10
-1.13538e-09
6.96185e-10
-7.00498e-09
-2.71476e-09
7.64134e-09
2.0784e-09
-2.5954e-09
4.71914e-09
8.17502e-10
-2.94124e-09
2.31261e-10
-2.61631e-10
2.59409e-10
-2.29039e-10
-1.28931e-08
1.05509e-08
2.19101e-10
2.1231e-09
-1.80734e-08
1.80136e-08
8.68575e-10
-4.80888e-10
4.20329e-10
-8.08015e-10
3.07415e-09
-8.86109e-09
-7.10615e-09
1.22264e-09
4.69382e-09
-4.96164e-09
-9.54824e-10
7.55375e-10
-6.74547e-10
-6.05953e-10
5.25125e-10
-6.77747e-09
-4.67779e-09
2.39588e-10
-8.93981e-11
-3.64804e-10
2.47044e-10
5.89162e-10
-5.82487e-10
7.49779e-10
9.12725e-09
-9.49702e-10
8.86311e-09
7.7262e-09
1.19097e-09
-8.09255e-09
-8.24624e-10
-1.41146e-09
3.68534e-09
1.97976e-09
-6.04482e-09
5.13152e-09
-5.21902e-11
1.86307e-10
-2.90893e-09
7.12064e-10
3.04283e-09
3.66429e-10
2.00854e-11
-3.86515e-10
7.10528e-09
-6.96292e-09
3.99289e-09
-4.68375e-10
7.95374e-09
-4.49295e-10
-7.93807e-09
1.79517e-10
-9.93298e-11
-2.61314e-10
1.81126e-10
1.81084e-09
1.19737e-09
-1.05846e-09
-1.3891e-10
-4.95731e-09
5.47688e-09
-5.19562e-10
-8.07467e-10
1.11954e-10
3.51659e-09
-2.82107e-09
-7.59566e-11
-1.41591e-09
6.07266e-09
2.19144e-09
2.94753e-10
1.57644e-09
-1.12598e-08
9.96055e-10
1.16007e-08
-1.84545e-08
-3.73146e-11
4.54801e-11
-1.31935e-09
5.35207e-09
-5.82921e-09
-4.52082e-10
-1.35526e-10
-7.139e-09
-1.21571e-09
-6.98228e-09
7.18125e-09
-1.45086e-09
1.35712e-09
2.32505e-10
-1.38758e-10
-8.28709e-09
-3.02728e-09
4.25626e-09
-8.17724e-10
6.14604e-10
9.55981e-09
-4.58927e-09
-3.68046e-10
4.11588e-09
4.4858e-09
-4.77699e-09
-2.99577e-09
2.69609e-10
2.72616e-09
1.06323e-09
-7.62369e-09
1.61935e-09
1.55622e-09
-3.81556e-09
4.20318e-09
-6.24555e-09
-9.98875e-10
1.42891e-08
-8.90662e-09
-1.3243e-08
7.8605e-09
-1.17303e-08
7.08077e-09
5.71885e-09
-8.43379e-09
8.11985e-09
-5.40491e-09
-8.93098e-09
8.43518e-09
-5.0094e-09
5.5052e-09
1.32815e-10
-7.16074e-10
-2.48565e-10
7.19165e-10
2.45474e-10
-1.83937e-09
1.84587e-09
-1.14247e-09
-2.26301e-09
-7.32753e-10
-1.08877e-08
8.1959e-09
1.13301e-08
-1.80949e-09
1.96061e-09
-1.51121e-10
9.67219e-09
-3.93968e-09
-8.33525e-09
-1.36654e-09
1.51035e-09
8.12026e-10
-8.02291e-09
-1.69064e-09
-1.19902e-09
-2.1883e-09
-1.65617e-09
-4.63431e-09
6.3799e-09
7.61052e-09
9.77477e-10
1.35909e-09
-5.41803e-10
2.52689e-10
8.90635e-09
1.12884e-10
7.05551e-10
-4.46852e-11
4.52078e-10
-8.56487e-11
7.54143e-10
9.75189e-10
-1.03628e-09
6.10875e-11
-5.83693e-09
-7.04529e-09
5.95282e-09
8.23762e-09
-4.0171e-10
1.33408e-10
-7.96932e-09
2.23359e-09
2.52205e-09
-1.27648e-09
3.77452e-10
1.23364e-10
-3.35795e-10
-1.65021e-10
-2.27184e-09
5.95441e-09
1.65577e-09
3.4849e-09
-1.159e-09
1.5885e-09
2.97359e-09
1.7738e-10
2.01693e-09
-9.18495e-09
2.27601e-08
7.89614e-11
7.06329e-10
-2.93424e-10
-7.39443e-10
3.26539e-10
1.03848e-09
7.99451e-09
-7.65367e-09
-1.37932e-09
4.31947e-09
-3.95426e-09
3.63949e-09
-2.11865e-09
-4.03202e-09
-2.35465e-09
2.20028e-09
-2.78646e-09
1.17411e-09
-1.20895e-09
9.60186e-09
3.8194e-09
-5.0414e-09
-8.37985e-09
3.49964e-10
-4.96833e-11
-3.00281e-10
3.16559e-10
-8.64898e-09
6.93165e-10
-8.45607e-09
7.73503e-09
-9.59483e-10
-8.70502e-09
-2.92904e-09
4.5138e-09
-4.18016e-09
-4.27389e-09
6.05213e-09
7.57845e-09
4.79931e-09
-3.70056e-10
6.25452e-10
5.08998e-10
-5.36122e-10
-7.17946e-09
7.21589e-09
-4.02525e-09
-4.12129e-10
-9.53088e-11
5.07437e-10
-4.03e-10
-3.41256e-09
2.56401e-09
4.4155e-10
-4.80096e-10
-3.49555e-10
1.21903e-10
7.07748e-10
-7.68679e-10
-3.7013e-09
8.42358e-09
3.18576e-09
-3.58009e-09
3.66608e-09
-3.02399e-10
8.6093e-10
-5.64801e-10
-1.90713e-09
-1.40254e-09
-8.18908e-09
8.21193e-09
1.37968e-09
-1.13404e-09
-3.08322e-09
1.40595e-09
2.81131e-09
3.7313e-10
6.29092e-09
9.48457e-10
-8.77434e-10
1.83275e-10
-1.45815e-10
7.63062e-09
-9.54204e-10
-7.8039e-09
1.12748e-09
-8.33113e-09
1.14736e-09
7.87693e-09
4.11269e-10
4.7163e-09
-3.94604e-10
3.93086e-09
2.36084e-09
-5.91186e-09
7.27894e-09
-1.99466e-09
6.27577e-10
3.12931e-09
-3.32747e-09
7.46653e-09
-7.26836e-09
8.96731e-09
1.28178e-10
-8.57861e-10
-8.32671e-11
3.08444e-09
9.43092e-10
4.63974e-09
-9.69612e-09
1.0749e-08
2.02128e-09
-9.55688e-09
5.53798e-09
-1.88995e-08
-6.46359e-11
-1.93065e-08
-6.80727e-11
4.06641e-09
-1.87643e-09
4.53168e-09
7.23885e-09
-4.62192e-09
-3.46886e-09
3.25575e-09
9.81497e-09
3.87727e-09
8.54612e-09
-3.73194e-09
-1.84528e-08
2.42403e-11
-7.32973e-10
5.56074e-09
-4.76896e-09
3.43851e-09
-4.01773e-09
-2.37575e-09
2.95497e-09
-7.44134e-10
1.17758e-09
2.77232e-10
-1.89297e-10
3.55678e-10
-7.88654e-09
4.46031e-09
3.16896e-09
7.04533e-10
6.96708e-09
-2.70559e-10
5.82423e-10
-8.77167e-10
9.93013e-09
-2.3725e-09
9.02159e-09
-8.82495e-09
-2.85183e-09
1.54948e-09
1.01273e-08
-3.36547e-09
1.00211e-08
-1.01245e-08
2.42562e-10
2.62344e-10
-2.73644e-10
-3.60992e-10
2.23128e-10
-6.0627e-10
2.6462e-09
-1.19506e-08
7.36292e-09
-1.14579e-08
3.3015e-09
7.92079e-09
4.05477e-09
-4.71707e-09
-7.25849e-09
-1.09016e-08
8.20103e-09
7.05879e-10
-3.57747e-09
-9.48413e-09
1.15364e-08
-1.91102e-10
-1.4639e-10
1.88553e-09
-2.54661e-09
-2.63304e-09
2.84389e-09
5.01216e-10
-9.19395e-09
-2.11689e-09
-8.13297e-09
-2.30623e-08
2.38664e-09
1.58134e-09
8.38059e-09
9.97186e-10
-5.56191e-10
-8.04347e-09
8.19795e-09
-3.26035e-09
8.95464e-09
9.27713e-10
-9.71229e-10
1.24508e-08
-9.09767e-09
2.87785e-09
9.47556e-09
1.15963e-09
1.73261e-10
1.23657e-08
-1.06908e-08
6.16238e-09
1.77452e-09
-7.80944e-09
2.10019e-09
-2.76807e-09
-7.10244e-09
-1.16688e-09
-1.14748e-08
-6.49081e-09
5.86051e-09
1.21051e-08
2.54583e-09
-2.66994e-09
1.02514e-08
-8.79066e-09
-2.94449e-09
8.4748e-09
-3.45065e-09
1.63098e-09
6.0477e-10
-1.78136e-09
2.8206e-09
7.5246e-09
-3.7762e-10
-7.96151e-09
1.27021e-09
-1.63597e-09
-8.54913e-09
7.57342e-09
-7.78265e-09
-3.58346e-09
2.07921e-09
7.37943e-09
1.03436e-09
7.73032e-09
2.02733e-09
-1.08819e-08
-7.40568e-09
2.88605e-09
-2.44354e-09
6.96318e-09
2.97916e-09
-1.00816e-08
-4.84823e-09
-9.29942e-09
-5.82303e-09
7.62799e-09
9.0828e-09
-4.34505e-09
3.0463e-12
-1.84468e-08
-8.78102e-11
9.99728e-11
6.1329e-10
-5.94313e-10
-8.18766e-09
8.29757e-09
-1.88955e-08
1.90883e-11
-2.30249e-11
-1.93029e-08
2.08351e-11
-2.44791e-11
-8.27855e-09
-5.07006e-09
4.66436e-09
-1.84399e-08
1.83943e-08
-1.88378e-08
1.87904e-08
8.59848e-10
1.34767e-09
1.2082e-08
-1.19702e-08
6.60998e-10
-6.07891e-10
8.48674e-10
1.01812e-09
3.24716e-10
-6.81836e-10
-2.72575e-09
7.82573e-09
2.42463e-09
-5.05325e-10
8.47249e-10
-5.38815e-09
-1.12966e-08
8.81342e-09
7.87129e-09
-2.81237e-09
4.82748e-09
-2.24863e-09
-5.50789e-09
5.53012e-10
1.07094e-09
-8.75491e-09
-5.71224e-09
6.18859e-09
1.14055e-10
-1.96169e-10
7.62682e-09
-4.92506e-09
-9.218e-09
-5.3346e-09
8.00224e-09
4.03021e-09
-1.93038e-08
-1.03069e-11
-1.88968e-08
-8.94612e-12
1.32788e-08
-1.48395e-08
-2.69625e-09
3.18217e-09
8.04237e-09
-8.52829e-09
-8.2791e-09
2.97006e-09
8.07357e-09
-2.76454e-09
-7.92635e-09
7.45036e-09
-8.01918e-11
3.87125e-09
-8.45857e-09
-7.45932e-09
2.08806e-09
4.955e-09
-7.59886e-11
2.31537e-10
-5.98749e-10
-6.90566e-09
1.2912e-08
-8.66176e-09
8.47752e-09
8.24294e-09
-1.18544e-08
1.17123e-08
-1.16073e-08
8.9059e-09
5.88359e-09
5.60344e-09
1.17914e-10
-5.72135e-09
-8.95617e-09
5.43776e-09
-5.70839e-09
2.7063e-10
1.80946e-08
-1.80749e-08
-6.19539e-09
-7.56725e-09
9.04557e-09
-1.18934e-08
-3.47178e-09
-8.45437e-09
3.1761e-09
-2.74606e-09
8.71724e-09
2.62083e-09
-2.80805e-09
-8.53003e-09
8.49926e-09
-5.65719e-09
-7.44169e-09
4.59962e-09
-1.84513e-08
-3.84965e-12
8.28852e-12
-6.93811e-09
-3.26745e-09
2.56272e-09
5.83049e-09
-2.27058e-10
8.06979e-10
-5.20474e-09
-1.88926e-08
-1.21473e-11
-1.9299e-08
-1.33533e-11
3.69213e-09
3.9106e-09
1.49077e-08
1.15022e-10
6.47467e-10
1.51968e-08
1.22045e-10
6.5649e-10
8.09692e-09
-7.52399e-09
2.90396e-09
-2.81415e-10
-2.52248e-09
-1.00058e-10
-1.00841e-08
-9.42272e-09
5.79968e-10
-2.4538e-09
-1.84517e-08
-6.00857e-12
1.40905e-09
3.83788e-10
6.82903e-11
-2.96512e-09
9.24983e-09
-5.19218e-09
8.81533e-09
2.91155e-09
-1.06482e-08
-1.93082e-08
-9.43542e-12
-1.89018e-08
-8.67678e-12
3.71839e-09
1.84142e-09
-2.25867e-11
-1.84414e-08
5.8564e-09
-4.18642e-10
-8.53284e-09
-5.83664e-09
-1.95128e-09
2.97701e-09
9.52516e-09
4.44158e-09
-4.35793e-09
-9.03981e-09
1.80849e-08
-1.80792e-08
-1.84422e-08
1.64027e-11
-1.56556e-11
9.51315e-10
-9.09083e-09
-1.89011e-08
-2.1383e-11
-1.93073e-08
-2.19382e-11
-3.73336e-10
-1.84354e-08
-2.45352e-11
-1.92996e-08
-3.22741e-11
-1.88933e-08
-3.1765e-11
-1.88685e-08
1.8869e-08
-1.8469e-08
1.84696e-08
-2.98051e-11
-1.84294e-08
-3.34202e-09
-1.92906e-08
-3.52684e-11
-1.88846e-08
-3.46929e-11
1.8098e-08
-1.80911e-08
-1.84279e-08
1.53166e-11
-1.68663e-11
3.84588e-10
-3.49655e-10
-1.92807e-08
-3.3773e-11
-1.88747e-08
-3.32317e-11
-1.84262e-08
-2.41761e-11
1.91059e-10
1.90681e-08
-1.90138e-08
-1.888e-08
-1.68165e-11
-1.92861e-08
-1.71829e-11
-3.22594e-11
-1.8419e-08
-1.88826e-08
-1.51779e-11
-1.92888e-08
-1.54632e-11
1.81162e-08
-1.81135e-08
-1.84208e-08
2.57352e-11
-2.392e-11
-1.88864e-08
-7.39692e-12
-1.92925e-08
-7.68062e-12
-1.84192e-08
-2.62509e-11
-3.3915e-11
-1.84139e-08
-1.92971e-08
-7.54919e-12
-1.88911e-08
-7.16565e-12
1.81335e-08
-1.81309e-08
-1.92929e-08
-2.03471e-11
-1.8887e-08
-1.99172e-11
-1.8409e-08
2.46949e-11
-2.95366e-11
-1.89044e-08
1.89106e-08
-1.85037e-08
1.85098e-08
-1.84009e-08
-3.58213e-11
-1.88805e-08
1.56828e-11
-2.22026e-11
-1.92861e-08
1.60073e-11
-2.28319e-11
-1.83992e-08
-3.5538e-11
-1.92739e-08
-4.27401e-11
-1.88687e-08
-4.17692e-11
-1.83956e-08
-3.59521e-11
1.81503e-08
-1.81498e-08
-1.88534e-08
-4.39037e-11
-1.92584e-08
-4.46615e-11
-1.8517e-08
1.85163e-08
-1.89182e-08
1.89174e-08
-1.83958e-08
-3.22933e-11
-1.92455e-08
2.7862e-11
-4.06858e-11
-1.88408e-08
2.73502e-11
-3.99084e-11
-1.88383e-08
-2.7506e-11
-1.92431e-08
-2.77817e-11
-1.83911e-08
-2.60254e-11
-1.88414e-08
-1.89448e-11
-1.92461e-08
-1.91866e-11
-1.83921e-08
-2.20184e-11
-1.88285e-08
1.61876e-11
-2.90898e-11
-1.92329e-08
1.60518e-11
-2.92766e-11
-3.1495e-11
-1.83859e-08
-1.923e-08
-2.35859e-11
-1.88262e-08
-2.32443e-11
-4.89805e-11
8.69257e-09
6.21241e-09
-4.82313e-09
-1.38928e-09
8.49574e-09
-8.22543e-09
-2.70305e-10
-8.59199e-09
8.58152e-09
-8.34057e-09
8.30239e-09
3.81825e-11
-3.78292e-11
-3.99813e-11
-4.8355e-11
-4.7609e-11
1.81857e-08
-1.81847e-08
-8.48811e-09
1.47539e-10
-8.55919e-09
-4.85002e-11
-8.03345e-09
8.07192e-09
-1.92319e-08
-2.97872e-11
-9.65512e-09
4.04832e-10
9.25029e-09
-1.8829e-08
-2.90041e-11
-3.68608e-11
-9.98069e-09
3.25571e-10
8.14303e-09
-8.14904e-09
8.10995e-09
-8.12128e-09
1.02096e-08
1.03713e-08
-8.42824e-09
-1.30953e-10
-1.56512e-12
-5.06946e-11
-5.15063e-11
1.80714e-11
-3.28096e-11
6.75025e-11
-1.83843e-08
-2.80563e-11
-2.57604e-11
-5.88029e-12
8.95194e-09
-8.57819e-09
-4.671e-11
-4.0248e-11
-4.09581e-11
8.11589e-09
-8.35899e-09
2.43101e-10
-4.83514e-11
-1.24276e-09
7.45517e-09
7.80443e-10
-1.07611e-08
1.87811e-08
-1.87503e-08
-5.05255e-11
1.96722e-11
1.90556e-08
-1.90329e-08
-1.67296e-11
8.15551e-09
-8.14066e-09
1.87949e-08
-1.87966e-08
6.40812e-13
1.88006e-08
-2.07254e-12
1.90797e-08
2.16419e-12
1.3477e-08
3.93894e-09
-8.34976e-09
8.34123e-09
-8.45003e-09
8.44056e-09
-1.87932e-08
9.75396e-12
1.83697e-08
-1.83976e-08
9.75635e-11
1.87989e-08
1.78866e-11
-3.56632e-11
2.54506e-11
9.54887e-09
-1.15806e-08
1.83414e-08
5.73526e-11
-1.9008e-08
-3.17257e-11
1.83299e-08
-1.83281e-08
-2.35277e-11
-1.9225e-08
-3.55604e-11
-2.60597e-11
1.86371e-08
-1.87269e-08
2.80882e-10
1.89735e-08
-1.89259e-08
-7.29323e-11
2.52497e-11
1.91675e-08
-1.91412e-08
-9.89851e-12
-5.23519e-11
-1.83859e-08
1.84189e-08
1.83387e-08
1.74086e-11
-2.62566e-11
1.8346e-08
-2.87684e-11
-1.82927e-08
1.40782e-10
-1.88796e-08
-7.96996e-11
3.34088e-11
-1.92216e-08
-3.51995e-11
1.88233e-08
-1.88197e-08
2.74426e-11
-3.1068e-11
1.8824e-08
-3.24356e-11
1.8331e-08
-5.4944e-12
1.59552e-11
-1.88154e-08
-3.37595e-11
-1.88092e-08
-2.94068e-11
-3.40189e-11
1.91853e-08
4.63067e-12
-2.24578e-11
4.11104e-11
1.91156e-08
-3.41149e-11
-1.76332e-12
1.92135e-08
-1.92018e-08
-3.77122e-11
-8.16247e-12
1.84125e-08
1.08457e-10
-1.83545e-08
1.83641e-08
1.47064e-11
-2.42567e-11
-6.97825e-09
-5.62817e-10
2.63096e-11
-3.43594e-11
-8.53388e-09
8.11755e-09
4.16333e-10
1.24028e-10
-1.09171e-10
5.70239e-12
-1.88062e-08
1.88388e-11
-2.18623e-11
-3.41035e-11
-4.21537e-11
-4.42291e-11
-1.88043e-08
-1.20436e-11
-1.86831e-08
-2.65401e-11
-2.53496e-11
-1.85786e-08
1.85714e-08
1.88073e-08
3.1462e-13
-6.97928e-12
-3.34158e-11
-3.38148e-11
-3.06048e-11
-4.65761e-10
5.24304e-10
-1.83766e-08
-3.02962e-11
4.14677e-12
1.86085e-08
-5.17486e-10
4.80404e-10
-3.68229e-11
-1.33339e-10
-1.84504e-10
7.95216e-09
3.29156e-10
1.86199e-08
-1.79427e-12
-9.07304e-09
5.39159e-10
-1.82311e-08
-1.88647e-08
-6.35526e-11
3.80458e-09
1.13443e-10
1.89766e-08
-1.91466e-08
1.88605e-08
-4.38971e-10
-1.01394e-09
1.09268e-10
3.02191e-10
-8.13232e-09
6.23102e-09
-2.62806e-09
6.93814e-09
-8.65951e-09
4.18559e-11
-8.05063e-10
-8.02019e-09
1.99511e-09
5.33477e-10
-5.14516e-10
2.90204e-10
-3.09165e-10
8.47546e-09
-4.68328e-09
-1.89442e-08
1.89253e-08
-9.46153e-09
-1.56582e-09
2.44581e-10
-1.75172e-10
4.13966e-09
3.50959e-09
7.57844e-09
-7.36488e-09
-2.13563e-10
8.47974e-09
8.03093e-09
-5.76962e-09
9.81871e-10
8.69331e-09
2.61128e-09
-2.96385e-09
-8.1018e-09
1.10973e-08
-1.29194e-10
-3.53762e-09
7.33839e-09
2.36161e-09
1.41918e-08
-9.05097e-09
5.13745e-09
-6.90055e-09
-1.51312e-08
1.56395e-10
-2.56111e-10
-5.49829e-10
-7.85357e-09
-6.15249e-09
4.44103e-10
-6.17179e-09
-7.44163e-10
3.79262e-10
2.90362e-10
-1.36147e-10
-4.37994e-10
8.53403e-10
3.58464e-10
2.53238e-11
-7.60471e-09
3.85012e-09
2.45337e-09
8.88215e-09
-1.56969e-10
-5.84564e-09
-7.36956e-09
-6.91448e-09
-5.74164e-10
1.57128e-08
6.61818e-09
5.11076e-09
-8.78236e-09
-1.2286e-08
-4.53729e-09
1.33225e-08
-9.65617e-09
2.0561e-09
-7.16111e-09
-3.87113e-09
-8.80842e-09
9.90519e-09
2.67621e-09
-3.77297e-09
-8.50471e-10
5.07833e-10
-2.21666e-11
-1.82966e-08
-3.50346e-09
1.20191e-09
2.22317e-10
-4.46749e-10
-8.96621e-09
3.48052e-10
-4.6607e-10
-4.03831e-09
-2.93371e-09
-7.86306e-09
8.58882e-09
7.51825e-09
-5.4353e-09
-7.14257e-09
5.05962e-09
4.18717e-09
6.70501e-09
-3.02569e-09
-7.86649e-09
6.8398e-10
-5.63549e-09
1.10278e-09
-1.18915e-09
5.06695e-10
7.28365e-09
-1.05045e-09
8.63669e-09
-8.07627e-09
7.75719e-09
-8.3176e-09
-5.6957e-09
5.66898e-09
7.54497e-09
1.66323e-09
1.03791e-08
-8.30859e-10
-1.92947e-09
-7.60715e-09
1.93191e-09
-1.45449e-09
-8.63962e-09
1.18349e-09
-8.42018e-09
7.88287e-09
-2.42536e-10
-7.77586e-09
1.27253e-09
7.42132e-09
1.00053e-08
-1.99751e-09
-6.95296e-11
8.17785e-09
-7.97491e-09
3.85417e-10
5.76913e-09
1.58048e-09
1.0143e-08
-3.24029e-09
-8.62102e-09
-1.23501e-09
-7.9331e-09
-3.40612e-09
8.47352e-09
2.75833e-09
-8.31609e-09
8.32701e-09
-8.56113e-09
8.52916e-09
6.88873e-12
-7.89759e-09
4.85013e-09
-1.00269e-11
8.1383e-09
4.12245e-09
5.1817e-09
4.09264e-09
-4.42421e-09
7.15558e-09
2.45646e-10
-9.82387e-10
-6.41884e-09
-1.04683e-09
6.14424e-09
-5.37281e-09
2.75399e-10
-2.1027e-10
5.97743e-09
-7.94417e-09
1.82728e-08
6.93312e-09
-2.59851e-10
4.23902e-09
1.03784e-08
3.48151e-09
5.41185e-10
3.99331e-09
1.01236e-08
-3.97393e-09
3.40948e-10
1.75159e-11
-2.1265e-09
8.20821e-09
1.56931e-09
-1.78301e-09
-1.89746e-09
-7.90894e-09
-4.82758e-09
-7.54588e-09
2.25089e-09
8.04709e-09
-2.37019e-09
1.61316e-09
-2.68193e-09
-3.00018e-09
-5.10018e-09
8.87684e-09
-5.79535e-10
3.7079e-09
-3.35238e-09
2.36116e-09
4.17698e-09
-2.91263e-09
-2.27981e-10
3.16152e-10
2.81992e-10
-3.70163e-10
-2.76487e-10
-1.88536e-08
2.4337e-09
-1.3555e-09
-3.17279e-09
1.2391e-09
9.00643e-11
-1.69531e-10
5.40469e-10
-4.20398e-10
-8.49912e-09
1.01387e-08
-6.30269e-11
-1.57659e-09
-1.45278e-09
-7.54343e-09
-1.07653e-09
-8.87784e-09
8.34282e-09
-4.48967e-09
4.3028e-09
3.47393e-09
-3.28706e-09
2.28338e-10
1.81253e-10
-1.50182e-10
-1.0396e-10
5.00659e-10
-7.14122e-10
3.35356e-09
-3.81868e-09
-8.46585e-09
-4.00165e-11
-7.87629e-09
2.84761e-10
7.63154e-09
3.81806e-09
-7.47231e-09
-3.19286e-09
-9.84734e-10
-1.32459e-09
1.71907e-09
5.90253e-10
2.18438e-09
1.01632e-09
-1.9097e-10
6.12158e-10
-2.2017e-09
-4.27806e-09
2.89967e-09
-8.09441e-09
-1.07643e-09
1.1138e-10
4.32474e-10
3.03681e-09
3.69533e-10
-2.85852e-11
-2.48082e-09
-7.5802e-09
7.41518e-09
9.84506e-09
-1.04475e-08
1.98111e-09
6.51796e-09
-7.82982e-09
-3.07402e-09
3.39445e-12
9.4592e-11
-3.02434e-10
2.62867e-10
1.76125e-10
-1.36558e-10
-6.88707e-10
-7.67855e-09
-7.69937e-09
-1.79585e-09
7.77953e-09
1.7157e-09
5.09303e-09
-7.4916e-09
7.28696e-09
4.34429e-09
-1.8607e-08
1.86062e-08
-1.89156e-08
1.891e-08
7.63779e-09
-7.49143e-09
-1.09926e-08
-5.01943e-09
3.91325e-09
-1.87444e-08
2.96231e-10
8.32547e-10
7.0623e-09
-1.00324e-08
-1.64004e-08
4.47503e-09
6.66034e-09
-6.58483e-09
-6.85298e-09
-5.86445e-09
-1.30515e-09
8.13395e-09
2.72358e-10
3.47655e-10
-1.91942e-10
1.947e-10
-4.03671e-10
4.00913e-10
-5.29146e-09
-1.18392e-10
4.87926e-10
3.80282e-09
-6.82633e-09
-2.31584e-09
-2.93149e-09
-1.58712e-09
8.11556e-09
1.9967e-09
-8.52514e-09
1.61243e-09
8.03983e-09
-1.43447e-09
-8.21778e-09
1.00335e-08
1.49411e-09
-3.05671e-09
3.59501e-09
-7.90151e-09
7.89557e-09
-7.11709e-09
3.74511e-09
9.31032e-09
-1.61413e-09
-8.77273e-09
1.16017e-09
-4.14593e-09
2.93165e-09
8.50124e-09
7.17735e-09
5.09976e-11
-4.91173e-09
-2.31662e-09
8.48388e-09
-8.4019e-09
-6.76291e-10
-2.55833e-09
-4.45547e-10
4.49341e-10
-1.95736e-10
-1.6137e-10
-4.76187e-10
1.9201e-10
-4.3292e-09
2.00153e-09
-3.47106e-10
6.0848e-10
2.06918e-10
-4.68293e-10
6.74228e-09
-2.16732e-10
6.75915e-10
6.50917e-10
1.00714e-08
1.3711e-09
1.06836e-09
5.87429e-10
-2.24169e-10
5.43201e-10
-6.80024e-10
-1.69235e-09
1.98506e-09
-8.09661e-09
-8.44196e-09
-4.72139e-09
5.07184e-10
-2.88824e-09
-1.05936e-08
7.87043e-09
2.68318e-09
-1.52545e-09
3.37506e-10
-5.82413e-10
1.77035e-09
7.77443e-09
-8.60846e-09
-6.38259e-10
7.47604e-10
4.60872e-09
2.77501e-09
2.26703e-09
-6.08482e-09
1.17514e-09
1.03031e-08
1.43379e-09
-6.75829e-09
-7.1424e-09
6.86868e-10
5.36723e-11
-4.24388e-10
-4.29247e-09
3.20972e-09
-3.40693e-09
-8.3563e-09
8.35768e-09
-8.51358e-09
8.49214e-09
-4.24395e-09
2.12385e-09
-5.23018e-09
-6.46531e-10
3.90645e-09
-1.5549e-09
-9.51482e-09
1.46989e-08
-3.62922e-09
8.11645e-09
-2.18961e-09
-1.11144e-10
-9.99512e-09
8.51915e-09
6.0573e-10
1.76652e-09
8.03754e-09
5.13719e-09
-7.75264e-09
7.65546e-09
-5.04001e-09
4.14383e-10
-1.59367e-09
-4.54077e-10
1.63337e-09
1.10691e-09
1.2453e-10
-3.66121e-09
2.42976e-09
-1.43198e-09
6.82158e-09
8.32205e-10
-3.26245e-10
8.94962e-09
-3.001e-10
2.66802e-09
-2.42677e-09
2.29811e-09
6.28246e-09
-1.23972e-09
-7.34085e-09
-7.2516e-10
1.05547e-08
-7.53145e-09
1.82751e-08
-9.48336e-10
5.40285e-10
-7.81281e-09
1.26061e-09
3.3312e-09
-2.03234e-09
1.69703e-09
3.35306e-10
-2.1378e-10
6.9594e-10
-1.56895e-09
-5.96583e-10
-1.01266e-09
-7.87375e-09
6.7892e-10
-6.87872e-10
2.72569e-10
-2.63617e-10
-7.46279e-09
-2.57809e-09
2.86449e-09
7.17639e-09
-9.99985e-09
-6.03191e-09
-7.47295e-09
-2.61526e-09
2.38885e-09
8.80326e-09
8.50571e-09
2.31378e-09
7.12562e-09
1.22093e-09
-1.7302e-09
5.40252e-09
-1.8664e-09
4.65e-09
-8.29325e-09
-2.8441e-11
7.95187e-09
3.69814e-10
-1.77729e-10
3.45698e-10
-1.52696e-09
4.48804e-09
7.94889e-11
-9.04875e-09
1.02019e-08
1.72468e-09
8.49819e-09
2.63306e-09
3.93121e-09
-1.86363e-10
1.24711e-09
-2.35632e-10
-8.25117e-10
1.22788e-09
7.32848e-10
-1.13406e-09
-8.26674e-10
6.99822e-09
1.16176e-09
-1.02146e-09
1.02956e-09
1.79354e-09
-1.21305e-09
-2.67046e-10
1.29373e-09
4.26286e-09
1.19841e-09
6.70499e-09
2.88588e-09
1.39979e-09
5.93687e-10
-1.26305e-09
-7.30426e-10
-5.22115e-09
-8.44357e-10
4.53854e-09
-7.71382e-09
-4.79379e-09
-1.12683e-09
1.95123e-09
6.35205e-09
-1.93081e-09
2.28374e-09
3.82533e-09
-6.62706e-09
-4.36277e-10
3.238e-09
2.48757e-10
5.58587e-10
-4.28082e-10
-2.54417e-10
-7.31375e-10
5.95965e-10
3.89826e-10
4.7163e-10
2.26976e-09
1.36441e-09
1.22137e-09
3.09855e-10
4.00812e-10
-3.35537e-10
-3.75131e-10
-3.7597e-09
4.21759e-09
6.64739e-09
3.937e-09
4.61738e-09
-4.25157e-09
5.954e-09
1.87282e-10
1.52511e-09
2.73507e-09
8.75439e-10
-2.69026e-09
1.5446e-09
9.1061e-09
-4.17949e-10
-4.03327e-10
4.74171e-10
4.61089e-09
7.70207e-09
1.34718e-10
2.47992e-09
6.94142e-09
-3.73898e-09
-4.25004e-09
1.04761e-09
5.97399e-10
-4.74569e-10
1.67532e-10
3.45494e-10
2.93087e-09
5.77919e-10
1.95038e-09
2.26291e-10
8.51313e-09
-1.57396e-09
-7.62788e-09
3.13026e-09
-5.59899e-09
-5.00358e-09
2.93734e-09
-6.92417e-09
-5.02984e-10
-3.00642e-10
3.85677e-10
2.97311e-09
7.21656e-09
-7.25232e-09
3.04119e-09
-7.22919e-09
3.19058e-09
9.48279e-09
3.81339e-09
8.78879e-09
-4.93181e-10
-5.39601e-11
5.05297e-10
4.18439e-11
9.31721e-11
5.91658e-10
3.16449e-09
-7.36068e-09
4.1232e-09
7.3225e-10
-2.74398e-09
-6.40743e-09
2.68183e-09
6.46958e-09
-1.86013e-08
1.85991e-08
-1.89056e-08
1.89052e-08
1.84024e-10
-8.13882e-09
4.72703e-09
-1.82711e-08
1.82549e-08
1.69589e-10
-8.02904e-09
-1.13686e-09
-9.00405e-09
-3.8121e-10
-3.23347e-10
5.61237e-10
1.43319e-10
-7.83163e-09
-1.96798e-09
2.33682e-09
5.25532e-10
2.847e-10
1.25807e-10
-1.70394e-09
-7.6506e-09
-5.54728e-09
3.43776e-09
1.74885e-10
1.44846e-09
-3.84253e-10
-3.63386e-10
3.40184e-10
1.59964e-09
1.75272e-09
-3.65942e-09
4.49832e-09
-4.57576e-09
3.73686e-09
3.01338e-10
1.40631e-09
-1.52037e-09
-8.49342e-09
2.96943e-10
-7.96186e-09
-2.21615e-10
-2.92428e-10
-7.98219e-09
8.04596e-09
-8.12428e-09
3.10537e-10
-2.32215e-10
-5.78715e-09
7.08265e-09
-1.38564e-09
9.01378e-11
7.58085e-09
-8.06143e-09
-6.84237e-09
-2.4276e-10
3.26851e-10
-3.85713e-10
1.71353e-09
-1.59034e-09
-7.81266e-09
5.91181e-10
2.06709e-10
1.56646e-09
9.22998e-09
3.27639e-09
-2.60482e-10
3.30966e-10
-2.13232e-10
-8.24201e-09
1.49066e-09
-1.7591e-08
6.84074e-10
-2.58333e-10
-7.88985e-09
1.88761e-10
3.01922e-10
-7.29643e-09
8.87603e-09
-2.30476e-09
9.80615e-09
-6.02965e-09
3.79691e-09
-1.58944e-11
2.25866e-10
-1.41088e-09
2.99821e-10
2.63092e-09
-5.84305e-10
4.45706e-10
8.17519e-10
9.82293e-09
-3.12736e-10
1.73786e-09
8.27722e-09
-6.13818e-10
2.47533e-09
-7.8546e-09
7.98486e-09
-1.7027e-10
-8.05735e-09
-1.23689e-09
3.25179e-10
2.44013e-10
1.40156e-09
-3.73713e-09
1.64902e-09
2.21264e-09
1.69266e-09
6.10942e-09
1.07703e-09
-8.87911e-09
-7.767e-09
4.52816e-10
-2.62181e-10
-5.51146e-10
7.23164e-10
-6.86502e-10
8.01727e-11
-1.16835e-10
-1.00584e-08
3.93692e-09
-4.77347e-10
6.59885e-09
-8.19447e-09
2.44204e-09
9.74082e-10
-1.46143e-11
-5.01007e-09
-6.32229e-09
7.67294e-09
5.00334e-09
6.74317e-09
-8.08936e-09
7.81264e-09
7.26973e-09
-6.99301e-09
-1.58357e-09
-1.47755e-11
6.72562e-10
9.25779e-10
3.40425e-12
-5.35114e-11
7.73271e-10
-2.53994e-10
-2.8724e-09
2.35611e-09
7.70284e-10
-6.96942e-10
1.06738e-10
-9.76677e-11
2.84603e-09
-1.90799e-09
8.02639e-09
-7.25525e-09
6.29007e-09
-8.48368e-09
8.29069e-09
-6.09708e-09
9.23665e-11
3.54743e-10
-6.94443e-09
5.37785e-09
7.84904e-09
-1.79586e-09
-3.05761e-10
1.11689e-09
1.23765e-09
-1.08465e-09
-6.29422e-11
1.74011e-09
1.17192e-09
-8.14196e-09
-9.91818e-10
-3.66809e-09
2.81414e-09
-2.71622e-10
-2.16208e-10
-2.37799e-09
8.6961e-10
-2.87476e-10
-1.8342e-09
2.03844e-10
1.8012e-09
4.22665e-09
9.13562e-10
9.86483e-09
-6.63589e-09
6.77606e-09
7.58041e-09
-7.72058e-09
7.77438e-09
1.52525e-09
3.13361e-10
-3.86067e-10
-2.66239e-11
2.63159e-09
-7.24352e-09
5.3564e-09
-7.44461e-10
5.65046e-10
-6.40848e-10
-1.47337e-10
2.23139e-10
3.10819e-10
-2.38238e-10
1.26116e-09
7.35792e-09
1.94328e-09
5.0946e-09
-4.4111e-09
5.49539e-09
2.74104e-09
5.35596e-09
-6.16471e-09
8.34192e-09
-7.53317e-09
-8.37303e-09
8.36287e-09
-8.49523e-09
8.47963e-09
-7.42525e-10
-8.9294e-11
-1.64953e-09
1.20054e-09
1.27982e-09
-8.3083e-10
-1.75259e-09
-6.26304e-09
-2.69322e-09
1.95267e-09
-9.0898e-10
7.89418e-10
-2.89629e-09
-2.08965e-10
2.1225e-10
3.05034e-09
-5.28416e-09
4.5964e-09
-1.56596e-10
-5.78728e-09
4.94318e-10
-5.98343e-09
-5.94656e-09
7.00474e-09
-1.06788e-09
-1.43854e-09
3.61025e-09
-6.18768e-09
6.50077e-09
-5.69854e-09
3.81515e-09
8.99079e-10
-1.96681e-09
-2.81396e-09
4.30425e-09
-8.35589e-09
-2.52004e-09
-5.78524e-09
-3.13247e-09
2.94838e-10
-2.21713e-10
8.01673e-10
1.09829e-09
-2.41609e-09
3.9591e-09
7.56539e-09
5.1555e-09
-9.69319e-09
-7.38973e-09
6.25111e-09
1.02022e-09
-9.9795e-09
-7.83084e-09
-1.54913e-09
9.65391e-10
-7.86682e-10
1.37042e-09
3.36255e-09
9.82909e-09
-1.1996e-08
-1.34345e-10
-6.486e-09
1.42997e-09
-9.41464e-10
4.15814e-10
-1.56573e-10
-3.9027e-10
1.31029e-10
9.20447e-09
1.40336e-09
-2.6014e-09
8.3203e-09
8.65556e-09
-8.38762e-09
-2.07485e-09
-1.11461e-10
-4.82513e-09
-5.29791e-09
1.04377e-10
6.21293e-10
9.40079e-10
-6.20638e-10
-7.97672e-09
7.65728e-09
2.6438e-10
-5.21941e-10
9.88767e-10
8.52855e-09
6.09005e-09
3.63153e-09
4.72274e-10
-2.6608e-10
-4.60611e-10
-1.37933e-08
7.41481e-09
-8.48698e-09
-8.70524e-09
-2.92551e-10
1.05943e-08
-1.59653e-09
2.61296e-09
-4.51901e-09
2.52547e-09
9.45056e-10
-3.47053e-09
9.69115e-09
-1.17762e-09
2.76071e-10
-8.78961e-09
1.7222e-09
-3.09661e-10
6.01283e-11
-4.48932e-10
-1.85956e-08
1.85951e-08
-1.89151e-08
1.89294e-08
1.48755e-12
7.64842e-10
8.15833e-09
7.24005e-10
2.4827e-09
7.26548e-10
4.53094e-09
1.73049e-09
-2.43316e-09
5.56285e-10
-6.96945e-10
-7.58536e-09
7.42308e-09
-1.65072e-09
1.81299e-09
1.03401e-09
1.6503e-10
-1.19904e-09
-6.2232e-09
-4.08478e-09
-1.64863e-09
3.17496e-10
-5.95512e-11
-3.37783e-09
3.89686e-10
1.21617e-08
4.9822e-09
-8.07259e-09
-6.05404e-10
7.54752e-10
4.61153e-09
-1.70032e-09
1.94974e-09
-1.01748e-09
8.91188e-10
-1.01354e-08
8.72611e-09
5.25186e-10
4.29598e-09
-4.69798e-10
1.30557e-10
-6.64035e-10
1.0914e-08
2.81128e-09
-2.59148e-09
-4.7062e-09
5.13649e-09
1.513e-09
2.02796e-09
8.0602e-09
-6.28396e-09
6.59353e-09
9.51588e-10
-4.14861e-10
9.63857e-10
-5.41183e-10
2.97406e-09
6.8729e-10
8.2118e-09
1.3035e-09
-4.96572e-10
-9.01873e-09
1.82532e-09
2.16889e-10
-2.52672e-09
-7.07684e-10
5.20612e-10
-9.52181e-10
-7.36202e-10
5.17432e-10
-8.50818e-09
-9.25551e-10
7.28488e-10
7.46312e-09
-6.61298e-09
-2.75813e-09
1.50972e-10
-2.03889e-10
5.29169e-11
7.35796e-09
1.79778e-10
-8.37247e-09
8.3638e-09
-8.48647e-09
8.47308e-09
-1.8241e-08
1.82204e-08
3.89583e-10
-3.30026e-09
2.8202e-09
9.06918e-10
4.19406e-09
-3.50079e-09
-7.01557e-09
-1.36484e-09
1.18785e-10
2.28705e-10
-7.06643e-10
-7.47751e-09
7.776e-10
-5.57232e-10
6.69704e-10
8.5848e-10
4.7927e-09
7.43616e-10
-9.02225e-09
-9.57112e-09
-9.36608e-09
1.54914e-09
1.18041e-09
2.95406e-10
-4.68519e-10
-8.50794e-10
8.54514e-10
4.64798e-10
-1.11099e-09
-8.35228e-09
7.26301e-09
6.80283e-10
-1.63299e-09
-5.96419e-10
-5.56351e-10
1.01954e-08
7.73446e-10
-2.78804e-09
3.36172e-09
6.71721e-11
8.4563e-09
1.16439e-08
-9.72396e-09
-7.05087e-09
-5.93716e-09
-7.11565e-10
-4.07147e-09
3.61876e-09
-3.54383e-10
2.68551e-10
8.50242e-09
-2.49777e-10
2.18532e-09
-1.00652e-08
8.94023e-09
9.10149e-09
1.16712e-10
-7.96582e-09
3.43095e-09
-9.6876e-09
-1.85739e-08
1.02314e-09
7.19281e-09
-1.64001e-09
3.96315e-10
1.4762e-09
1.83465e-10
3.18123e-10
-1.85922e-08
1.85915e-08
-1.89501e-08
1.8969e-08
1.48232e-09
-7.40176e-10
3.85425e-09
1.33499e-09
8.46323e-10
6.05951e-11
3.23967e-10
5.12272e-10
-2.16355e-09
3.65391e-09
-7.9618e-09
1.52748e-09
6.36679e-09
1.22242e-09
-1.07817e-08
-9.0872e-10
5.96802e-10
2.10546e-09
1.78957e-09
4.2313e-09
1.91212e-09
-1.32514e-09
2.97709e-09
-6.44635e-11
1.98671e-10
2.80103e-09
-1.24884e-08
9.40289e-09
1.08064e-09
1.14349e-09
-6.13459e-10
-1.87401e-10
-9.05535e-09
-7.26748e-09
-3.90891e-09
-4.63219e-09
-1.13394e-09
9.73124e-10
5.6904e-09
-9.61916e-10
5.05304e-11
1.98609e-09
8.13711e-09
-8.36651e-09
-8.47122e-09
-2.81224e-09
2.0959e-10
2.96194e-09
8.14599e-09
1.08703e-09
2.0815e-09
8.60358e-10
-1.2006e-10
-8.84165e-10
1.26181e-09
5.9644e-10
-3.64098e-09
6.4868e-09
4.85625e-09
2.4872e-10
6.4171e-10
8.84494e-09
-3.57589e-11
7.16279e-10
1.82429e-08
2.23015e-09
-1.32921e-09
4.56727e-09
-1.06744e-09
-1.32449e-10
-3.47018e-09
2.80607e-09
-6.83783e-09
7.50195e-09
6.66302e-10
-5.36612e-09
6.36813e-09
5.83197e-10
2.7716e-10
-5.55984e-10
-1.68936e-10
3.4044e-09
4.46216e-10
3.46202e-09
4.59008e-10
9.71939e-09
-1.82087e-08
1.81978e-08
2.1155e-09
4.77105e-10
1.05326e-09
1.12805e-09
4.76102e-09
2.20878e-10
-6.09001e-09
1.10812e-09
4.57761e-09
-6.98602e-09
1.14654e-09
2.22199e-10
6.50887e-10
-8.01577e-11
8.61162e-10
4.74098e-09
-5.58682e-09
-1.30393e-10
4.11708e-10
6.53968e-11
-1.02548e-10
7.17222e-09
6.27023e-11
3.49005e-10
-7.68251e-09
1.03723e-09
1.71694e-09
1.05126e-08
7.53642e-09
-1.85782e-08
1.85788e-08
-1.89756e-08
1.8979e-08
-2.06837e-10
6.56931e-10
9.16955e-10
-1.09787e-09
-1.23218e-10
-3.60886e-09
2.60714e-09
4.6678e-09
7.19989e-09
3.37143e-09
-3.12924e-09
-7.44207e-09
-8.2342e-10
1.82107e-09
-1.80741e-09
1.19673e-09
-1.52694e-10
6.74985e-09
1.0725e-11
8.10306e-09
1.35908e-09
-8.33592e-09
8.31029e-09
-8.4332e-09
8.40606e-09
7.24396e-09
2.07544e-10
4.46089e-09
-4.31188e-09
4.33108e-10
4.52286e-10
1.52583e-10
-6.20082e-10
3.56801e-10
-7.59697e-09
1.58416e-10
-1.04446e-10
1.30041e-10
-1.81948e-08
1.8179e-08
-1.85671e-08
1.85661e-08
-1.89682e-08
1.89677e-08
1.02088e-09
5.73609e-09
7.10133e-11
1.94847e-09
-8.65667e-09
-2.41763e-09
1.38429e-09
-1.14628e-09
-1.88411e-09
-5.7972e-10
-1.45636e-09
-8.0788e-09
8.07655e-09
5.38274e-09
5.3796e-09
-7.51785e-11
-6.75275e-10
-8.30786e-09
8.28666e-09
-8.40255e-09
8.3809e-09
-2.35913e-09
-7.08854e-10
-4.37149e-09
-2.07846e-10
-1.06234e-08
-1.07467e-08
8.8133e-09
1.79921e-09
-5.66758e-09
-1.00645e-09
-6.94444e-09
-1.28514e-08
1.37511e-08
-7.71009e-09
-3.96582e-09
-8.50403e-09
-3.92209e-10
-4.7567e-10
2.83574e-10
-1.85486e-08
1.855e-08
-1.89501e-08
1.8952e-08
-4.56008e-09
1.82105e-08
-9.60665e-09
8.95151e-09
-1.27839e-10
2.08905e-09
1.81628e-08
-8.28878e-09
8.26679e-09
-8.38233e-09
8.36014e-09
-1.697e-08
-1.65802e-08
-1.70524e-08
-1.6178e-08
6.41582e-10
-1.58795e-08
7.41818e-09
3.37634e-09
-9.51738e-10
-9.22616e-10
6.9109e-10
-8.04884e-09
8.05167e-09
-1.85379e-08
1.85342e-08
-1.89396e-08
1.89362e-08
-7.32269e-10
6.10809e-10
4.62818e-11
-4.66395e-10
2.24141e-09
2.02025e-09
-2.99481e-09
-1.65942e-09
-1.0562e-08
1.52163e-08
-1.71237e-08
4.50951e-09
-5.85054e-11
9.70198e-10
3.31942e-10
1.57869e-08
-5.14787e-10
-1.81649e-08
1.81486e-08
-5.07419e-09
-6.09316e-09
-8.27212e-09
8.25197e-09
-8.36513e-09
8.34515e-09
4.67283e-10
1.30388e-10
-1.11096e-08
5.47552e-09
-5.11254e-09
1.3297e-09
-1.49101e-09
-6.25365e-10
-8.02501e-09
8.02686e-09
-1.34619e-08
6.89514e-09
-1.85238e-08
1.85262e-08
-1.89251e-08
1.89277e-08
1.08345e-09
-8.06017e-09
-2.36851e-09
2.46029e-09
-7.97728e-09
1.58537e-10
-5.49581e-09
1.24088e-08
6.98408e-10
-2.28056e-09
-6.90482e-09
1.35179e-10
-8.25199e-09
8.2217e-09
-8.34514e-09
8.31477e-09
3.60072e-09
6.88353e-09
5.33129e-09
-9.09362e-09
-8.56018e-09
-1.80112e-11
-8.21504e-10
1.93574e-10
9.00499e-10
1.85855e-08
1.89763e-08
-8.3737e-09
4.0519e-10
-2.57958e-09
1.4181e-08
1.81236e-08
-1.85098e-08
-1.89107e-08
8.03406e-09
4.3155e-10
-3.89858e-10
-4.3884e-10
3.97148e-10
-2.43167e-09
3.09999e-10
-2.10985e-09
1.07976e-10
-5.70911e-10
-8.49152e-11
-2.39386e-09
-1.16432e-08
-7.52619e-10
7.97977e-09
1.25885e-09
-8.48599e-09
2.27563e-09
5.569e-09
-3.94271e-10
1.81957e-08
7.25104e-09
-7.98452e-09
7.9878e-09
-1.10083e-09
-4.7188e-10
-4.89986e-11
8.90716e-09
8.16288e-09
-6.86521e-09
-1.52602e-09
-8.93734e-09
1.8549e-09
-8.63147e-09
7.04247e-11
9.39723e-09
2.87444e-09
-6.78939e-09
7.3632e-09
-3.95164e-09
-8.17978e-10
1.56043e-09
-1.97832e-08
-8.66826e-10
-2.49394e-09
1.00164e-09
-5.51677e-10
1.35691e-08
-5.45926e-10
-1.5599e-10
-4.47453e-09
-8.20602e-09
8.1682e-09
-8.29875e-09
8.26061e-09
-9.5e-10
2.25137e-09
2.60322e-09
-4.06192e-10
-6.39751e-11
-8.51785e-09
-7.97353e-09
5.59736e-09
-2.06228e-09
1.81072e-08
-1.30504e-08
1.07811e-08
-5.91369e-09
-1.84949e-08
-1.88953e-08
-4.62802e-09
6.79376e-11
7.51562e-09
-5.95724e-09
-8.29727e-09
-5.83001e-09
7.38663e-09
6.01736e-09
-7.95156e-09
7.95936e-09
2.02582e-08
-5.67969e-09
-1.71581e-08
6.51207e-10
4.73529e-10
-1.4733e-09
-7.02313e-09
5.03357e-10
-4.08034e-09
4.91928e-09
6.54634e-09
-8.18156e-09
8.15704e-09
-8.2737e-09
8.24888e-09
1.02432e-09
-6.54911e-09
4.37012e-10
1.6988e-10
-8.07299e-09
-5.77692e-11
1.80792e-08
-7.02121e-10
-1.84869e-08
1.8497e-08
-1.88868e-08
1.88974e-08
1.3002e-09
1.7288e-09
3.17914e-10
-2.99947e-09
1.34948e-10
-4.68468e-09
-7.92523e-09
7.93653e-09
-8.17227e-09
8.14973e-09
-8.26372e-09
8.24112e-09
6.84097e-09
-8.1774e-09
-8.11969e-09
-5.20401e-09
8.79203e-11
-2.69672e-09
-1.8481e-08
1.84828e-08
-1.88807e-08
1.88825e-08
3.3188e-09
-2.89939e-09
8.93727e-09
-1.52505e-09
-7.86102e-09
-6.56124e-09
1.80664e-08
1.7867e-09
-8.15802e-09
8.12592e-09
-8.24957e-09
8.2175e-09
3.09724e-09
8.06621e-09
-3.02054e-09
8.67574e-09
6.71133e-10
-1.21909e-09
1.15912e-09
8.41708e-10
5.37419e-09
-5.20035e-09
7.22976e-10
-5.24208e-09
7.80119e-10
5.54405e-10
5.31137e-11
-7.89709e-09
7.91047e-09
-1.84584e-08
-1.88574e-08
2.65553e-11
3.20812e-10
7.97616e-09
-8.04716e-10
9.12242e-10
-9.61572e-09
1.80534e-08
2.31956e-09
-8.1355e-09
8.10879e-09
-8.22709e-09
8.20019e-09
5.86945e-09
-1.84469e-08
1.84613e-08
-1.88454e-08
1.88603e-08
-7.58953e-09
9.61473e-09
-7.88413e-09
7.90618e-09
-6.37665e-09
-3.88517e-10
8.8932e-10
-1.80082e-08
3.38824e-09
1.35223e-08
-9.58998e-09
-8.12758e-09
8.10679e-09
-8.21838e-09
8.19721e-09
3.19334e-10
1.74026e-08
-1.69158e-08
-2.08533e-10
8.06334e-09
-3.99326e-09
-2.90396e-10
-2.06034e-09
6.34399e-09
-1.81353e-08
1.71615e-08
-1.85245e-08
1.7527e-08
1.34529e-09
-1.84404e-08
-1.88384e-08
-2.48881e-09
-6.07037e-10
-6.12038e-09
1.04014e-09
1.80633e-08
5.17788e-09
-7.82705e-10
-9.43519e-09
8.74325e-10
4.50329e-09
-3.6304e-09
-6.38078e-09
4.23308e-09
1.10517e-09
-8.20177e-09
8.36439e-09
-8.29218e-09
8.45658e-09
-2.87066e-09
1.71686e-11
-8.33269e-09
-3.81065e-09
-3.01936e-09
3.97514e-10
-1.45039e-09
4.07223e-09
2.97602e-09
1.60329e-09
1.91798e-09
-5.91819e-09
-7.59348e-09
5.79694e-10
3.18387e-10
4.30305e-09
-1.27587e-08
7.33256e-09
1.32771e-09
8.0134e-09
-4.6276e-10
8.61992e-10
-7.69713e-10
3.70481e-10
-5.40428e-10
6.84326e-10
-7.77913e-09
4.14253e-10
-7.90979e-09
7.97576e-09
1.37094e-08
7.68085e-09
2.02367e-09
-6.15811e-10
2.82521e-09
9.54843e-09
-6.12977e-09
-1.64835e-08
1.01023e-08
1.25109e-08
-5.98527e-09
-1.72642e-10
7.50558e-09
-1.06505e-08
9.0312e-09
-4.6031e-09
8.7746e-09
8.21621e-09
8.30927e-09
2.09141e-09
-2.1093e-09
2.00173e-08
-1.99994e-08
8.09514e-09
-6.45184e-09
-6.84365e-09
7.97538e-09
7.52699e-09
-5.25028e-09
-9.01186e-09
1.24163e-08
-9.11307e-09
1.25751e-08
1.24928e-10
1.47704e-09
6.03829e-09
-8.31575e-09
-5.42126e-09
-2.74427e-09
4.46056e-10
1.38679e-08
7.03607e-10
-1.10573e-09
-4.8414e-10
-2.90928e-10
2.25855e-10
-5.3111e-11
1.33776e-09
8.18423e-09
8.27675e-09
1.43521e-09
-1.03172e-09
8.63167e-09
-9.03516e-09
7.94913e-09
-6.02963e-09
-4.466e-10
7.36618e-10
1.27627e-09
-1.75903e-08
-1.96591e-11
-5.29686e-09
-4.38832e-09
3.65553e-09
7.17785e-09
6.2077e-10
3.41195e-10
-7.98164e-10
-1.1064e-09
1.035e-10
-1.39122e-10
3.56218e-11
1.43551e-09
-8.61302e-09
9.00486e-09
1.38108e-08
3.17627e-10
8.1177e-10
7.84147e-09
-8.65324e-09
6.86341e-09
2.18654e-09
-3.48948e-09
3.94982e-09
8.89636e-09
1.67256e-09
-4.27499e-09
7.99267e-10
4.48189e-09
-1.00617e-09
-1.05758e-09
8.69906e-09
7.92414e-09
-1.95247e-09
7.34258e-09
-6.70453e-09
-2.02854e-09
2.13072e-09
6.60236e-09
-1.43439e-08
-7.8427e-09
8.4016e-09
1.63913e-08
1.18798e-10
-8.67897e-09
2.79865e-09
-2.22639e-09
8.78434e-09
-2.51655e-11
1.45435e-10
5.87947e-11
-1.79065e-10
-5.74032e-10
-8.40887e-09
1.18507e-08
1.02713e-08
-9.90379e-09
-5.32116e-09
1.87231e-08
-1.83915e-08
4.98955e-09
7.90684e-09
5.17114e-09
-8.29191e-09
1.39527e-08
-1.86288e-10
-1.36476e-08
4.22457e-09
8.14157e-09
8.23345e-09
-4.66017e-09
7.77283e-10
1.16937e-10
7.0889e-09
-1.95133e-09
1.64969e-09
-1.58501e-08
8.78982e-09
1.04109e-08
5.67866e-09
1.10451e-10
-8.13889e-09
5.08732e-10
2.14045e-10
-4.10831e-10
-3.11946e-10
1.2905e-08
9.1347e-09
7.9128e-09
-8.00538e-09
8.04852e-09
-1.20267e-09
5.16668e-09
2.3534e-09
7.42822e-09
-6.47947e-09
-1.94762e-09
-3.22239e-10
2.29394e-08
-1.52205e-08
4.79954e-09
-2.22737e-09
8.68467e-09
-6.72335e-09
1.36943e-09
2.94845e-09
6.10201e-10
4.93011e-10
4.61125e-10
8.15582e-09
8.24633e-09
-1.3532e-08
-7.88243e-09
1.90034e-09
5.37001e-09
-6.80587e-09
-3.28552e-09
8.99551e-09
8.3698e-09
-9.04839e-10
-7.43984e-09
2.71135e-10
1.42589e-09
5.41749e-09
-1.63705e-09
1.09505e-09
5.92474e-09
-1.68836e-08
4.16847e-10
-4.31391e-09
4.15126e-09
-3.82812e-09
-7.74654e-09
-3.75851e-09
-7.96794e-10
-5.92256e-09
-7.49357e-09
8.88217e-09
6.99465e-10
-9.02821e-09
9.38492e-09
-3.5671e-10
-6.97505e-09
6.38996e-11
-1.86544e-08
1.54446e-08
-2.54849e-09
-1.94464e-08
1.83163e-08
5.04587e-09
-8.09487e-10
4.985e-11
1.37032e-08
4.28977e-10
-1.54665e-08
3.16668e-10
1.54692e-08
-1.16216e-08
-1.49543e-08
1.17957e-09
1.45865e-08
5.23429e-09
4.50546e-09
-1.72846e-09
-2.1551e-09
1.51356e-09
8.09307e-09
5.67867e-10
-6.08577e-09
1.45775e-09
-8.42501e-09
-1.16049e-09
9.5855e-09
-1.12686e-08
1.86038e-08
-2.18914e-09
-5.14597e-09
-6.37237e-09
7.16293e-09
-7.9057e-10
1.0616e-08
-6.14223e-10
-9.07057e-09
-9.3117e-10
-4.16159e-09
1.19108e-08
-1.00966e-08
5.09436e-10
1.83626e-08
-7.73954e-11
7.1391e-09
-2.1406e-09
8.05863e-09
7.99613e-09
5.56203e-09
-6.12611e-10
5.40096e-12
-1.09017e-08
1.33441e-08
2.11364e-08
1.35878e-09
-7.42463e-09
1.59027e-08
1.07208e-08
9.03907e-09
1.05873e-08
8.89025e-09
-5.69694e-11
-7.39834e-10
-1.76408e-09
7.0021e-10
1.8037e-09
-8.53161e-09
5.33224e-11
-3.1045e-10
2.10265e-10
-6.00881e-09
-1.37871e-08
1.08644e-08
1.06707e-08
1.01586e-08
-8.08238e-09
-1.57498e-09
1.4905e-09
8.16685e-09
-1.50633e-09
2.10316e-09
-1.74072e-09
1.39517e-08
2.01364e-09
-1.78687e-09
2.26862e-09
5.94519e-09
-1.71946e-08
1.25332e-09
8.32815e-10
8.80777e-09
-5.59921e-09
-4.58788e-09
-7.7417e-10
3.63654e-09
1.99623e-08
-2.35654e-08
3.24536e-09
-3.17383e-09
-6.08509e-09
-1.9429e-09
1.99976e-09
1.97975e-09
-3.08966e-09
-2.6995e-09
4.15606e-10
2.38846e-10
-2.95815e-10
-8.84592e-09
1.77295e-09
3.04474e-09
3.30536e-09
-1.37384e-09
-3.44487e-09
7.7795e-11
3.37034e-09
-2.82207e-09
1.55539e-08
3.80521e-09
-2.708e-09
-5.7796e-10
7.82024e-10
-2.41361e-09
1.04544e-09
-1.53287e-08
1.07735e-08
-6.71344e-09
-8.2156e-09
-1.81672e-09
3.77861e-09
-1.76608e-10
-6.00665e-10
5.41127e-10
1.72162e-09
-1.76157e-08
4.27581e-10
-1.73944e-09
1.37847e-09
-2.57371e-10
9.23657e-09
-8.25368e-09
1.93197e-09
-6.75941e-09
-2.71894e-09
9.46741e-10
2.50395e-09
-2.30317e-09
6.97538e-09
-8.05336e-09
-8.83346e-09
-1.94752e-10
1.81559e-08
-2.11649e-08
4.73054e-09
-1.92132e-09
-1.2028e-08
-7.84789e-09
7.46146e-09
-2.28974e-09
-2.85561e-09
3.10406e-09
8.50619e-09
-1.22475e-09
9.5532e-09
-1.34925e-08
6.91143e-10
-2.08504e-09
-1.30767e-09
1.09189e-09
9.12841e-09
-9.19175e-09
7.46478e-10
-7.31805e-09
-2.43229e-10
-5.92058e-10
6.41908e-10
4.1069e-11
1.27692e-09
-8.86683e-09
9.79196e-09
1.23045e-08
-1.32296e-08
1.03214e-09
7.98889e-09
7.14631e-09
1.4924e-08
-1.1614e-09
-1.67574e-08
9.33675e-10
-5.57422e-09
6.07663e-10
-2.07682e-08
1.28419e-08
4.39817e-10
5.2615e-10
-1.13555e-08
-4.79529e-09
-1.32305e-08
-8.32751e-10
6.91842e-10
1.87568e-08
-1.21858e-08
-5.65096e-10
2.88069e-09
-1.06353e-08
1.56228e-09
1.1014e-09
-1.26686e-09
1.60042e-09
9.27506e-11
-9.25095e-11
4.31096e-11
7.01618e-09
4.61373e-10
-2.32885e-09
2.31353e-09
3.83412e-09
1.94182e-09
8.16306e-10
-1.44911e-09
1.27196e-09
1.691e-10
2.58057e-09
2.13326e-08
-2.47446e-10
-8.06542e-09
1.13959e-09
-7.25924e-10
-6.13268e-12
4.31017e-10
-3.8481e-10
-6.18512e-10
2.2371e-09
-4.69097e-09
7.46915e-09
-1.71063e-08
-4.81212e-09
5.07615e-09
6.76836e-10
3.35286e-10
-5.13996e-10
1.98795e-10
3.67557e-10
2.13611e-10
-2.68631e-10
-3.12537e-10
-1.46875e-08
1.14883e-08
-1.0537e-10
-1.06629e-10
1.49442e-10
2.06008e-09
-1.78598e-09
-8.33922e-09
-8.09359e-09
-9.2659e-10
-4.52626e-11
1.62808e-08
-4.30272e-10
-1.57831e-08
2.32693e-08
-1.08143e-09
-1.2945e-08
-4.1135e-10
-9.2131e-10
9.22813e-11
-4.66127e-11
1.80186e-10
2.45353e-09
-2.29455e-09
-6.56078e-10
3.09325e-10
-7.68929e-10
-3.86431e-11
-3.40741e-09
3.25153e-09
7.2774e-09
-7.1526e-09
-1.26181e-09
2.95706e-10
-2.63136e-10
-3.05405e-11
3.9727e-10
-3.6673e-10
1.83192e-10
-4.5534e-10
1.73218e-10
9.22415e-09
-1.1829e-09
-8.04125e-09
-7.98281e-09
2.44608e-09
-7.716e-09
3.12217e-10
-5.18083e-10
2.23382e-10
1.63576e-08
-6.83503e-09
3.96159e-10
-1.26548e-08
-1.62236e-08
6.55117e-10
2.65448e-10
2.07864e-10
-3.00308e-10
1.17e-08
2.92634e-10
-7.86604e-10
2.85112e-09
-8.14666e-09
5.29554e-09
-4.50356e-10
1.81088e-10
-3.25927e-10
2.18192e-10
-3.15722e-10
4.04056e-10
1.93057e-09
7.42612e-09
4.32035e-10
9.48398e-10
-5.88422e-10
3.18823e-09
-7.97096e-09
4.78272e-09
6.38914e-09
-8.99922e-09
-3.26677e-10
-5.02127e-10
3.34928e-10
1.85735e-10
5.0578e-09
-7.54343e-09
-4.83081e-10
4.36806e-10
4.31952e-10
1.53274e-10
-9.43128e-11
-1.6559e-10
5.42281e-09
-5.00569e-09
-3.52069e-10
1.94701e-10
1.57368e-10
-3.74535e-09
6.94269e-10
-8.75365e-09
-6.91318e-10
-6.79194e-11
-5.52803e-11
6.17704e-10
1.39564e-10
-1.43978e-10
1.44935e-09
-7.40762e-09
7.30357e-09
2.51823e-10
-5.21119e-10
3.61662e-10
2.13142e-08
-1.12815e-10
-8.92766e-09
-2.59392e-09
3.02816e-09
-4.31809e-10
4.61397e-10
-1.47766e-11
1.43774e-08
1.80063e-08
-1.74819e-08
4.48729e-09
-8.61187e-09
2.74697e-09
-8.37509e-10
-4.10876e-10
-3.95301e-10
1.13412e-09
-8.79099e-10
-1.57398e-10
1.97457e-10
2.20671e-10
9.42767e-09
7.91817e-09
-6.21863e-09
-3.21185e-11
6.77556e-10
-8.97813e-09
-5.01522e-10
5.95599e-10
-8.99298e-09
7.8458e-09
-2.40733e-09
-5.43847e-09
3.3816e-10
-9.77997e-09
8.20977e-09
1.23674e-09
-1.05197e-09
8.47568e-09
-9.13756e-09
6.61874e-10
-5.5063e-10
4.32462e-10
3.01633e-10
6.16118e-09
-1.23127e-08
-9.43511e-10
1.68718e-10
-9.56371e-11
-3.86327e-10
1.59795e-08
-1.62048e-08
-1.01452e-10
-3.47956e-10
5.3757e-10
-4.99414e-09
5.51825e-09
1.80796e-08
2.57115e-09
1.66427e-08
-1.67423e-08
1.25807e-10
-1.50917e-09
1.81249e-09
1.36489e-08
3.11159e-09
-9.19736e-09
2.02791e-11
-2.02791e-11
-8.00263e-09
-4.85937e-09
-8.6904e-09
3.42529e-10
8.01375e-09
-2.66098e-10
5.97291e-10
1.18139e-10
5.57356e-09
-1.16853e-10
-5.4567e-09
5.49027e-09
5.59053e-09
5.26208e-09
-5.41872e-10
4.34839e-10
-1.69817e-08
-1.99425e-10
-4.88896e-09
1.28007e-08
-7.10082e-09
-2.63323e-10
-8.89853e-09
5.49608e-09
-7.62148e-10
2.14685e-09
-1.82835e-08
8.68903e-09
1.64484e-08
-7.69386e-09
-1.25869e-08
-3.25634e-09
3.35981e-09
-7.93228e-09
8.47918e-09
-1.63063e-09
2.28614e-09
-2.83458e-09
-1.07289e-08
1.68974e-08
-3.20745e-10
-8.88295e-11
1.74413e-08
-8.38299e-10
-9.7747e-09
1.0469e-08
-1.97441e-08
-1.68357e-10
1.71172e-10
-8.10753e-09
-1.11676e-08
2.56984e-10
2.74868e-10
1.59053e-08
-1.30752e-08
3.41716e-09
-6.24724e-09
-1.81526e-09
2.35704e-09
-8.01929e-09
2.90279e-10
-1.24629e-09
4.93526e-09
-6.53134e-09
-7.75535e-09
-1.05325e-08
8.23264e-09
-8.00262e-09
8.06931e-09
-1.94278e-09
9.26737e-09
1.12459e-08
2.75713e-09
8.07921e-09
-1.97241e-09
2.83047e-09
-6.23102e-10
6.19666e-09
-1.39187e-09
-1.07988e-08
1.70807e-08
-2.19475e-09
-1.71581e-09
-1.00936e-08
-9.21774e-10
-1.41621e-08
1.7339e-08
7.3064e-09
-7.91492e-10
-6.39699e-09
5.91019e-09
1.7649e-10
-2.3272e-10
-3.94126e-10
3.79592e-09
3.36702e-09
-7.54517e-09
8.89474e-09
-2.14014e-09
1.25981e-10
5.37404e-10
7.18458e-09
-1.05244e-10
6.6365e-09
5.30922e-09
-6.07496e-09
1.12993e-09
1.5172e-08
3.10557e-09
1.23109e-10
-8.25389e-09
9.50551e-10
-6.15787e-10
8.35426e-09
-2.11339e-08
1.51374e-09
2.56978e-10
-1.30926e-10
-1.19973e-11
-1.74204e-08
1.85874e-08
-4.60552e-10
-1.5247e-08
-1.12391e-08
3.8721e-09
-3.37209e-09
-1.64788e-08
1.96523e-08
-1.74449e-09
-4.10764e-10
3.36649e-10
2.87725e-10
-4.14521e-10
4.72618e-10
-7.02599e-09
1.97179e-08
7.64835e-10
3.32366e-10
9.85584e-11
-1.39551e-10
1.05845e-10
4.13869e-11
1.66666e-08
-5.50547e-10
1.78003e-08
1.42331e-10
2.84165e-09
-3.4842e-10
-2.29483e-10
2.51976e-10
-6.52254e-09
-1.04964e-09
6.94908e-09
9.17226e-10
-1.17589e-09
-1.08028e-08
5.54889e-09
1.61003e-08
2.55234e-09
-1.17162e-08
-6.08307e-09
2.79158e-09
5.98921e-09
-1.28421e-08
-1.44725e-09
2.3331e-09
-8.95845e-09
-6.76703e-09
7.66645e-09
3.83386e-10
1.24189e-09
-9.52716e-10
1.89855e-08
8.25567e-09
-1.79484e-08
1.19226e-10
-1.8733e-09
6.24052e-09
1.19904e-08
1.80947e-10
1.01786e-10
-8.98009e-10
1.26005e-10
1.3097e-10
1.76255e-08
-1.31015e-08
7.46409e-09
5.74046e-11
-1.83951e-09
7.13322e-11
-2.08779e-09
1.26751e-08
-2.95268e-09
1.25382e-08
-2.10646e-09
1.28273e-08
-1.60066e-09
2.9539e-09
-2.09665e-09
1.97344e-09
7.73169e-10
-1.7001e-08
4.17942e-09
-7.05523e-09
-7.52797e-11
1.45736e-08
-5.19004e-09
-3.23675e-11
-7.06885e-09
6.27587e-10
-5.87012e-10
4.74162e-09
6.8993e-09
-1.44167e-08
7.37522e-09
1.17492e-08
-8.4786e-09
-7.29116e-09
1.95155e-09
-4.75168e-10
-1.10109e-08
-4.15107e-09
8.46519e-09
-9.02457e-10
-1.44139e-09
-7.53032e-09
-4.12378e-10
5.23114e-10
-6.57926e-10
-8.36011e-09
-1.66079e-09
5.05169e-09
2.30923e-09
7.51068e-09
-1.30889e-10
-9.51252e-09
1.07555e-11
-1.61126e-10
8.74855e-09
1.75412e-10
3.2452e-11
-1.25343e-09
2.02244e-10
-3.03736e-10
8.92666e-09
-8.55556e-09
1.51911e-08
3.70368e-09
-1.5055e-10
-1.14329e-08
6.44528e-09
9.80837e-10
2.95433e-09
7.90546e-09
-3.39517e-09
-7.99625e-11
1.34831e-10
2.7607e-09
1.53434e-09
1.08836e-09
-2.18055e-09
-2.66382e-09
8.69241e-09
-2.51483e-11
9.53159e-10
3.15581e-10
3.48381e-09
8.56717e-09
-2.2807e-10
-4.18221e-10
-4.46864e-10
1.92457e-10
-1.58564e-10
-5.30888e-09
-3.46617e-09
-2.429e-09
-5.67306e-09
-4.29522e-10
-6.32367e-11
-6.9558e-09
-2.45828e-11
5.02162e-09
4.56629e-09
-4.46335e-10
-8.60006e-10
7.61602e-09
-3.21278e-09
-3.27568e-10
-2.12563e-10
-4.41143e-10
-1.05607e-10
-7.76945e-09
7.48863e-09
-7.1541e-09
3.90336e-10
1.13096e-10
-1.41572e-10
1.38145e-10
-1.55975e-10
-1.12239e-08
1.14232e-08
5.76676e-09
-3.02545e-09
9.20586e-09
-1.46753e-08
-3.40308e-10
5.66422e-10
6.72719e-09
-5.12716e-11
-1.41879e-10
)
;

boundaryField
{
    back
    {
        type            empty;
        value           nonuniform List<scalar> 0();
    }
    ingreso
    {
        type            calculated;
        value           nonuniform List<scalar> 
28
(
-9.35669e-09
-9.35669e-09
-9.3565e-09
-9.35659e-09
-9.35572e-09
-9.35669e-09
-9.35669e-09
-9.35611e-09
-9.35669e-09
-9.35659e-09
-9.35669e-09
-9.35669e-09
-9.3565e-09
-9.35669e-09
-9.35669e-09
-9.35659e-09
-9.35659e-09
-9.35669e-09
-9.35669e-09
-9.35655e-09
-9.35572e-09
-9.35669e-09
-9.35669e-09
-9.35669e-09
-9.3565e-09
-9.35669e-09
-9.35653e-09
-9.35659e-09
)
;
    }
    salida
    {
        type            calculated;
        value           nonuniform List<scalar> 
12
(
2.65249e-08
2.59764e-08
2.53709e-08
1.42552e-08
1.52025e-08
1.47909e-08
2.78181e-08
2.73016e-08
2.69846e-08
1.88778e-08
1.93505e-08
1.95301e-08
)
;
    }
    front
    {
        type            empty;
        value           nonuniform List<scalar> 0();
    }
    defaultFaces
    {
        type            calculated;
        value           uniform 0;
    }
}


// ************************************************************************* //
