# Residuals   
# Time        	p             	Ux            	Uy            
0             	N/A	N/A
0.0119048     	1.000000e+00	1.000000e+00	1.000000e+00
0.0258503     	2.859393e-01	5.862321e-01	3.950868e-01
0.0422003     	1.044030e-01	5.262174e-01	4.998919e-01
0.0612753     	2.750212e-01	3.614098e-01	2.625703e-01
0.0832115     	1.698705e-01	2.213095e-01	2.030943e-01
0.109261      	3.472866e-01	1.822595e-01	1.093905e-01
0.139318      	2.556895e-01	1.404298e-01	1.032515e-01
0.175386      	8.539370e-01	1.698053e-01	1.006543e-01
0.215963      	3.959008e-01	2.138572e-01	1.511394e-01
0.256539      	6.673651e-01	2.664774e-01	1.842519e-01
0.29132       	4.969180e-01	2.881162e-01	2.140483e-01
0.317405      	6.281173e-01	2.426903e-01	1.811669e-01
0.34349       	5.667452e-01	2.099342e-01	1.449291e-01
0.369575      	6.184188e-01	1.723298e-01	1.149564e-01
0.39566       	6.104526e-01	1.522973e-01	8.967092e-02
0.421745      	6.737254e-01	1.285959e-01	7.583266e-02
0.44783       	6.820580e-01	1.156012e-01	6.382428e-02
0.473915      	7.810327e-01	1.020868e-01	5.765104e-02
0.5           	7.893616e-01	9.536863e-02	5.211971e-02
0.529412      	7.452835e-01	9.894743e-02	5.545447e-02
0.560784      	8.350305e-01	1.154749e-01	6.331597e-02
0.59457       	8.426856e-01	1.412643e-01	7.818105e-02
0.631427      	8.920557e-01	1.889077e-01	1.053393e-01
0.67238       	9.137495e-01	2.640858e-01	1.521585e-01
0.713332      	9.370849e-01	3.540213e-01	2.170370e-01
0.754285      	9.619897e-01	4.392628e-01	2.913439e-01
0.795237      	9.564656e-01	5.146658e-01	3.727448e-01
0.83619       	9.773487e-01	5.715301e-01	4.488751e-01
0.877142      	9.745632e-01	6.093945e-01	5.117991e-01
0.918095      	9.738708e-01	6.212409e-01	5.450370e-01
0.945397      	9.771872e-01	5.412983e-01	4.673339e-01
0.972698      	9.492704e-01	4.776309e-01	3.884113e-01
1             	9.406448e-01	4.310586e-01	3.226171e-01
1.02778       	9.324030e-01	4.058868e-01	2.812313e-01
1.05556       	9.318714e-01	3.940107e-01	2.595178e-01
1.0817        	9.354855e-01	3.729181e-01	2.367346e-01
1.10784       	9.351495e-01	3.482215e-01	2.128328e-01
1.13399       	9.258236e-01	3.240337e-01	1.909610e-01
1.16013       	9.203957e-01	3.015996e-01	1.718917e-01
1.18627       	9.143426e-01	2.799085e-01	1.549187e-01
1.21242       	9.099216e-01	2.585297e-01	1.392588e-01
1.23856       	9.027246e-01	2.369959e-01	1.246571e-01
1.26471       	8.945786e-01	2.155491e-01	1.108255e-01
1.29085       	8.842272e-01	1.942446e-01	9.778015e-02
1.31699       	8.723679e-01	1.734342e-01	8.562810e-02
1.34314       	8.580939e-01	1.533238e-01	7.443000e-02
1.36928       	8.407833e-01	1.343230e-01	6.420938e-02
1.39542       	8.210771e-01	1.166247e-01	5.503489e-02
1.42157       	7.979598e-01	1.004331e-01	4.685906e-02
1.44771       	7.708331e-01	8.595689e-02	3.969692e-02
1.47386       	7.396831e-01	7.318268e-02	3.350309e-02
1.5           	7.031554e-01	6.191536e-02	2.822412e-02
1.52778       	6.628932e-01	5.485363e-02	2.498182e-02
1.55729       	6.354477e-01	5.134398e-02	2.364936e-02
1.58891       	6.216497e-01	5.112881e-02	2.350837e-02
1.62054       	6.212123e-01	5.043414e-02	2.331265e-02
1.65216       	6.169027e-01	4.946392e-02	2.253515e-02
1.68378       	6.129163e-01	4.770811e-02	2.173431e-02
1.71892       	6.060133e-01	4.992417e-02	2.253387e-02
1.75405       	6.220590e-01	5.160205e-02	2.381442e-02
1.78919       	6.285662e-01	5.395292e-02	2.423673e-02
1.82432       	6.408190e-01	5.516149e-02	2.472809e-02
1.85946       	6.482167e-01	5.613751e-02	2.507300e-02
1.89459       	6.530551e-01	5.672325e-02	2.530891e-02
1.92973       	6.551145e-01	5.698994e-02	2.542152e-02
1.96486       	6.564748e-01	5.693094e-02	2.536601e-02
2             	6.550468e-01	5.653531e-02	2.520666e-02
2.03846       	6.538369e-01	6.008058e-02	2.644536e-02
2.08042       	6.729583e-01	6.800506e-02	3.038947e-02
2.12238       	7.037308e-01	7.761880e-02	3.510256e-02
2.16434       	7.292623e-01	8.803659e-02	3.923228e-02
2.20629       	7.560761e-01	9.806419e-02	4.394377e-02
2.24825       	7.769450e-01	1.085144e-01	4.899583e-02
2.29021       	7.956108e-01	1.192024e-01	5.435910e-02
2.33217       	8.106191e-01	1.300401e-01	5.997771e-02
2.37413       	8.245467e-01	1.408037e-01	6.567829e-02
2.41608       	8.359075e-01	1.514040e-01	7.146048e-02
2.45804       	8.459330e-01	1.617321e-01	7.723183e-02
2.5           	8.539665e-01	1.717090e-01	8.294199e-02
2.54545       	8.609198e-01	1.915526e-01	9.350194e-02
2.59091       	8.759805e-01	2.124617e-01	1.071931e-01
2.63636       	8.860938e-01	2.341664e-01	1.199279e-01
2.68182       	8.958527e-01	2.536180e-01	1.332181e-01
2.72727       	9.021745e-01	2.707435e-01	1.454833e-01
2.77273       	9.066787e-01	2.842873e-01	1.557328e-01
2.81818       	9.102600e-01	2.939560e-01	1.632645e-01
2.86364       	9.121366e-01	2.998065e-01	1.680830e-01
2.89773       	9.156135e-01	2.542386e-01	1.404236e-01
2.93182       	8.909991e-01	2.056639e-01	1.038883e-01
2.96591       	8.482246e-01	1.652072e-01	8.047808e-02
3             	8.071648e-01	1.375985e-01	6.425682e-02
3.03846       	7.715450e-01	1.265293e-01	5.736196e-02
3.08042       	7.695343e-01	1.269811e-01	5.804709e-02
3.11856       	7.801416e-01	1.196459e-01	5.545810e-02
3.15671       	7.599472e-01	1.106937e-01	4.905441e-02
3.19485       	7.432001e-01	9.901860e-02	4.447465e-02
3.23299       	7.171983e-01	8.944846e-02	3.998189e-02
3.26637       	6.931139e-01	7.209817e-02	3.328592e-02
3.29975       	6.239447e-01	5.782362e-02	2.542997e-02
3.33312       	5.595926e-01	4.416428e-02	2.047114e-02
3.3665        	4.834827e-01	3.525573e-02	1.683047e-02
3.39987       	4.140582e-01	2.839388e-02	1.411853e-02
3.43325       	3.468741e-01	2.324192e-02	1.212429e-02
3.46662       	2.849872e-01	1.936919e-02	1.067257e-02
3.48331       	3.104353e-01	8.784762e-03	9.703788e-03
3.5           	1.690008e-01	1.067524e-02	6.542299e-03
3.51923       	8.597270e-02	6.488328e-03	5.035178e-03
3.54108       	4.339694e-02	6.325292e-03	5.272461e-03
3.56524       	3.309882e-02	6.603923e-03	5.534898e-03
3.59241       	2.872827e-02	7.363413e-03	5.784622e-03
3.62152       	2.604172e-02	7.567785e-03	6.338078e-03
3.65064       	2.747135e-02	7.773169e-03	6.629815e-03
3.67975       	2.519316e-02	8.195361e-03	6.551821e-03
3.70644       	2.845676e-02	7.372886e-03	6.458983e-03
3.73313       	2.158110e-02	8.035091e-03	5.798017e-03
3.75981       	2.093171e-02	7.263777e-03	5.716508e-03
3.7865        	1.718725e-02	7.226417e-03	5.617866e-03
3.81319       	1.739672e-02	7.149808e-03	5.568265e-03
3.83988       	1.621625e-02	7.071211e-03	5.483671e-03
3.86656       	1.602873e-02	7.024903e-03	5.381328e-03
3.89325       	1.704092e-02	6.965416e-03	5.324869e-03
3.91994       	1.587579e-02	6.901046e-03	5.233654e-03
3.94663       	1.693736e-02	6.841165e-03	5.157787e-03
3.96442       	8.051305e-02	4.501668e-03	5.796320e-03
3.98221       	6.937703e-02	7.191171e-03	4.382854e-03
4             	3.504393e-02	4.642378e-03	3.649447e-03
4.02          	3.449165e-02	5.240408e-03	3.749168e-03
4.04182       	2.238495e-02	4.998929e-03	3.964455e-03
4.06593       	1.899009e-02	5.590049e-03	4.202021e-03
4.09005       	3.161739e-02	5.423019e-03	4.597855e-03
4.11282       	2.669774e-02	5.566269e-03	4.431708e-03
4.1356        	1.771688e-02	5.845918e-03	4.075762e-03
4.15837       	1.808787e-02	5.475961e-03	4.070576e-03
4.18115       	1.494336e-02	5.453943e-03	4.028833e-03
4.20392       	1.404513e-02	5.405486e-03	3.977695e-03
4.22507       	2.467602e-02	4.963542e-03	3.953621e-03
4.24622       	1.926943e-02	5.352903e-03	3.682062e-03
4.26737       	1.642087e-02	4.921042e-03	3.650488e-03
4.28852       	1.560375e-02	4.913171e-03	3.590294e-03
4.30967       	1.485171e-02	4.873450e-03	3.601919e-03
4.33081       	1.487827e-02	4.847264e-03	3.594768e-03
4.34961       	2.997915e-02	4.276292e-03	3.612245e-03
4.36841       	2.419785e-02	4.878158e-03	3.258273e-03
4.38721       	1.677492e-02	4.279271e-03	3.202152e-03
4.40601       	1.434873e-02	4.279087e-03	3.176947e-03
4.42481       	1.446664e-02	4.248503e-03	3.182685e-03
4.4436        	1.422282e-02	4.230475e-03	3.157266e-03
4.4624        	1.463697e-02	4.218026e-03	3.150049e-03
4.4812        	1.583541e-02	4.207155e-03	3.147413e-03
4.5           	1.665297e-02	4.213846e-03	3.174457e-03
4.51923       	1.606531e-02	4.309341e-03	3.212505e-03
4.53846       	1.673050e-02	4.189583e-03	3.230146e-03
4.55769       	1.472437e-02	4.237205e-03	3.216554e-03
4.57692       	1.470346e-02	4.207102e-03	3.213221e-03
4.59615       	1.412256e-02	4.182625e-03	3.188570e-03
4.61538       	1.551489e-02	4.159293e-03	3.228701e-03
4.63462       	1.482585e-02	4.144615e-03	3.233488e-03
4.65385       	1.611426e-02	4.116622e-03	3.231587e-03
4.67308       	1.601116e-02	4.093474e-03	3.252497e-03
4.69231       	1.937200e-02	4.083980e-03	3.283634e-03
4.71154       	1.701008e-02	4.137100e-03	3.364969e-03
4.73077       	1.524586e-02	4.134827e-03	3.390777e-03
4.75          	1.578938e-02	4.119972e-03	3.430461e-03
4.76786       	2.540100e-02	3.830621e-03	3.392293e-03
4.78571       	2.073125e-02	4.130830e-03	3.431493e-03
4.80357       	1.512665e-02	3.875867e-03	3.363915e-03
4.82143       	1.681115e-02	3.882884e-03	3.404891e-03
4.83929       	2.277207e-02	3.911497e-03	3.476336e-03
4.85714       	1.549237e-02	3.905400e-03	3.496669e-03
4.875         	1.616829e-02	3.849080e-03	3.480564e-03
4.89286       	1.621618e-02	3.866800e-03	3.527779e-03
4.91071       	1.587111e-02	3.885619e-03	3.584452e-03
4.92857       	1.520021e-02	3.911698e-03	3.653348e-03
4.94643       	2.182842e-02	3.975679e-03	3.791429e-03
4.96429       	1.595957e-02	4.105659e-03	3.914469e-03
4.98214       	1.677648e-02	4.106859e-03	3.971557e-03
5             	1.601968e-02	4.163496e-03	4.035549e-03
5.01923       	2.161874e-02	4.551827e-03	4.483243e-03
5.03846       	2.524573e-02	4.364952e-03	4.483282e-03
5.05769       	1.776867e-02	4.629730e-03	4.577765e-03
5.07692       	2.071109e-02	4.684691e-03	4.729975e-03
5.09615       	2.171885e-02	4.860274e-03	4.922502e-03
5.11538       	1.921614e-02	4.820417e-03	4.910732e-03
5.13462       	2.001525e-02	4.880401e-03	4.991863e-03
5.15385       	1.875936e-02	4.994262e-03	5.094321e-03
5.17308       	1.866924e-02	5.120421e-03	5.245140e-03
5.19231       	1.762856e-02	5.266827e-03	5.359635e-03
5.21041       	2.878832e-02	5.048586e-03	5.350524e-03
5.22851       	2.544426e-02	5.471301e-03	5.471851e-03
5.24661       	2.271943e-02	5.218899e-03	5.368011e-03
5.2635        	2.994409e-02	4.943598e-03	5.308767e-03
5.28039       	2.515104e-02	5.286406e-03	5.422720e-03
5.29729       	2.051286e-02	5.160669e-03	5.301182e-03
5.31418       	1.904040e-02	5.252450e-03	5.392266e-03
5.33107       	2.305182e-02	5.352193e-03	5.522795e-03
5.34643       	3.357464e-02	5.069625e-03	5.484538e-03
5.36179       	2.883121e-02	5.508501e-03	5.475101e-03
5.37714       	2.440109e-02	5.178909e-03	5.267161e-03
5.3925        	2.196804e-02	5.239207e-03	5.359359e-03
5.40786       	1.919412e-02	5.310922e-03	5.398210e-03
5.42321       	2.135882e-02	5.400593e-03	5.480039e-03
5.43857       	2.606250e-02	5.535390e-03	5.625030e-03
5.45393       	2.240482e-02	5.802478e-03	5.803438e-03
5.46929       	2.009882e-02	5.783276e-03	5.778953e-03
5.48464       	2.113851e-02	5.717819e-03	5.829164e-03
5.5           	2.224434e-02	5.670997e-03	5.830950e-03
5.51613       	2.684490e-02	6.004623e-03	6.161659e-03
5.53281       	2.778485e-02	6.217125e-03	6.367934e-03
5.5495        	2.826368e-02	6.511558e-03	6.579526e-03
5.56618       	2.842194e-02	6.625883e-03	6.644368e-03
5.58287       	2.406814e-02	6.535201e-03	6.595510e-03
5.59956       	2.468634e-02	6.526139e-03	6.614365e-03
5.61624       	3.351325e-02	6.543906e-03	6.729983e-03
5.63293       	3.083912e-02	6.640181e-03	6.816344e-03
5.65041       	3.258664e-02	6.909807e-03	7.121509e-03
5.66788       	3.228712e-02	6.844495e-03	7.100057e-03
5.68536       	3.077441e-02	6.996555e-03	7.184539e-03
5.70284       	2.703267e-02	6.944798e-03	7.130038e-03
5.72032       	2.795450e-02	6.846648e-03	7.013336e-03
5.7378        	2.821332e-02	6.854564e-03	6.984156e-03
5.75528       	2.794122e-02	6.968637e-03	7.022789e-03
5.77276       	3.179392e-02	6.994227e-03	7.065490e-03
5.79024       	3.827195e-02	7.129020e-03	7.221050e-03
5.80772       	2.842831e-02	7.312796e-03	7.289847e-03
5.8252        	2.313973e-02	7.222956e-03	7.178804e-03
5.84268       	2.666757e-02	7.155467e-03	7.174046e-03
5.86016       	4.207494e-02	7.270605e-03	7.418527e-03
5.87764       	3.836680e-02	7.445494e-03	7.635012e-03
5.89512       	2.799292e-02	7.048255e-03	7.277583e-03
5.9126        	3.302023e-02	6.922419e-03	7.109497e-03
5.93008       	3.833746e-02	7.047082e-03	7.260076e-03
5.94756       	3.165840e-02	7.136544e-03	7.319386e-03
5.96504       	3.717794e-02	7.001622e-03	7.231969e-03
5.98252       	3.841686e-02	7.045803e-03	7.217383e-03
6             	4.134635e-02	7.095493e-03	7.160237e-03
6.01724       	3.260388e-02	7.243310e-03	7.177442e-03
6.03389       	3.467553e-02	6.910234e-03	6.889928e-03
6.05054       	4.294513e-02	7.005831e-03	6.903727e-03
6.06659       	3.431232e-02	6.737601e-03	6.564967e-03
6.08264       	4.126681e-02	6.781608e-03	6.662525e-03
6.09869       	3.444418e-02	6.749071e-03	6.678315e-03
6.11474       	3.731725e-02	6.576319e-03	6.631419e-03
6.13015       	4.602322e-02	6.348675e-03	6.505804e-03
6.14556       	4.904726e-02	6.827859e-03	6.726879e-03
6.16033       	4.329276e-02	6.497334e-03	6.494527e-03
6.17449       	3.770348e-02	6.326437e-03	6.218345e-03
6.18805       	3.168445e-02	6.064694e-03	5.882287e-03
6.20105       	2.682395e-02	5.802803e-03	5.631337e-03
6.21404       	3.000499e-02	5.769693e-03	5.529126e-03
6.22648       	4.578399e-02	5.457977e-03	5.388594e-03
6.23837       	4.389460e-02	5.623392e-03	5.506323e-03
6.24975       	3.410868e-02	5.422185e-03	5.166728e-03
6.26112       	2.854005e-02	5.242055e-03	5.013292e-03
6.2725        	2.980663e-02	5.047327e-03	4.908920e-03
6.28333       	3.025397e-02	4.783829e-03	4.704574e-03
6.29416       	2.534624e-02	4.940462e-03	4.736659e-03
6.305         	4.099688e-02	4.848968e-03	4.791107e-03
6.31583       	4.043649e-02	5.134006e-03	5.072960e-03
6.32666       	3.357411e-02	5.158939e-03	4.957429e-03
6.3375        	2.999436e-02	4.968782e-03	4.818310e-03
6.34833       	2.988895e-02	4.865760e-03	4.762712e-03
6.36          	3.811038e-02	5.247511e-03	5.131579e-03
6.37166       	3.437929e-02	5.152050e-03	5.046734e-03
6.38333       	3.359476e-02	5.243345e-03	5.120358e-03
6.395         	4.024506e-02	5.215143e-03	5.174395e-03
6.40666       	4.471662e-02	5.425812e-03	5.391711e-03
6.41833       	3.953728e-02	5.538035e-03	5.328738e-03
6.43          	3.457963e-02	5.469873e-03	5.264239e-03
6.44167       	3.033267e-02	5.425259e-03	5.194083e-03
6.45333       	3.389907e-02	5.371209e-03	5.131644e-03
6.465         	3.898745e-02	5.420768e-03	5.167888e-03
6.47667       	4.999416e-02	5.436605e-03	5.339915e-03
6.48833       	4.035468e-02	5.576457e-03	5.482003e-03
6.5           	3.501656e-02	5.457468e-03	5.333530e-03
6.51163       	3.719115e-02	5.370004e-03	5.270638e-03
6.52299       	3.903331e-02	5.377594e-03	5.212841e-03
6.53434       	3.583608e-02	5.524232e-03	5.290681e-03
6.5457        	3.571978e-02	5.444280e-03	5.257651e-03
6.55706       	4.247638e-02	5.451308e-03	5.456281e-03
6.56842       	4.019814e-02	5.501539e-03	5.392357e-03
6.57977       	4.132918e-02	5.248080e-03	5.262495e-03
6.59113       	4.119658e-02	5.290149e-03	5.221104e-03
6.60249       	4.000616e-02	5.285088e-03	5.162748e-03
6.61385       	3.877493e-02	5.258719e-03	5.116836e-03
6.6252        	4.148459e-02	5.348908e-03	5.185769e-03
6.63656       	4.474347e-02	5.465041e-03	5.238066e-03
6.64828       	4.510714e-02	5.793176e-03	5.398595e-03
6.65963       	3.878240e-02	5.454686e-03	5.161147e-03
6.67098       	3.812896e-02	5.542895e-03	5.185732e-03
6.68232       	3.754850e-02	5.459704e-03	5.114605e-03
6.69367       	3.424959e-02	5.398672e-03	5.025565e-03
6.70461       	4.093640e-02	5.145021e-03	4.886636e-03
6.71555       	4.099794e-02	5.288510e-03	4.920779e-03
6.72649       	3.370620e-02	5.259808e-03	4.836508e-03
6.73743       	3.428868e-02	5.256766e-03	4.796147e-03
6.74837       	3.353722e-02	5.240785e-03	4.781516e-03
6.75931       	3.386065e-02	5.289261e-03	4.802204e-03
6.77025       	3.829505e-02	5.355615e-03	4.849761e-03
6.78069       	3.995029e-02	5.102346e-03	4.662000e-03
6.79114       	3.911058e-02	5.059401e-03	4.538606e-03
6.80158       	3.305285e-02	4.842241e-03	4.390796e-03
6.81202       	3.707739e-02	4.754093e-03	4.343950e-03
6.82247       	3.259573e-02	4.807717e-03	4.312308e-03
6.83291       	3.593634e-02	4.799633e-03	4.341087e-03
6.84335       	3.213670e-02	4.879753e-03	4.358357e-03
6.8538        	3.219962e-02	4.824163e-03	4.317650e-03
6.86424       	3.114321e-02	4.806697e-03	4.283434e-03
6.87468       	3.330900e-02	4.788361e-03	4.255280e-03
6.88513       	3.346357e-02	4.794538e-03	4.236496e-03
6.89557       	3.506010e-02	4.863261e-03	4.344797e-03
6.90601       	3.515519e-02	4.858033e-03	4.320322e-03
6.91645       	3.586369e-02	4.798533e-03	4.354170e-03
6.9269        	3.477447e-02	4.777742e-03	4.324502e-03
6.93734       	3.059809e-02	4.718294e-03	4.275728e-03
6.94778       	3.074033e-02	4.668871e-03	4.231826e-03
6.95823       	3.056767e-02	4.628305e-03	4.202458e-03
6.96867       	3.262589e-02	4.582645e-03	4.163071e-03
6.97911       	3.603681e-02	4.554627e-03	4.136832e-03
6.98956       	3.465473e-02	4.637885e-03	4.176222e-03
7             	3.081652e-02	4.675649e-03	4.170072e-03
7.01087       	3.649977e-02	4.816935e-03	4.316166e-03
7.02174       	3.468712e-02	4.738214e-03	4.291421e-03
7.03286       	3.488558e-02	4.836507e-03	4.341550e-03
7.04398       	3.533062e-02	4.732452e-03	4.329910e-03
7.05511       	3.629728e-02	4.721053e-03	4.244144e-03
7.06623       	3.558469e-02	4.724472e-03	4.178312e-03
7.07735       	3.572921e-02	4.758388e-03	4.152171e-03
7.08847       	3.755352e-02	4.750772e-03	4.149310e-03
7.0996        	3.692131e-02	4.718294e-03	4.167068e-03
7.11072       	3.806918e-02	4.688060e-03	4.171846e-03
7.12184       	3.133353e-02	4.679553e-03	4.166302e-03
7.13296       	3.640706e-02	4.640653e-03	4.233282e-03
7.14408       	4.151768e-02	4.603032e-03	4.260094e-03
7.15521       	3.508962e-02	4.681428e-03	4.246276e-03
7.16633       	4.011554e-02	4.641683e-03	4.175474e-03
7.17745       	3.809099e-02	4.569919e-03	4.093002e-03
7.18857       	4.405501e-02	4.603770e-03	4.087492e-03
7.1997        	3.534881e-02	4.589193e-03	4.067937e-03
7.21082       	3.842318e-02	4.569942e-03	4.063397e-03
7.22194       	4.053776e-02	4.596593e-03	4.057608e-03
7.23306       	3.582688e-02	4.586166e-03	4.051443e-03
7.24419       	3.227515e-02	4.500623e-03	4.018029e-03
7.25531       	3.345171e-02	4.418869e-03	4.019360e-03
7.26643       	4.169006e-02	4.434703e-03	4.137268e-03
7.27755       	5.071902e-02	4.510691e-03	4.110000e-03
7.28868       	3.830029e-02	4.542933e-03	4.103094e-03
7.2998        	3.629605e-02	4.487275e-03	4.105507e-03
7.31092       	2.999363e-02	4.386359e-03	4.004286e-03
7.32204       	3.133014e-02	4.304889e-03	3.914844e-03
7.33316       	3.117440e-02	4.283232e-03	3.862793e-03
7.34429       	3.241871e-02	4.274355e-03	3.821838e-03
7.35541       	3.688000e-02	4.273751e-03	3.912911e-03
7.36653       	3.271480e-02	4.306412e-03	3.940593e-03
7.37765       	4.970824e-02	4.273030e-03	4.100066e-03
7.38878       	4.714983e-02	4.379900e-03	4.061363e-03
7.3999        	4.363899e-02	4.237538e-03	3.932897e-03
7.41102       	3.305508e-02	4.220541e-03	3.902597e-03
7.42214       	3.349954e-02	4.190952e-03	3.890058e-03
7.43327       	3.112795e-02	4.144412e-03	3.882446e-03
7.44439       	2.855038e-02	4.113147e-03	3.850526e-03
7.45551       	3.085734e-02	4.131816e-03	3.798814e-03
7.46663       	3.029131e-02	4.141620e-03	3.794101e-03
7.47776       	2.731774e-02	4.105648e-03	3.764831e-03
7.48888       	5.162820e-02	4.111902e-03	3.973043e-03
7.5           	4.806075e-02	4.143175e-03	3.928365e-03
7.51163       	4.249402e-02	4.235931e-03	4.054535e-03
7.52326       	4.072684e-02	4.158015e-03	4.035078e-03
7.53488       	3.847112e-02	4.190609e-03	4.118025e-03
7.54651       	4.474999e-02	4.185800e-03	4.208049e-03
7.55814       	3.831013e-02	4.158478e-03	4.138976e-03
7.56977       	3.499625e-02	4.089083e-03	4.044616e-03
7.5814        	3.472801e-02	4.048021e-03	4.029676e-03
7.59302       	3.715989e-02	4.068011e-03	4.033578e-03
7.60465       	4.286104e-02	4.130924e-03	4.111501e-03
7.61628       	5.035600e-02	4.094153e-03	4.077198e-03
7.62791       	3.341223e-02	4.095961e-03	4.015908e-03
7.63953       	3.349846e-02	4.052872e-03	3.984256e-03
7.65116       	4.350818e-02	4.094731e-03	4.070230e-03
7.66279       	3.460815e-02	4.118575e-03	4.050161e-03
7.67442       	3.313970e-02	4.047529e-03	4.022421e-03
7.68605       	3.289987e-02	4.053029e-03	4.034982e-03
7.69767       	4.003077e-02	4.074387e-03	4.086194e-03
7.7093        	4.253921e-02	4.045897e-03	4.098974e-03
7.72093       	4.085323e-02	4.039132e-03	4.092424e-03
7.73256       	3.633071e-02	4.032350e-03	4.056233e-03
7.74419       	3.455913e-02	4.031034e-03	4.070975e-03
7.75581       	3.579386e-02	3.997823e-03	4.073124e-03
7.76744       	4.241153e-02	4.017389e-03	4.142760e-03
7.77907       	4.268666e-02	4.090854e-03	4.131713e-03
7.7907        	4.119192e-02	4.099446e-03	4.139278e-03
7.80233       	4.546058e-02	4.071635e-03	4.139565e-03
7.81395       	4.722918e-02	4.068080e-03	4.108376e-03
7.82558       	4.028763e-02	4.057024e-03	4.052087e-03
7.83721       	3.608018e-02	4.015197e-03	4.014302e-03
7.84884       	3.703256e-02	4.008669e-03	3.967944e-03
7.86047       	3.983254e-02	4.015278e-03	3.972415e-03
7.87209       	4.210207e-02	4.036194e-03	4.055859e-03
7.88372       	4.173780e-02	3.991550e-03	3.997957e-03
7.89535       	3.627003e-02	3.982685e-03	4.000700e-03
7.90698       	4.993533e-02	3.965136e-03	4.068682e-03
7.9186        	4.290293e-02	4.011133e-03	4.115478e-03
7.93023       	3.718595e-02	3.968129e-03	4.079632e-03
7.94186       	3.841225e-02	3.951115e-03	4.048841e-03
7.95349       	4.734136e-02	3.949195e-03	4.103889e-03
7.96512       	3.921198e-02	4.017936e-03	4.081878e-03
7.97674       	4.937106e-02	4.021351e-03	4.143647e-03
7.98837       	4.965388e-02	4.005540e-03	4.083203e-03
8             	4.229363e-02	4.010962e-03	4.055121e-03
8.0119        	4.224279e-02	4.105348e-03	4.114266e-03
8.02381       	4.747823e-02	4.056255e-03	4.176190e-03
8.03571       	4.101951e-02	4.104265e-03	4.160917e-03
8.04762       	4.030546e-02	4.087269e-03	4.127828e-03
8.05952       	3.591018e-02	4.041870e-03	4.107375e-03
8.07176       	4.728955e-02	4.147366e-03	4.244546e-03
8.08399       	5.550038e-02	4.144156e-03	4.328908e-03
8.09623       	4.922187e-02	4.224087e-03	4.371165e-03
8.10847       	5.500726e-02	4.198400e-03	4.367901e-03
8.1207        	4.317986e-02	4.165127e-03	4.373785e-03
8.13294       	4.038289e-02	4.135415e-03	4.419824e-03
8.14517       	4.005243e-02	4.083630e-03	4.364051e-03
8.15741       	4.701380e-02	4.035621e-03	4.344720e-03
8.16964       	4.523574e-02	4.068202e-03	4.368584e-03
8.18188       	4.491667e-02	4.113035e-03	4.397009e-03
8.19411       	4.142339e-02	4.114648e-03	4.352516e-03
8.20635       	3.655479e-02	4.121967e-03	4.285189e-03
8.21858       	3.596719e-02	4.132101e-03	4.259778e-03
8.23082       	4.274982e-02	4.107996e-03	4.289752e-03
8.24306       	4.914461e-02	4.120080e-03	4.400864e-03
8.25473       	5.321860e-02	3.945816e-03	4.245044e-03
8.26641       	4.775286e-02	4.013691e-03	4.229282e-03
8.27809       	4.458185e-02	3.934164e-03	4.215492e-03
8.28977       	4.657043e-02	3.950627e-03	4.241852e-03
8.30145       	3.712998e-02	3.975785e-03	4.192357e-03
8.31313       	3.922846e-02	3.966512e-03	4.204368e-03
8.32481       	4.369324e-02	3.961527e-03	4.218892e-03
8.33649       	3.960468e-02	3.875281e-03	4.164853e-03
8.34817       	3.846393e-02	3.829627e-03	4.197395e-03
8.35985       	4.863477e-02	3.797866e-03	4.288547e-03
8.37153       	4.162423e-02	3.807322e-03	4.331007e-03
8.38321       	4.091139e-02	3.816899e-03	4.261927e-03
8.39489       	3.702601e-02	3.836179e-03	4.153702e-03
8.40657       	4.109886e-02	3.851508e-03	4.142254e-03
8.41824       	4.676823e-02	3.868494e-03	4.173433e-03
8.42992       	4.338524e-02	3.857159e-03	4.215952e-03
8.4416        	3.967017e-02	3.884606e-03	4.212863e-03
8.45328       	3.807989e-02	3.858043e-03	4.181099e-03
8.46496       	3.735749e-02	3.810435e-03	4.116793e-03
8.47664       	3.587650e-02	3.794767e-03	4.063142e-03
8.48832       	3.830308e-02	3.799769e-03	4.118287e-03
8.5           	3.256119e-02	3.774037e-03	4.129134e-03
8.5122        	3.499160e-02	3.927839e-03	4.259911e-03
8.52439       	4.335928e-02	3.911968e-03	4.259976e-03
8.53628       	5.094118e-02	3.910463e-03	4.251638e-03
8.54817       	4.951176e-02	3.897903e-03	4.238960e-03
8.56006       	4.167223e-02	3.850369e-03	4.274569e-03
8.57195       	3.663437e-02	3.808004e-03	4.265896e-03
8.58384       	3.545266e-02	3.763180e-03	4.184898e-03
8.59573       	3.416935e-02	3.741318e-03	4.136461e-03
8.60762       	3.400372e-02	3.757376e-03	4.102008e-03
8.61988       	4.390033e-02	3.884993e-03	4.247325e-03
8.63215       	4.612289e-02	3.845063e-03	4.264565e-03
8.64441       	4.048650e-02	3.795952e-03	4.289104e-03
8.65667       	4.445841e-02	3.751012e-03	4.300962e-03
8.66893       	4.672980e-02	3.765304e-03	4.299762e-03
8.68119       	4.518502e-02	3.771369e-03	4.382875e-03
8.69345       	3.986774e-02	3.782967e-03	4.293543e-03
8.70572       	3.911548e-02	3.770000e-03	4.229273e-03
8.71798       	3.691943e-02	3.768595e-03	4.145798e-03
8.73024       	3.712183e-02	3.721994e-03	4.110675e-03
8.7425        	3.949110e-02	3.698778e-03	4.077567e-03
8.75476       	4.080035e-02	3.693240e-03	4.095158e-03
8.76703       	3.777511e-02	3.685344e-03	4.094499e-03
8.77929       	4.183950e-02	3.657295e-03	4.078858e-03
8.79155       	4.262503e-02	3.657054e-03	4.060623e-03
8.80381       	4.662732e-02	3.660457e-03	4.016095e-03
8.81607       	4.168058e-02	3.670231e-03	3.900775e-03
8.82833       	3.608549e-02	3.621564e-03	3.870449e-03
8.8406        	3.193426e-02	3.593618e-03	3.829002e-03
8.85286       	3.470533e-02	3.556304e-03	3.817107e-03
8.86512       	3.570300e-02	3.523345e-03	3.802972e-03
8.87636       	4.543993e-02	3.206405e-03	3.593137e-03
8.8876        	4.262762e-02	3.308494e-03	3.557366e-03
8.89884       	3.278893e-02	3.196367e-03	3.492109e-03
8.91008       	3.585636e-02	3.170388e-03	3.506562e-03
8.92007       	4.732611e-02	2.794183e-03	3.269184e-03
8.93006       	4.246218e-02	2.922787e-03	3.203467e-03
8.94005       	3.385442e-02	2.776382e-03	3.113927e-03
8.95004       	3.261100e-02	2.766766e-03	3.082510e-03
8.96004       	3.012049e-02	2.757968e-03	3.032874e-03
8.97003       	2.831042e-02	2.753325e-03	3.021364e-03
8.98002       	2.658413e-02	2.765824e-03	2.960216e-03
8.99001       	2.839060e-02	2.750119e-03	2.940460e-03
9             	2.912911e-02	2.743478e-03	2.957239e-03
9.01064       	3.287588e-02	2.910353e-03	3.142344e-03
9.02128       	3.754169e-02	2.879508e-03	3.156334e-03
9.03191       	3.474427e-02	2.876849e-03	3.142386e-03
9.0428        	3.354990e-02	2.917807e-03	3.221578e-03
9.05369       	3.431810e-02	2.891085e-03	3.265211e-03
9.06457       	3.346505e-02	2.888536e-03	3.248087e-03
9.07574       	3.480050e-02	2.941344e-03	3.281295e-03
9.0869        	3.344775e-02	2.897706e-03	3.285360e-03
9.09838       	3.335594e-02	2.970581e-03	3.329550e-03
9.11019       	3.666290e-02	3.012165e-03	3.390314e-03
9.122         	3.979901e-02	2.981664e-03	3.385201e-03
9.13419       	4.080840e-02	3.135861e-03	3.454802e-03
9.14639       	3.988263e-02	3.088633e-03	3.487776e-03
9.15858       	3.443316e-02	3.074964e-03	3.468875e-03
9.17078       	3.709241e-02	3.053686e-03	3.496048e-03
9.18297       	3.442781e-02	3.029164e-03	3.506721e-03
9.19516       	3.362740e-02	3.012629e-03	3.493714e-03
9.20736       	3.670591e-02	3.009774e-03	3.513578e-03
9.21955       	3.519017e-02	3.004576e-03	3.494877e-03
9.23174       	3.436972e-02	2.987057e-03	3.438662e-03
9.24394       	3.393935e-02	2.943450e-03	3.382776e-03
9.25613       	3.369123e-02	2.888182e-03	3.412874e-03
9.26832       	3.757697e-02	2.880199e-03	3.446531e-03
9.28052       	3.905713e-02	2.859356e-03	3.428054e-03
9.29271       	3.801713e-02	2.843688e-03	3.416898e-03
9.3049        	3.759246e-02	2.815134e-03	3.414785e-03
9.3171        	3.348039e-02	2.791562e-03	3.384397e-03
9.32929       	3.838840e-02	2.775493e-03	3.366264e-03
9.34148       	3.625208e-02	2.776040e-03	3.352808e-03
9.35368       	3.492474e-02	2.770176e-03	3.345633e-03
9.36587       	3.507415e-02	2.757503e-03	3.344297e-03
9.37806       	3.547074e-02	2.742111e-03	3.332629e-03
9.39026       	3.333300e-02	2.711703e-03	3.295960e-03
9.40245       	3.803953e-02	2.673976e-03	3.341751e-03
9.41465       	3.701576e-02	2.680815e-03	3.322438e-03
9.42684       	3.759373e-02	2.684544e-03	3.300943e-03
9.43903       	3.470947e-02	2.671961e-03	3.327954e-03
9.45123       	3.117225e-02	2.626625e-03	3.287258e-03
9.46342       	2.995463e-02	2.619036e-03	3.228327e-03
9.47561       	2.979367e-02	2.594754e-03	3.170749e-03
9.48781       	3.564766e-02	2.598535e-03	3.178408e-03
9.5           	3.455769e-02	2.576240e-03	3.197200e-03
9.5122        	3.721838e-02	2.559347e-03	3.192743e-03
9.52439       	3.757244e-02	2.533694e-03	3.223069e-03
9.53659       	4.085491e-02	2.562090e-03	3.217928e-03
9.54878       	4.168032e-02	2.567929e-03	3.266946e-03
9.56098       	4.641674e-02	2.537572e-03	3.368636e-03
9.57317       	3.707297e-02	2.551232e-03	3.373267e-03
9.58537       	3.737805e-02	2.512874e-03	3.372671e-03
9.59756       	3.361825e-02	2.472664e-03	3.327961e-03
9.60976       	3.316981e-02	2.535321e-03	3.262127e-03
9.62195       	3.329428e-02	2.441607e-03	3.217858e-03
9.63415       	2.914573e-02	2.462333e-03	3.160987e-03
9.64634       	3.553314e-02	2.442793e-03	3.172279e-03
9.65854       	3.464504e-02	2.410753e-03	3.181178e-03
9.67073       	3.165975e-02	2.398992e-03	3.163056e-03
9.68293       	2.888432e-02	2.410199e-03	3.126415e-03
9.69512       	3.505804e-02	2.424342e-03	3.133908e-03
9.70732       	3.408043e-02	2.413508e-03	3.099773e-03
9.71951       	3.436994e-02	2.421708e-03	3.135087e-03
9.73171       	3.441219e-02	2.395170e-03	3.145379e-03
9.7439        	3.523168e-02	2.378805e-03	3.170389e-03
9.7561        	3.470641e-02	2.410466e-03	3.163802e-03
9.76829       	3.094970e-02	2.424189e-03	3.137097e-03
9.78049       	3.127117e-02	2.407700e-03	3.119534e-03
9.79268       	2.803384e-02	2.376930e-03	3.099362e-03
9.80488       	2.921280e-02	2.378625e-03	3.104409e-03
9.81707       	2.712604e-02	2.355407e-03	3.099549e-03
9.82927       	2.762829e-02	2.357996e-03	3.047442e-03
9.84146       	2.936040e-02	2.360072e-03	3.035571e-03
9.85366       	3.202568e-02	2.350874e-03	3.018671e-03
9.86492       	4.314413e-02	2.172039e-03	3.006672e-03
9.87617       	3.668097e-02	2.210067e-03	3.008572e-03
9.88743       	3.364411e-02	2.185553e-03	2.957420e-03
9.89869       	3.255985e-02	2.170225e-03	2.934922e-03
9.90994       	3.000127e-02	2.163680e-03	2.921632e-03
9.9212        	2.912915e-02	2.149162e-03	2.869039e-03
9.93246       	2.888052e-02	2.142026e-03	2.844730e-03
9.94371       	2.913933e-02	2.126782e-03	2.830628e-03
9.95497       	3.200089e-02	2.112574e-03	2.807864e-03
9.96398       	6.126640e-02	1.708589e-03	2.561702e-03
9.97298       	5.532009e-02	1.922357e-03	2.482995e-03
9.98199       	2.744063e-02	1.738588e-03	2.310527e-03
9.99099       	2.221041e-02	1.736542e-03	2.262872e-03
10            	2.085393e-02	1.724073e-03	2.208024e-03
10.01         	3.785562e-02	1.880709e-03	2.440470e-03
10.0207       	3.023161e-02	2.014613e-03	2.565706e-03
10.0311       	3.509259e-02	1.949238e-03	2.523064e-03
10.0415       	2.471841e-02	1.920984e-03	2.465524e-03
10.0519       	2.661459e-02	1.910926e-03	2.448749e-03
10.0623       	2.394906e-02	1.932756e-03	2.445442e-03
10.0728       	2.461962e-02	1.899480e-03	2.450558e-03
10.0832       	2.667011e-02	1.897471e-03	2.428296e-03
10.0936       	3.087613e-02	1.879364e-03	2.484556e-03
10.104        	2.776763e-02	1.873866e-03	2.469396e-03
10.1147       	2.580707e-02	1.883920e-03	2.499216e-03
10.1254       	2.433411e-02	1.841091e-03	2.475981e-03
10.1361       	2.691466e-02	1.878950e-03	2.448548e-03
10.1468       	2.856203e-02	1.893444e-03	2.470412e-03
10.1579       	2.595279e-02	1.934377e-03	2.520806e-03
10.1689       	2.492020e-02	1.884697e-03	2.503779e-03
10.1799       	2.307088e-02	1.869004e-03	2.436598e-03
10.191        	2.605814e-02	1.839508e-03	2.430074e-03
10.202        	2.576876e-02	1.820325e-03	2.431834e-03
10.213        	2.400757e-02	1.837625e-03	2.422657e-03
10.2245       	2.668747e-02	1.895275e-03	2.540583e-03
10.236        	2.804613e-02	1.896249e-03	2.549861e-03
10.2475       	2.941670e-02	1.930918e-03	2.586633e-03
10.259        	2.660359e-02	1.869486e-03	2.567855e-03
10.2704       	2.623354e-02	1.844370e-03	2.543953e-03
10.2819       	2.497078e-02	1.832291e-03	2.488164e-03
10.2934       	2.489372e-02	1.828654e-03	2.513042e-03
10.3043       	2.895450e-02	1.744532e-03	2.402817e-03
10.3151       	2.681367e-02	1.789230e-03	2.362605e-03
10.326        	2.520008e-02	1.751715e-03	2.313478e-03
10.3369       	2.219173e-02	1.743476e-03	2.305076e-03
10.3478       	2.051158e-02	1.767929e-03	2.301776e-03
10.3586       	2.241850e-02	1.770338e-03	2.277702e-03
10.3695       	2.537137e-02	1.773972e-03	2.290464e-03
10.3804       	2.248668e-02	1.756651e-03	2.274116e-03
10.3913       	2.230265e-02	1.768961e-03	2.244598e-03
10.4021       	2.117305e-02	1.761206e-03	2.222809e-03
10.413        	2.274926e-02	1.779598e-03	2.214022e-03
10.4239       	2.155232e-02	1.770197e-03	2.223045e-03
10.4348       	2.068252e-02	1.755685e-03	2.209706e-03
10.4456       	2.367445e-02	1.777734e-03	2.224562e-03
10.4565       	2.039837e-02	1.772809e-03	2.212138e-03
10.4652       	6.343651e-02	1.461607e-03	2.000085e-03
10.4739       	5.595352e-02	1.674717e-03	2.039138e-03
10.4826       	2.844582e-02	1.441722e-03	1.843908e-03
10.4913       	2.459172e-02	1.465898e-03	1.784638e-03
10.5          	2.098475e-02	1.458298e-03	1.762975e-03
10.5096       	3.628339e-02	1.602358e-03	1.948738e-03
10.5198       	2.524182e-02	1.682598e-03	2.029797e-03
10.5298       	3.161778e-02	1.637624e-03	2.025697e-03
10.5398       	2.307374e-02	1.648724e-03	1.945669e-03
10.5498       	2.127282e-02	1.637183e-03	1.929345e-03
10.5596       	2.288968e-02	1.596993e-03	1.894152e-03
10.5694       	2.111131e-02	1.608072e-03	1.862794e-03
10.5792       	1.987061e-02	1.614784e-03	1.853818e-03
10.589        	2.109127e-02	1.607344e-03	1.854815e-03
10.5988       	2.146642e-02	1.602619e-03	1.872470e-03
10.6086       	2.041174e-02	1.613069e-03	1.884621e-03
10.6183       	2.327918e-02	1.614546e-03	1.913455e-03
10.6281       	2.070563e-02	1.627011e-03	1.911014e-03
10.6379       	2.285053e-02	1.630592e-03	1.927192e-03
10.6477       	1.896550e-02	1.631822e-03	1.908238e-03
10.6575       	1.923851e-02	1.615600e-03	1.893662e-03
10.6673       	1.994794e-02	1.615496e-03	1.885608e-03
10.6771       	2.112717e-02	1.628193e-03	1.870478e-03
10.6868       	1.947763e-02	1.626274e-03	1.836171e-03
10.6966       	1.889502e-02	1.622945e-03	1.826495e-03
10.7064       	1.963964e-02	1.635897e-03	1.819823e-03
10.7162       	1.955126e-02	1.627159e-03	1.811602e-03
10.726        	1.671040e-02	1.620366e-03	1.787699e-03
10.7358       	2.203670e-02	1.610773e-03	1.835567e-03
10.7456       	1.833371e-02	1.615240e-03	1.824107e-03
10.7553       	1.657520e-02	1.610289e-03	1.815166e-03
10.7651       	1.973439e-02	1.617743e-03	1.828452e-03
10.7749       	1.775272e-02	1.590862e-03	1.825492e-03
10.7847       	1.794009e-02	1.601407e-03	1.809721e-03
10.7945       	1.690914e-02	1.610469e-03	1.777097e-03
10.8043       	1.815020e-02	1.612085e-03	1.764323e-03
10.8146       	2.515995e-02	1.699040e-03	1.878282e-03
10.8249       	2.353302e-02	1.710897e-03	1.906863e-03
10.8352       	2.548223e-02	1.726412e-03	1.913541e-03
10.8455       	2.206192e-02	1.733741e-03	1.922658e-03
10.8558       	2.140632e-02	1.745939e-03	1.904914e-03
10.8661       	2.210841e-02	1.741776e-03	1.908681e-03
10.8764       	1.721597e-02	1.756663e-03	1.905791e-03
10.8867       	1.770861e-02	1.759675e-03	1.888793e-03
10.897        	1.715299e-02	1.763290e-03	1.868480e-03
10.9073       	1.870673e-02	1.772065e-03	1.841172e-03
10.9176       	1.963725e-02	1.778955e-03	1.846206e-03
10.9279       	1.833692e-02	1.785864e-03	1.857716e-03
10.9382       	1.943284e-02	1.791212e-03	1.882802e-03
10.9485       	2.010063e-02	1.789679e-03	1.899719e-03
10.9588       	2.038791e-02	1.787878e-03	1.906878e-03
10.9691       	1.743225e-02	1.792706e-03	1.877585e-03
10.9794       	1.657740e-02	1.784978e-03	1.859798e-03
10.9897       	1.763108e-02	1.781116e-03	1.861851e-03
11            	1.814470e-02	1.772835e-03	1.865831e-03
11.0104       	1.964482e-02	1.800961e-03	1.891122e-03
11.0208       	1.795014e-02	1.809456e-03	1.887541e-03
11.0312       	1.933395e-02	1.815871e-03	1.873033e-03
11.0417       	1.928851e-02	1.807299e-03	1.880163e-03
11.0519       	2.016878e-02	1.754281e-03	1.856187e-03
11.062        	2.092359e-02	1.764696e-03	1.873338e-03
11.0722       	1.918707e-02	1.759931e-03	1.869355e-03
11.0824       	1.770676e-02	1.772395e-03	1.873221e-03
11.0926       	1.789215e-02	1.775626e-03	1.874960e-03
11.1025       	1.952313e-02	1.735551e-03	1.840021e-03
11.1125       	2.064716e-02	1.755929e-03	1.854041e-03
11.1224       	1.788050e-02	1.751571e-03	1.840681e-03
11.1323       	1.713499e-02	1.748969e-03	1.840269e-03
11.1423       	1.789421e-02	1.745944e-03	1.821224e-03
11.1522       	1.652277e-02	1.754595e-03	1.813164e-03
11.1621       	1.638619e-02	1.750062e-03	1.807223e-03
11.1721       	1.767013e-02	1.755228e-03	1.794036e-03
11.182        	1.839096e-02	1.756577e-03	1.773321e-03
11.192        	1.982281e-02	1.762868e-03	1.779544e-03
11.2019       	2.066076e-02	1.766873e-03	1.809353e-03
11.2122       	2.299450e-02	1.828252e-03	1.915861e-03
11.2225       	2.013814e-02	1.830913e-03	1.939270e-03
11.2327       	1.902264e-02	1.846714e-03	1.918353e-03
11.243        	1.849128e-02	1.853324e-03	1.905832e-03
11.2533       	1.771319e-02	1.862182e-03	1.882954e-03
11.2636       	1.616889e-02	1.874577e-03	1.865098e-03
11.2739       	1.713533e-02	1.860409e-03	1.867314e-03
11.2841       	1.742565e-02	1.857457e-03	1.848369e-03
11.2944       	1.648823e-02	1.863557e-03	1.836603e-03
11.3047       	1.549468e-02	1.866817e-03	1.817306e-03
11.315        	1.680456e-02	1.872126e-03	1.822486e-03
11.3252       	1.620691e-02	1.873914e-03	1.808767e-03
11.3355       	1.639892e-02	1.878500e-03	1.799227e-03
11.3458       	1.636681e-02	1.884826e-03	1.794299e-03
11.3561       	1.764409e-02	1.892997e-03	1.816696e-03
11.3664       	1.838172e-02	1.891063e-03	1.840404e-03
11.3766       	1.738117e-02	1.902584e-03	1.838420e-03
11.3869       	1.720326e-02	1.917738e-03	1.825878e-03
11.3972       	1.828974e-02	1.924590e-03	1.830745e-03
11.4075       	1.870065e-02	1.925045e-03	1.830959e-03
11.4178       	1.701928e-02	1.927462e-03	1.821716e-03
11.428        	1.749329e-02	1.932843e-03	1.816229e-03
11.4383       	1.650649e-02	1.938756e-03	1.792714e-03
11.4486       	1.497577e-02	1.941330e-03	1.769184e-03
11.4589       	1.693049e-02	1.947811e-03	1.751785e-03
11.4692       	1.782113e-02	1.948699e-03	1.735308e-03
11.4794       	1.720823e-02	1.948830e-03	1.754365e-03
11.4897       	1.624039e-02	1.945042e-03	1.767363e-03
11.5          	1.583861e-02	1.945081e-03	1.755692e-03
11.5106       	2.108940e-02	2.016514e-03	1.821037e-03
11.5213       	2.031041e-02	2.001788e-03	1.846386e-03
11.5319       	1.939182e-02	2.008302e-03	1.822036e-03
11.5426       	1.836708e-02	2.006670e-03	1.810492e-03
11.5529       	1.978769e-02	1.965096e-03	1.776302e-03
11.5633       	1.799474e-02	1.965438e-03	1.753317e-03
11.5737       	1.821344e-02	1.945603e-03	1.738523e-03
11.5839       	2.082970e-02	1.906427e-03	1.720719e-03
11.594        	1.940605e-02	1.917332e-03	1.754717e-03
11.6042       	1.835015e-02	1.914582e-03	1.770879e-03
11.6141       	1.834552e-02	1.858930e-03	1.737524e-03
11.624        	1.895162e-02	1.874662e-03	1.731438e-03
11.6339       	1.635189e-02	1.877560e-03	1.706252e-03
11.6438       	1.671338e-02	1.891244e-03	1.681658e-03
11.6537       	1.721177e-02	1.893486e-03	1.662349e-03
11.6636       	1.700318e-02	1.882784e-03	1.646303e-03
11.6735       	1.663283e-02	1.866125e-03	1.638976e-03
11.6834       	1.721597e-02	1.876663e-03	1.655380e-03
11.6932       	1.845087e-02	1.898809e-03	1.680158e-03
11.7031       	1.877965e-02	1.914091e-03	1.682917e-03
11.713        	1.737102e-02	1.916353e-03	1.700081e-03
11.7229       	1.705441e-02	1.915422e-03	1.720013e-03
11.7328       	1.567815e-02	1.903547e-03	1.723406e-03
11.7427       	1.673369e-02	1.893468e-03	1.734952e-03
11.7526       	1.680763e-02	1.895039e-03	1.734712e-03
11.7625       	1.889020e-02	1.927431e-03	1.743972e-03
11.7724       	1.920475e-02	1.921181e-03	1.769196e-03
11.7823       	1.785704e-02	1.909805e-03	1.759836e-03
11.7922       	1.865980e-02	1.910991e-03	1.746634e-03
11.8021       	1.702239e-02	1.907053e-03	1.732967e-03
11.812        	1.874904e-02	1.901906e-03	1.756810e-03
11.8219       	1.709838e-02	1.913234e-03	1.764530e-03
11.8318       	1.686984e-02	1.926372e-03	1.769452e-03
11.8417       	1.713130e-02	1.931120e-03	1.762719e-03
11.8516       	1.861331e-02	1.949362e-03	1.750136e-03
11.8615       	1.730891e-02	1.928130e-03	1.751966e-03
11.8714       	1.532093e-02	1.922214e-03	1.740001e-03
11.8813       	1.530157e-02	1.929048e-03	1.725673e-03
11.8912       	1.463039e-02	1.935916e-03	1.713844e-03
11.901        	1.544526e-02	1.945640e-03	1.701067e-03
11.9109       	1.652085e-02	1.955349e-03	1.690826e-03
11.9208       	1.710834e-02	1.956566e-03	1.679285e-03
11.9307       	1.690181e-02	1.959221e-03	1.665122e-03
11.9406       	1.666876e-02	1.964989e-03	1.674007e-03
11.9505       	1.773794e-02	1.962347e-03	1.700627e-03
11.9604       	1.779491e-02	1.964616e-03	1.714737e-03
11.9703       	1.878303e-02	1.968711e-03	1.717020e-03
11.9802       	1.863963e-02	1.977582e-03	1.707007e-03
11.9901       	1.840492e-02	1.979195e-03	1.704357e-03
12            	1.846569e-02	1.991556e-03	1.698865e-03
12.0104       	2.480034e-02	2.090287e-03	1.801328e-03
12.0211       	1.917912e-02	2.119593e-03	1.846847e-03
12.0317       	1.941972e-02	2.121272e-03	1.852255e-03
12.0423       	1.755253e-02	2.121292e-03	1.822060e-03
12.053        	1.770889e-02	2.112986e-03	1.791166e-03
12.0636       	1.922536e-02	2.109178e-03	1.788893e-03
12.0743       	1.724062e-02	2.091457e-03	1.773924e-03
12.0849       	1.796830e-02	2.075907e-03	1.758160e-03
12.0956       	1.826216e-02	2.065437e-03	1.753771e-03
12.1059       	1.992472e-02	2.007518e-03	1.726722e-03
12.1163       	1.869999e-02	2.019556e-03	1.726944e-03
12.1267       	1.694876e-02	2.007775e-03	1.713563e-03
12.137        	1.703406e-02	2.001981e-03	1.710539e-03
12.1474       	1.654648e-02	1.987996e-03	1.689006e-03
12.1575       	2.213311e-02	1.920489e-03	1.649945e-03
12.1676       	2.062054e-02	1.930372e-03	1.673479e-03
12.1776       	1.823569e-02	1.915574e-03	1.661687e-03
12.1877       	1.839184e-02	1.908491e-03	1.658303e-03
12.1975       	2.126331e-02	1.838414e-03	1.619479e-03
12.2072       	2.122946e-02	1.854342e-03	1.624148e-03
12.217        	1.975940e-02	1.845941e-03	1.607706e-03
12.2267       	1.781707e-02	1.856958e-03	1.612737e-03
12.2365       	1.821027e-02	1.849566e-03	1.610150e-03
12.2463       	1.732350e-02	1.850658e-03	1.583603e-03
12.256        	1.830712e-02	1.851608e-03	1.582222e-03
12.2658       	1.720309e-02	1.836911e-03	1.578909e-03
12.2755       	1.901656e-02	1.831170e-03	1.570603e-03
12.2853       	1.604249e-02	1.827452e-03	1.560334e-03
12.2951       	1.550437e-02	1.807450e-03	1.564634e-03
12.3048       	1.561144e-02	1.792780e-03	1.568517e-03
12.3146       	1.404959e-02	1.784290e-03	1.572343e-03
12.3243       	1.389393e-02	1.778456e-03	1.568476e-03
12.3341       	1.733890e-02	1.774232e-03	1.567296e-03
12.3439       	2.087458e-02	1.810967e-03	1.571965e-03
12.3536       	1.767328e-02	1.789688e-03	1.571578e-03
12.3634       	1.667718e-02	1.799542e-03	1.539896e-03
12.3731       	1.616178e-02	1.798406e-03	1.533608e-03
12.3829       	1.673816e-02	1.796818e-03	1.525472e-03
12.3926       	1.503385e-02	1.798146e-03	1.526069e-03
12.4024       	1.494174e-02	1.793419e-03	1.521398e-03
12.4122       	1.709215e-02	1.797828e-03	1.529137e-03
12.4219       	1.670791e-02	1.818118e-03	1.547347e-03
12.4317       	1.713124e-02	1.857472e-03	1.573389e-03
12.4414       	1.541214e-02	1.851881e-03	1.571788e-03
12.4512       	1.546178e-02	1.824183e-03	1.540972e-03
12.461        	1.490238e-02	1.796771e-03	1.515910e-03
12.4707       	1.551891e-02	1.788055e-03	1.509450e-03
12.4805       	1.538536e-02	1.787562e-03	1.508028e-03
12.4902       	1.788118e-02	1.789620e-03	1.499085e-03
12.5          	1.864286e-02	1.804137e-03	1.499367e-03
12.5104       	2.397800e-02	1.917320e-03	1.609160e-03
12.5208       	2.223595e-02	1.930106e-03	1.649352e-03
12.5312       	1.848205e-02	1.921502e-03	1.638284e-03
12.5417       	1.766531e-02	1.921193e-03	1.616567e-03
12.5521       	1.660399e-02	1.926532e-03	1.602098e-03
12.5625       	1.533121e-02	1.916644e-03	1.579832e-03
12.5729       	1.564221e-02	1.908434e-03	1.563594e-03
12.5833       	1.551086e-02	1.903511e-03	1.562992e-03
12.5937       	1.669691e-02	1.902377e-03	1.578016e-03
12.6039       	1.808200e-02	1.851722e-03	1.557198e-03
12.6141       	1.779056e-02	1.843245e-03	1.553136e-03
12.6242       	1.760958e-02	1.822046e-03	1.534931e-03
12.6344       	1.744770e-02	1.812469e-03	1.538379e-03
12.6445       	1.707065e-02	1.814968e-03	1.535086e-03
12.6547       	1.609609e-02	1.817292e-03	1.521423e-03
12.6646       	1.759805e-02	1.773126e-03	1.465856e-03
12.6744       	1.785251e-02	1.776722e-03	1.472197e-03
12.6843       	1.573866e-02	1.764406e-03	1.448744e-03
12.6942       	1.622898e-02	1.753323e-03	1.464845e-03
12.704        	1.460166e-02	1.753597e-03	1.469497e-03
12.7139       	1.424159e-02	1.751818e-03	1.464153e-03
12.7237       	1.537326e-02	1.761433e-03	1.466421e-03
12.7336       	1.618333e-02	1.758548e-03	1.456019e-03
12.7435       	1.489429e-02	1.751840e-03	1.448208e-03
12.7533       	1.582181e-02	1.744384e-03	1.455710e-03
12.7632       	1.501455e-02	1.739450e-03	1.467049e-03
12.7731       	1.575169e-02	1.737405e-03	1.477510e-03
12.7829       	1.522697e-02	1.741931e-03	1.476827e-03
12.7928       	1.418827e-02	1.741146e-03	1.493859e-03
12.8027       	1.433712e-02	1.738651e-03	1.506371e-03
12.8125       	1.459306e-02	1.736646e-03	1.510553e-03
12.8224       	1.433986e-02	1.742301e-03	1.509533e-03
12.8323       	1.345356e-02	1.748023e-03	1.492477e-03
12.8421       	1.430727e-02	1.754105e-03	1.477100e-03
12.852        	1.424567e-02	1.742474e-03	1.467484e-03
12.8619       	1.462803e-02	1.737579e-03	1.466489e-03
12.8717       	1.513594e-02	1.736200e-03	1.462674e-03
12.8816       	1.584369e-02	1.737393e-03	1.469985e-03
12.8915       	1.481926e-02	1.737845e-03	1.470140e-03
12.9013       	1.462598e-02	1.734985e-03	1.491279e-03
12.9112       	1.420086e-02	1.729882e-03	1.492224e-03
12.9211       	1.429402e-02	1.722141e-03	1.493445e-03
12.9309       	1.625437e-02	1.712796e-03	1.495760e-03
12.9408       	1.598701e-02	1.731734e-03	1.498416e-03
12.9507       	1.476050e-02	1.729471e-03	1.499782e-03
12.9605       	1.626569e-02	1.728603e-03	1.488020e-03
12.9704       	1.617138e-02	1.738513e-03	1.472154e-03
12.9803       	1.506130e-02	1.736469e-03	1.469781e-03
12.9901       	1.521261e-02	1.726357e-03	1.474144e-03
13            	1.629825e-02	1.730380e-03	1.469072e-03
13.01         	1.662849e-02	1.765404e-03	1.496823e-03
13.02         	1.494053e-02	1.770298e-03	1.501163e-03
13.03         	1.348177e-02	1.771561e-03	1.485983e-03
13.04         	1.523224e-02	1.766497e-03	1.480210e-03
13.05         	1.457363e-02	1.750301e-03	1.477307e-03
13.06         	1.393885e-02	1.746505e-03	1.479078e-03
13.07         	1.354826e-02	1.744119e-03	1.465056e-03
13.08         	1.355411e-02	1.740555e-03	1.451226e-03
13.09         	1.401682e-02	1.734400e-03	1.452145e-03
13.1          	1.439356e-02	1.733123e-03	1.444967e-03
13.11         	1.427305e-02	1.733602e-03	1.435670e-03
13.12         	1.331092e-02	1.723697e-03	1.431663e-03
13.13         	1.325051e-02	1.715994e-03	1.433001e-03
13.14         	1.367996e-02	1.714585e-03	1.450594e-03
13.15         	1.401552e-02	1.710955e-03	1.469695e-03
13.16         	1.366157e-02	1.713773e-03	1.477743e-03
13.17         	1.289430e-02	1.710585e-03	1.454868e-03
13.18         	1.298639e-02	1.708375e-03	1.441864e-03
13.1903       	1.638775e-02	1.760932e-03	1.490413e-03
13.2006       	1.632422e-02	1.765640e-03	1.526091e-03
13.211        	1.489426e-02	1.765328e-03	1.530558e-03
13.2213       	1.468719e-02	1.760058e-03	1.540052e-03
13.2316       	1.496300e-02	1.761542e-03	1.536687e-03
13.2419       	1.473670e-02	1.768507e-03	1.538846e-03
13.2523       	1.409715e-02	1.769339e-03	1.544367e-03
13.2626       	1.393492e-02	1.777809e-03	1.523074e-03
13.2729       	1.405941e-02	1.774329e-03	1.513748e-03
13.2832       	1.531223e-02	1.778234e-03	1.522686e-03
13.2931       	1.960649e-02	1.702482e-03	1.493394e-03
13.3029       	1.931086e-02	1.707730e-03	1.549713e-03
13.3128       	1.596787e-02	1.708820e-03	1.524197e-03
13.3226       	1.505010e-02	1.713343e-03	1.528075e-03
13.3325       	1.405732e-02	1.715294e-03	1.519478e-03
13.3423       	1.315425e-02	1.715007e-03	1.500668e-03
13.3522       	1.209108e-02	1.709354e-03	1.486133e-03
13.3621       	1.389336e-02	1.710405e-03	1.488702e-03
13.3719       	1.487235e-02	1.720551e-03	1.488464e-03
13.3818       	1.398155e-02	1.726553e-03	1.487211e-03
13.3916       	1.352941e-02	1.718273e-03	1.495255e-03
13.4015       	1.331224e-02	1.720806e-03	1.492681e-03
13.4113       	1.301607e-02	1.725433e-03	1.494754e-03
13.4212       	1.395212e-02	1.735067e-03	1.493345e-03
13.431        	1.344560e-02	1.737248e-03	1.492569e-03
13.4409       	1.359499e-02	1.735130e-03	1.487893e-03
13.4507       	1.349893e-02	1.720154e-03	1.500371e-03
13.4606       	1.294124e-02	1.720863e-03	1.497146e-03
13.4704       	1.326639e-02	1.725546e-03	1.497332e-03
13.4803       	1.327116e-02	1.734702e-03	1.500071e-03
13.4901       	1.402560e-02	1.736997e-03	1.499862e-03
13.5          	1.330091e-02	1.737273e-03	1.498627e-03
13.51         	1.423845e-02	1.759294e-03	1.510466e-03
13.52         	1.452071e-02	1.762064e-03	1.496638e-03
13.53         	1.387617e-02	1.760875e-03	1.491540e-03
13.54         	1.493344e-02	1.756825e-03	1.504726e-03
13.55         	1.364467e-02	1.764891e-03	1.505368e-03
13.56         	1.348982e-02	1.761803e-03	1.514361e-03
13.57         	1.427365e-02	1.760979e-03	1.528364e-03
13.58         	1.471024e-02	1.768310e-03	1.526283e-03
13.59         	1.342983e-02	1.777095e-03	1.531575e-03
13.6          	1.250146e-02	1.775051e-03	1.520098e-03
13.61         	1.335873e-02	1.782744e-03	1.493961e-03
13.62         	1.286857e-02	1.788313e-03	1.489613e-03
13.63         	1.339257e-02	1.782882e-03	1.496234e-03
13.64         	1.283394e-02	1.775002e-03	1.510935e-03
13.65         	1.365156e-02	1.778198e-03	1.517061e-03
13.66         	1.377760e-02	1.785008e-03	1.533504e-03
13.67         	1.382441e-02	1.782062e-03	1.545711e-03
13.6803       	1.621838e-02	1.836203e-03	1.596222e-03
13.6906       	1.641438e-02	1.828568e-03	1.620457e-03
13.7009       	1.441708e-02	1.825843e-03	1.612800e-03
13.7112       	1.379112e-02	1.829991e-03	1.598010e-03
13.7216       	1.445342e-02	1.844429e-03	1.587390e-03
13.7319       	1.548178e-02	1.848476e-03	1.606367e-03
13.7422       	1.483502e-02	1.850504e-03	1.626322e-03
13.7525       	1.479065e-02	1.845530e-03	1.638417e-03
13.7628       	1.374369e-02	1.867405e-03	1.630930e-03
13.7731       	1.480650e-02	1.877406e-03	1.625936e-03
13.7834       	1.441651e-02	1.885289e-03	1.620040e-03
13.7937       	1.444022e-02	1.886267e-03	1.622599e-03
13.8041       	1.551915e-02	1.885901e-03	1.612479e-03
13.8144       	1.508452e-02	1.896337e-03	1.608989e-03
13.8247       	1.373630e-02	1.904581e-03	1.601934e-03
13.835        	1.383654e-02	1.909759e-03	1.607782e-03
13.8453       	1.358916e-02	1.917108e-03	1.620509e-03
13.8556       	1.449809e-02	1.911898e-03	1.628605e-03
13.8659       	1.470104e-02	1.923855e-03	1.625132e-03
13.8762       	1.504246e-02	1.923132e-03	1.631800e-03
13.8866       	1.434953e-02	1.928414e-03	1.636080e-03
13.8969       	1.435591e-02	1.926275e-03	1.641317e-03
13.9072       	1.448848e-02	1.926475e-03	1.638644e-03
13.9175       	1.495929e-02	1.926355e-03	1.627747e-03
13.9278       	1.647201e-02	1.917364e-03	1.636254e-03
13.9381       	1.551602e-02	1.911740e-03	1.640988e-03
13.9484       	1.426696e-02	1.927168e-03	1.630266e-03
13.9587       	1.465288e-02	1.927824e-03	1.616574e-03
13.9691       	1.544027e-02	1.925370e-03	1.613469e-03
13.9794       	1.449793e-02	1.924968e-03	1.629040e-03
13.9897       	1.502582e-02	1.933679e-03	1.635361e-03
14            	1.537050e-02	1.936179e-03	1.647408e-03
14.0106       	1.947973e-02	1.999196e-03	1.714985e-03
14.0213       	1.735932e-02	2.001047e-03	1.761919e-03
14.0319       	1.618923e-02	2.001549e-03	1.761656e-03
14.0426       	1.652570e-02	2.005679e-03	1.760678e-03
14.0532       	1.620419e-02	2.006460e-03	1.742026e-03
14.0638       	1.592247e-02	2.012679e-03	1.748716e-03
14.0745       	1.702472e-02	2.024309e-03	1.755351e-03
14.0851       	1.612898e-02	2.030771e-03	1.750268e-03
14.0957       	1.602837e-02	2.036288e-03	1.741209e-03
14.1061       	1.796425e-02	1.980792e-03	1.696342e-03
14.1165       	1.763620e-02	1.993581e-03	1.718627e-03
14.1268       	1.646755e-02	1.990440e-03	1.696953e-03
14.1372       	1.548371e-02	1.995725e-03	1.690849e-03
14.1476       	1.603065e-02	2.004950e-03	1.671305e-03
14.1576       	1.902078e-02	1.952199e-03	1.631441e-03
14.1677       	1.946845e-02	1.958770e-03	1.663076e-03
14.1775       	1.807077e-02	1.900062e-03	1.594814e-03
14.1873       	2.047197e-02	1.920858e-03	1.631123e-03
14.197        	1.758665e-02	1.917762e-03	1.583452e-03
14.2065       	1.865667e-02	1.845780e-03	1.536813e-03
14.216        	1.861511e-02	1.845229e-03	1.557214e-03
14.2254       	1.781573e-02	1.844879e-03	1.519364e-03
14.2346       	1.823576e-02	1.781237e-03	1.473496e-03
14.2437       	1.894775e-02	1.782636e-03	1.498331e-03
14.2529       	1.709441e-02	1.774238e-03	1.472545e-03
14.262        	1.543846e-02	1.769419e-03	1.457269e-03
14.2712       	1.464604e-02	1.762845e-03	1.450885e-03
14.2803       	1.503578e-02	1.758024e-03	1.459914e-03
14.2895       	1.457562e-02	1.746876e-03	1.461221e-03
14.2987       	1.475371e-02	1.730767e-03	1.457989e-03
14.3078       	1.421132e-02	1.719740e-03	1.457138e-03
14.317        	1.351002e-02	1.723038e-03	1.476677e-03
14.3266       	2.027476e-02	1.796587e-03	1.583745e-03
14.3362       	2.109274e-02	1.844132e-03	1.616001e-03
14.3459       	2.082867e-02	1.814211e-03	1.631651e-03
14.3555       	1.903925e-02	1.791991e-03	1.624228e-03
14.3651       	1.680040e-02	1.788051e-03	1.579977e-03
14.3748       	1.628874e-02	1.801912e-03	1.571438e-03
14.3844       	1.414782e-02	1.812858e-03	1.563730e-03
14.394        	1.406468e-02	1.819814e-03	1.552261e-03
14.4037       	1.501854e-02	1.817235e-03	1.556012e-03
14.4133       	1.400288e-02	1.806506e-03	1.545155e-03
14.4229       	1.691696e-02	1.859452e-03	1.583658e-03
14.4326       	1.397822e-02	1.850304e-03	1.581830e-03
14.4422       	1.625314e-02	1.833273e-03	1.574442e-03
14.4518       	1.456386e-02	1.803048e-03	1.556049e-03
14.4615       	1.613445e-02	1.817541e-03	1.550808e-03
14.4711       	1.481357e-02	1.815714e-03	1.573195e-03
14.4807       	1.667165e-02	1.824981e-03	1.588578e-03
14.4904       	1.550231e-02	1.820817e-03	1.591769e-03
14.5          	1.586222e-02	1.820953e-03	1.578470e-03
14.5102       	2.232904e-02	1.910636e-03	1.666611e-03
14.5204       	1.977656e-02	1.917421e-03	1.715458e-03
14.5306       	1.689127e-02	1.911168e-03	1.694297e-03
14.5408       	1.644635e-02	1.905471e-03	1.708581e-03
14.551        	1.762139e-02	1.902252e-03	1.701318e-03
14.561        	1.743753e-02	1.846971e-03	1.658597e-03
14.571        	1.741013e-02	1.859093e-03	1.664958e-03
14.581        	1.616077e-02	1.861201e-03	1.663589e-03
14.5907       	1.750471e-02	1.834446e-03	1.646546e-03
14.6004       	1.719948e-02	1.853607e-03	1.666747e-03
14.6102       	1.607822e-02	1.847484e-03	1.639616e-03
14.6199       	1.541256e-02	1.840230e-03	1.631190e-03
14.6297       	1.596212e-02	1.835005e-03	1.609988e-03
14.6394       	1.640654e-02	1.846607e-03	1.604750e-03
14.6492       	1.666358e-02	1.854415e-03	1.594167e-03
14.6589       	1.399068e-02	1.856743e-03	1.576373e-03
14.6687       	1.412861e-02	1.847059e-03	1.569457e-03
14.6784       	1.488039e-02	1.845689e-03	1.577809e-03
14.6882       	1.669843e-02	1.844917e-03	1.591506e-03
14.6979       	1.573886e-02	1.852687e-03	1.608923e-03
14.708        	1.978701e-02	1.888736e-03	1.666825e-03
14.718        	1.724252e-02	1.886694e-03	1.693713e-03
14.7281       	1.754397e-02	1.883202e-03	1.713434e-03
14.7382       	1.806491e-02	1.874978e-03	1.711012e-03
14.7482       	1.774538e-02	1.892123e-03	1.702739e-03
14.7583       	1.721235e-02	1.909928e-03	1.691633e-03
14.7688       	1.967173e-02	1.992557e-03	1.745350e-03
14.7793       	1.908124e-02	1.994928e-03	1.806676e-03
14.7898       	1.802478e-02	1.990189e-03	1.789423e-03
14.8003       	1.715586e-02	2.001348e-03	1.775877e-03
14.8109       	1.778132e-02	2.014930e-03	1.772276e-03
14.8214       	1.703518e-02	2.017087e-03	1.762932e-03
14.8319       	1.616987e-02	2.009209e-03	1.763690e-03
14.8424       	1.668162e-02	2.003663e-03	1.773675e-03
14.8529       	1.761634e-02	1.996851e-03	1.770550e-03
14.8634       	1.543714e-02	2.000543e-03	1.753758e-03
14.8739       	1.574118e-02	2.007336e-03	1.724454e-03
14.8844       	1.667362e-02	1.984259e-03	1.716217e-03
14.8949       	1.572264e-02	1.958723e-03	1.717725e-03
14.9054       	1.542130e-02	1.928703e-03	1.718020e-03
14.9149       	3.091025e-02	1.735736e-03	1.634580e-03
14.9243       	2.559137e-02	1.807349e-03	1.768009e-03
14.9338       	1.885486e-02	1.760889e-03	1.649004e-03
14.9433       	1.592032e-02	1.752939e-03	1.654394e-03
14.9527       	1.574643e-02	1.749334e-03	1.619109e-03
14.9622       	1.581975e-02	1.753535e-03	1.612090e-03
14.9716       	1.559279e-02	1.745953e-03	1.607808e-03
14.9811       	1.542965e-02	1.748601e-03	1.627578e-03
14.9905       	1.580268e-02	1.755132e-03	1.626877e-03
15            	1.588613e-02	1.787171e-03	1.634378e-03
15.01         	2.065427e-02	1.904339e-03	1.753209e-03
15.02         	2.119707e-02	1.913640e-03	1.813329e-03
15.03         	1.720512e-02	1.895225e-03	1.783636e-03
15.04         	1.746849e-02	1.876917e-03	1.808105e-03
15.0502       	1.771018e-02	1.899451e-03	1.834065e-03
15.0604       	1.625064e-02	1.886927e-03	1.887241e-03
15.0707       	1.595769e-02	1.867935e-03	1.881251e-03
15.0809       	1.711699e-02	1.884810e-03	1.889599e-03
15.0911       	2.017770e-02	1.891824e-03	1.887393e-03
15.1013       	1.832939e-02	1.861508e-03	1.883946e-03
15.1116       	1.669284e-02	1.866415e-03	1.844302e-03
15.1218       	1.588777e-02	1.886406e-03	1.810527e-03
15.132        	1.581779e-02	1.884966e-03	1.803047e-03
15.1422       	1.518242e-02	1.871247e-03	1.817564e-03
15.1522       	1.621953e-02	1.817148e-03	1.780800e-03
15.1621       	1.671239e-02	1.821768e-03	1.806632e-03
15.172        	1.633243e-02	1.830492e-03	1.818205e-03
15.182        	1.664680e-02	1.858780e-03	1.825080e-03
15.1919       	1.710224e-02	1.821091e-03	1.815185e-03
15.2019       	1.420145e-02	1.799575e-03	1.785310e-03
15.2115       	1.669713e-02	1.724061e-03	1.728498e-03
15.2211       	1.624574e-02	1.731950e-03	1.757187e-03
15.2307       	1.550926e-02	1.736969e-03	1.715062e-03
15.2403       	1.766834e-02	1.781160e-03	1.718373e-03
15.2499       	1.725042e-02	1.763720e-03	1.721127e-03
15.2596       	1.630278e-02	1.773433e-03	1.707494e-03
15.2692       	1.744183e-02	1.774677e-03	1.710694e-03
15.2788       	1.591230e-02	1.772051e-03	1.714325e-03
15.2884       	1.604463e-02	1.795217e-03	1.713065e-03
15.298        	1.498683e-02	1.790258e-03	1.714399e-03
15.3076       	1.459821e-02	1.791064e-03	1.710860e-03
15.3173       	1.427232e-02	1.774926e-03	1.705800e-03
15.3269       	1.420074e-02	1.763536e-03	1.704614e-03
15.3365       	1.621071e-02	1.767137e-03	1.718474e-03
15.3461       	1.719352e-02	1.768360e-03	1.730021e-03
15.3557       	1.683854e-02	1.759219e-03	1.738551e-03
15.3654       	1.581134e-02	1.746274e-03	1.725608e-03
15.375        	1.610882e-02	1.736188e-03	1.706319e-03
15.3846       	1.597217e-02	1.724716e-03	1.707652e-03
15.3942       	1.540612e-02	1.735000e-03	1.725985e-03
15.4038       	1.534587e-02	1.740086e-03	1.725569e-03
15.4134       	1.548424e-02	1.741378e-03	1.722820e-03
15.4231       	1.724198e-02	1.737814e-03	1.727448e-03
15.4327       	1.608915e-02	1.721590e-03	1.733598e-03
15.4423       	1.431854e-02	1.713764e-03	1.735794e-03
15.4519       	1.384558e-02	1.712730e-03	1.723660e-03
15.4615       	1.502058e-02	1.711850e-03	1.713081e-03
15.4711       	1.535640e-02	1.707819e-03	1.705617e-03
15.4808       	1.604091e-02	1.702948e-03	1.698555e-03
15.4904       	1.722026e-02	1.712209e-03	1.708561e-03
15.5          	1.468285e-02	1.711656e-03	1.703902e-03
15.5106       	2.867080e-02	1.876818e-03	1.911840e-03
15.5213       	2.472108e-02	1.902018e-03	1.986536e-03
15.5319       	1.829127e-02	1.841740e-03	1.954221e-03
15.5426       	1.809256e-02	1.826453e-03	1.962926e-03
15.5532       	1.689511e-02	1.823552e-03	1.928010e-03
15.5638       	1.635925e-02	1.825007e-03	1.912378e-03
15.5745       	1.526598e-02	1.820145e-03	1.901847e-03
15.5851       	1.533128e-02	1.803100e-03	1.907183e-03
15.5957       	1.409213e-02	1.793814e-03	1.908864e-03
15.6064       	1.533710e-02	1.789159e-03	1.912953e-03
15.617        	1.509680e-02	1.798378e-03	1.896964e-03
15.6277       	1.636422e-02	1.805160e-03	1.895409e-03
15.638        	1.876979e-02	1.740623e-03	1.866500e-03
15.6483       	1.829586e-02	1.749915e-03	1.907256e-03
15.6587       	1.691444e-02	1.735042e-03	1.883699e-03
15.669        	1.695774e-02	1.747325e-03	1.873812e-03
15.6791       	1.834904e-02	1.691127e-03	1.819868e-03
15.6891       	1.838547e-02	1.708018e-03	1.860379e-03
15.6991       	1.733069e-02	1.699938e-03	1.820702e-03
15.7091       	1.719759e-02	1.695830e-03	1.829049e-03
15.7188       	1.990776e-02	1.635026e-03	1.760986e-03
15.7285       	1.876687e-02	1.652157e-03	1.800350e-03
15.7382       	1.663088e-02	1.652525e-03	1.755718e-03
15.7479       	1.576643e-02	1.642978e-03	1.760715e-03
15.7573       	1.967737e-02	1.577933e-03	1.692331e-03
15.7666       	1.883370e-02	1.585959e-03	1.724423e-03
15.7759       	1.717998e-02	1.570498e-03	1.677889e-03
15.7853       	1.587604e-02	1.565684e-03	1.672617e-03
15.7946       	1.454527e-02	1.561301e-03	1.644969e-03
15.8039       	1.400618e-02	1.538171e-03	1.636748e-03
15.8133       	1.304459e-02	1.523815e-03	1.609064e-03
15.8226       	1.406878e-02	1.529445e-03	1.602677e-03
15.832        	1.359024e-02	1.520708e-03	1.587382e-03
15.8413       	1.446831e-02	1.492049e-03	1.584126e-03
15.8506       	1.336456e-02	1.469269e-03	1.588280e-03
15.86         	1.312263e-02	1.449097e-03	1.581630e-03
15.8693       	1.317328e-02	1.422983e-03	1.578777e-03
15.8786       	1.399257e-02	1.411647e-03	1.576091e-03
15.888        	1.270190e-02	1.402325e-03	1.563576e-03
15.8973       	1.418622e-02	1.412481e-03	1.551584e-03
15.9066       	1.509094e-02	1.415060e-03	1.560389e-03
15.916        	1.418391e-02	1.408527e-03	1.561536e-03
15.9253       	1.575911e-02	1.402571e-03	1.553301e-03
15.9346       	1.543703e-02	1.400036e-03	1.552522e-03
15.944        	1.420013e-02	1.419491e-03	1.553063e-03
15.9533       	1.312646e-02	1.420761e-03	1.534848e-03
15.9627       	1.394241e-02	1.410982e-03	1.525369e-03
15.972        	1.367169e-02	1.413829e-03	1.540019e-03
15.9813       	1.285728e-02	1.412287e-03	1.540212e-03
15.9907       	1.276195e-02	1.416535e-03	1.534844e-03
16            	1.385818e-02	1.398668e-03	1.523530e-03
16.0102       	2.558895e-02	1.501158e-03	1.656518e-03
16.0204       	2.165346e-02	1.511323e-03	1.703369e-03
16.0306       	1.711763e-02	1.465467e-03	1.652518e-03
16.0408       	1.724573e-02	1.470891e-03	1.674113e-03
16.051        	1.642169e-02	1.446658e-03	1.629618e-03
16.0612       	1.458394e-02	1.418199e-03	1.629671e-03
16.0714       	1.460530e-02	1.401310e-03	1.603897e-03
16.0816       	1.535236e-02	1.393064e-03	1.604469e-03
16.0918       	1.564628e-02	1.393669e-03	1.597145e-03
16.1018       	1.595990e-02	1.353417e-03	1.577714e-03
16.1117       	1.516623e-02	1.339953e-03	1.603428e-03
16.1217       	1.401417e-02	1.321697e-03	1.570077e-03
16.1317       	1.375069e-02	1.320446e-03	1.567453e-03
16.1414       	1.644408e-02	1.287611e-03	1.525308e-03
16.151        	1.509595e-02	1.294427e-03	1.551939e-03
16.1607       	1.496220e-02	1.288300e-03	1.509012e-03
16.1704       	1.428647e-02	1.286658e-03	1.510853e-03
16.1801       	1.408419e-02	1.283250e-03	1.504399e-03
16.1898       	1.423161e-02	1.289139e-03	1.515729e-03
16.1995       	1.484040e-02	1.302267e-03	1.517946e-03
16.2092       	1.487047e-02	1.328185e-03	1.508596e-03
16.2189       	1.360453e-02	1.359181e-03	1.513251e-03
16.2286       	1.290440e-02	1.360522e-03	1.502572e-03
16.2383       	1.482521e-02	1.335792e-03	1.495596e-03
16.248        	1.337966e-02	1.327722e-03	1.487624e-03
16.2577       	1.290265e-02	1.328603e-03	1.481743e-03
16.2674       	1.304195e-02	1.324783e-03	1.491397e-03
16.2771       	1.345436e-02	1.324887e-03	1.481948e-03
16.2867       	1.352819e-02	1.317627e-03	1.473753e-03
16.2964       	1.431487e-02	1.319730e-03	1.476292e-03
16.3061       	1.491982e-02	1.319481e-03	1.475267e-03
16.3158       	1.405994e-02	1.339996e-03	1.474216e-03
16.3261       	2.027527e-02	1.423493e-03	1.570267e-03
16.3363       	1.812044e-02	1.446733e-03	1.611302e-03
16.3465       	1.498826e-02	1.422354e-03	1.575384e-03
16.3568       	1.417287e-02	1.422608e-03	1.562380e-03
16.367        	1.456577e-02	1.423127e-03	1.530668e-03
16.3772       	1.382959e-02	1.435184e-03	1.532468e-03
16.3875       	1.337124e-02	1.430081e-03	1.527238e-03
16.3977       	1.295523e-02	1.436371e-03	1.520299e-03
16.4079       	1.357463e-02	1.460138e-03	1.515069e-03
16.4181       	1.263232e-02	1.452312e-03	1.508327e-03
16.4284       	1.193542e-02	1.436443e-03	1.479705e-03
16.4386       	1.327408e-02	1.432681e-03	1.477993e-03
16.4488       	1.310420e-02	1.424071e-03	1.476771e-03
16.4591       	1.220961e-02	1.420110e-03	1.476140e-03
16.4693       	1.311481e-02	1.411659e-03	1.476555e-03
16.4795       	1.400013e-02	1.425211e-03	1.477412e-03
16.4898       	1.363997e-02	1.430594e-03	1.482270e-03
16.5          	1.362585e-02	1.433211e-03	1.483170e-03
16.5104       	1.490138e-02	1.457011e-03	1.525253e-03
16.5208       	1.478521e-02	1.461549e-03	1.549727e-03
16.5313       	1.477437e-02	1.467686e-03	1.547488e-03
16.5417       	1.489248e-02	1.465013e-03	1.559998e-03
16.5521       	1.563987e-02	1.463941e-03	1.564319e-03
16.5625       	1.634155e-02	1.460882e-03	1.583868e-03
16.5729       	1.619107e-02	1.469216e-03	1.600846e-03
16.5833       	1.396272e-02	1.472871e-03	1.605225e-03
16.5938       	1.474071e-02	1.474102e-03	1.605787e-03
