/*--------------------------------*- C++ -*----------------------------------*\
  =========                 |
  \\      /  F ield         | OpenFOAM: The Open Source CFD Toolbox
   \\    /   O peration     | Website:  https://openfoam.org
    \\  /    A nd           | Version:  8
     \\/     M anipulation  |
\*---------------------------------------------------------------------------*/
FoamFile
{
    version     2.0;
    format      ascii;
    class       volScalarField;
    location    "9.8";
    object      p;
}
// * * * * * * * * * * * * * * * * * * * * * * * * * * * * * * * * * * * * * //

dimensions      [0 2 -2 0 0 0 0];

internalField   nonuniform List<scalar> 
5101
(
6.80477e-06
7.47195e-06
7.157e-06
2.42538e-06
7.51298e-06
2.17542e-06
1.08335e-06
9.60809e-06
7.91357e-07
2.51702e-06
7.01327e-06
1.8726e-06
5.33606e-07
1.34076e-06
4.78069e-06
4.58107e-06
3.79049e-06
2.70515e-06
5.36968e-06
9.07632e-06
6.03929e-06
2.47906e-06
4.69494e-06
2.95527e-06
5.80977e-06
3.82457e-06
4.94188e-06
5.47665e-06
7.10083e-06
6.84821e-06
5.6455e-06
4.95474e-06
4.59404e-06
9.20832e-06
6.14159e-06
6.37429e-06
6.62565e-06
6.33299e-06
7.32888e-06
9.27477e-06
9.6416e-06
1.15457e-06
5.23604e-06
4.48464e-06
7.23341e-06
4.74731e-06
7.38694e-06
2.78458e-06
6.57811e-06
5.62755e-06
7.17959e-06
6.43829e-06
6.14883e-06
6.67685e-07
9.58377e-06
7.17028e-06
6.56007e-06
9.25849e-06
9.55002e-06
4.08445e-06
9.19757e-07
4.96755e-06
9.65984e-06
6.31143e-06
5.33196e-06
7.61217e-06
1.1712e-06
3.63616e-06
6.00351e-06
9.64926e-06
2.32054e-06
8.98752e-06
9.63897e-06
5.11923e-06
4.43369e-06
9.11771e-06
2.89486e-06
9.16533e-06
9.41529e-06
2.01796e-06
9.65185e-06
1.59427e-06
2.88835e-06
6.09474e-06
9.58067e-06
6.61162e-06
7.54414e-06
2.28686e-06
7.79877e-06
4.36132e-06
9.09866e-06
3.50826e-07
6.46864e-06
6.08239e-06
6.77579e-06
6.86114e-06
9.1584e-06
7.7164e-06
9.59005e-06
7.91386e-06
5.77701e-06
9.43083e-06
1.62284e-06
8.01384e-06
4.71435e-06
9.1686e-06
6.31707e-06
7.80364e-06
9.43533e-06
3.44539e-06
1.55108e-06
1.70853e-06
6.54833e-06
7.49952e-06
3.51415e-06
9.13841e-06
9.1964e-06
3.49208e-06
4.969e-06
4.29454e-06
1.78114e-06
3.23805e-06
9.06273e-06
8.07863e-06
4.21081e-06
9.65835e-06
5.18465e-06
7.21937e-06
9.64777e-06
2.24065e-06
6.93194e-06
6.64934e-06
7.66896e-06
9.63053e-06
6.79111e-06
6.89066e-06
9.23987e-06
6.54074e-06
7.66879e-07
9.38865e-06
9.08158e-06
8.31451e-06
9.28514e-06
6.34053e-06
3.87574e-06
4.04119e-06
9.44834e-06
6.01561e-06
8.11904e-06
9.26406e-06
6.16862e-06
9.64388e-06
5.45184e-06
3.37711e-06
7.93624e-06
5.84479e-06
2.94632e-06
9.08711e-06
5.85305e-06
6.00341e-06
5.28929e-07
9.17284e-06
3.35551e-06
7.22576e-06
7.904e-06
7.02054e-06
5.4307e-06
6.67982e-06
2.38384e-06
9.23278e-06
3.38409e-06
5.65916e-06
5.91371e-06
7.35599e-06
7.89788e-06
3.21546e-06
1.93819e-06
9.61181e-06
4.66217e-06
7.16716e-06
7.57881e-06
3.70146e-06
5.62163e-06
8.76982e-06
9.20747e-06
6.67082e-06
9.50227e-06
5.31423e-06
6.19149e-06
6.46804e-06
7.86537e-06
6.14156e-06
9.20891e-06
9.18635e-06
4.00556e-06
6.65191e-06
9.66224e-06
7.87179e-06
1.39016e-06
1.55223e-06
5.11955e-06
7.93213e-06
7.03596e-06
9.12791e-06
9.51936e-06
7.01003e-06
8.28847e-06
3.11502e-06
9.62099e-06
2.09204e-06
7.66882e-06
5.24609e-07
4.21845e-06
9.27958e-06
1.46112e-06
9.18274e-07
7.27781e-06
6.81976e-06
1.69998e-06
3.42551e-06
6.93946e-07
3.21606e-06
8.62791e-06
7.66659e-06
8.2164e-06
9.73809e-06
3.17032e-06
7.75337e-06
2.24522e-06
9.65625e-06
9.06861e-06
8.25433e-06
7.79834e-06
5.87966e-06
8.79899e-06
9.56915e-06
9.65464e-06
3.40562e-06
6.16466e-06
7.58262e-06
2.39653e-06
9.65419e-06
9.66117e-06
6.74378e-06
5.96029e-06
7.4698e-06
6.31948e-06
9.07865e-06
7.25634e-06
6.23792e-06
7.30924e-06
1.98955e-06
1.65136e-06
6.29634e-06
3.47559e-06
4.69962e-06
4.66885e-06
5.6658e-06
3.5992e-06
9.34313e-06
4.51597e-06
4.16561e-06
4.87993e-06
3.27764e-06
3.25258e-06
9.29353e-06
6.99834e-06
2.62596e-06
1.27752e-06
9.14893e-06
4.14892e-06
4.14098e-06
8.9551e-06
3.99193e-06
9.50199e-06
8.83462e-06
9.32104e-06
9.19863e-06
2.54902e-06
2.7008e-06
5.51389e-06
6.10011e-06
4.96295e-06
7.1301e-06
9.09391e-06
5.89219e-06
6.41523e-06
5.73551e-06
7.49175e-06
8.56428e-06
4.04289e-06
8.9487e-06
6.1099e-06
9.32427e-06
4.80415e-06
9.65293e-06
2.5657e-06
6.30305e-06
8.68052e-06
6.536e-06
9.31531e-06
8.97994e-06
7.10612e-06
4.28223e-07
-1.02283e-07
7.92524e-06
5.75803e-06
9.03474e-06
2.61051e-06
6.9479e-06
3.00981e-06
5.60726e-07
6.58138e-06
6.76027e-06
5.58333e-06
9.65114e-06
3.46606e-06
8.8254e-06
5.88713e-06
9.26225e-06
7.76616e-06
8.50086e-06
9.21531e-06
4.21575e-06
2.14306e-06
7.27552e-06
9.4437e-06
7.5508e-06
8.81876e-06
2.85635e-06
6.80507e-06
1.9414e-06
9.32277e-06
6.83135e-06
2.87539e-06
9.65107e-06
6.63302e-06
7.11018e-06
6.98205e-06
6.85051e-06
7.83807e-06
2.24763e-06
3.30537e-06
6.31089e-07
1.85886e-06
6.42407e-06
6.08718e-06
6.05696e-06
5.40164e-06
9.43696e-06
9.37792e-06
4.75241e-06
5.88721e-06
2.88766e-06
7.28823e-07
9.13787e-06
8.24363e-06
2.77358e-06
8.02207e-06
2.55797e-07
9.65058e-06
2.3273e-06
9.56942e-06
7.0768e-06
6.60971e-06
5.74357e-06
8.10703e-06
1.30642e-06
9.20209e-06
7.15201e-06
9.03044e-06
8.77517e-06
7.92451e-06
6.70296e-06
7.58627e-06
7.42616e-06
8.81834e-06
8.33289e-07
4.04615e-06
3.38954e-06
6.7084e-06
5.73068e-06
7.30081e-06
5.70974e-06
2.53407e-06
1.12286e-06
3.75956e-06
3.10465e-06
6.98722e-06
2.2347e-06
6.00169e-06
6.00205e-06
1.39891e-06
2.82576e-06
1.94177e-06
2.5477e-06
2.26942e-06
6.2203e-06
9.54574e-06
3.55528e-06
6.03626e-06
3.54642e-06
6.44482e-06
3.30889e-06
7.39504e-06
5.46413e-06
5.55273e-06
9.18935e-06
5.35726e-06
9.6288e-06
5.6904e-06
6.29519e-06
9.36536e-06
5.53751e-06
6.51713e-06
5.41274e-06
7.73261e-06
5.81042e-06
9.63492e-06
3.29079e-06
3.25875e-06
5.27365e-06
1.89404e-06
-2.21859e-07
6.90084e-06
2.70604e-06
9.64378e-06
3.75411e-06
7.69551e-06
7.12752e-06
4.05351e-06
7.76869e-06
3.10246e-07
8.03381e-06
9.44546e-06
3.25382e-06
9.02598e-06
3.55562e-06
3.52972e-06
5.59139e-07
3.51554e-06
3.49205e-06
5.4569e-06
3.69504e-06
3.9056e-06
4.34547e-06
6.00692e-06
6.73072e-06
2.85068e-06
6.41551e-06
7.02161e-06
5.44727e-06
5.41742e-06
5.36974e-06
5.31628e-06
1.01427e-06
9.39848e-06
8.23658e-06
8.56004e-06
2.01357e-06
7.55565e-06
6.78485e-06
7.83757e-06
3.33477e-06
9.46659e-06
5.02513e-06
5.92752e-06
1.62365e-06
6.85539e-06
6.66316e-06
4.39212e-06
4.36299e-06
9.35718e-06
7.43432e-06
6.66935e-06
9.5429e-06
9.62301e-06
9.40689e-06
7.48429e-06
5.90199e-06
1.53974e-06
2.16703e-06
9.55243e-06
9.37907e-06
6.9077e-06
7.01053e-06
6.41512e-06
8.42341e-06
4.05146e-06
4.94685e-06
6.198e-06
9.11713e-06
3.00963e-06
1.68162e-07
5.81735e-06
6.68555e-06
3.84047e-06
4.58351e-06
8.92547e-06
2.41232e-06
9.63448e-06
5.44106e-06
7.77423e-06
7.39668e-06
7.35378e-06
2.91336e-06
9.32536e-06
7.39373e-06
3.17862e-06
3.47402e-06
9.19162e-06
2.86662e-06
8.06179e-07
7.09699e-06
1.76768e-06
2.17733e-06
2.59938e-06
1.22339e-06
3.03363e-06
4.60136e-06
4.61748e-06
8.06874e-06
7.04625e-06
4.23346e-06
7.03756e-07
7.47051e-06
7.64513e-06
6.10322e-06
9.57183e-06
9.06113e-06
5.15218e-06
5.56838e-06
2.31903e-06
8.73735e-07
4.64655e-06
3.83822e-06
3.84199e-06
9.30089e-06
4.02391e-06
9.54018e-06
1.8509e-06
4.01662e-06
6.69972e-06
1.50381e-06
1.95465e-06
2.40129e-06
2.84517e-06
3.28736e-06
6.95559e-06
6.07671e-06
6.51197e-06
5.6651e-06
5.20497e-06
2.86046e-06
3.28527e-06
5.5706e-06
5.96584e-06
3.44829e-06
3.4419e-06
4.21519e-06
5.45039e-06
8.86981e-06
9.55048e-06
4.69002e-06
8.29788e-06
4.80477e-06
4.5529e-06
9.35235e-06
3.61944e-06
4.37937e-06
5.84763e-06
3.5364e-07
5.53549e-06
6.49192e-06
8.77074e-06
7.26563e-06
2.55333e-06
6.07264e-07
9.12473e-06
8.17305e-06
9.46955e-06
7.54856e-06
3.1648e-06
6.93177e-06
4.35585e-06
8.81711e-06
9.60182e-06
7.38706e-06
7.64923e-06
1.1126e-06
3.42222e-06
5.83848e-06
4.83137e-06
4.86567e-06
6.45395e-06
1.82393e-06
4.78006e-06
4.78011e-06
1.57044e-06
9.13405e-06
2.9544e-06
9.2187e-06
5.72485e-06
9.25688e-06
2.47154e-06
5.21689e-06
7.16531e-06
5.32444e-06
5.07256e-06
3.27582e-06
3.27136e-06
7.30694e-06
7.39684e-06
9.62645e-06
9.66067e-06
8.15075e-06
9.40938e-06
9.66623e-06
5.96594e-06
7.77546e-06
4.50774e-06
9.65966e-06
6.34611e-06
9.19551e-06
3.42189e-06
7.0019e-06
8.68645e-06
5.82526e-06
8.72437e-06
5.38406e-06
6.91642e-06
6.84966e-06
7.24317e-06
4.43984e-06
7.17917e-06
9.35659e-06
4.31925e-06
4.31878e-06
3.30818e-06
1.49131e-06
2.8722e-06
2.43961e-06
2.00757e-06
1.04885e-06
8.9758e-06
4.14945e-06
4.74073e-06
7.74642e-06
5.29074e-06
2.99228e-06
7.85919e-06
9.60483e-06
5.70337e-06
2.77876e-06
9.64927e-06
6.26637e-06
7.53575e-06
5.27666e-07
7.07117e-06
9.59009e-06
9.29375e-06
2.62418e-06
4.44921e-06
4.46104e-06
4.77694e-06
3.18127e-06
1.36459e-06
5.21866e-06
4.55709e-06
6.0775e-06
8.30565e-06
7.83616e-06
4.79642e-06
5.82064e-06
4.67179e-06
9.3376e-07
2.74179e-06
2.316e-06
1.9033e-06
5.5631e-06
7.59291e-06
7.27128e-06
6.26774e-06
9.35118e-06
8.55427e-06
2.02177e-06
9.49118e-06
9.66607e-06
5.56944e-06
2.9409e-06
3.87129e-06
4.69118e-06
5.01067e-06
7.11328e-06
2.48245e-06
6.38435e-06
9.64603e-07
7.55501e-06
6.27011e-07
2.20078e-06
7.74825e-06
3.5802e-06
2.21051e-06
9.26802e-06
6.34689e-06
5.0993e-06
8.43692e-07
2.66878e-07
4.92271e-06
2.19567e-06
7.0977e-06
9.65891e-06
7.61168e-06
4.25338e-06
7.15607e-06
8.82418e-06
6.51886e-06
6.58364e-06
8.44601e-07
3.01349e-06
6.03625e-06
4.9031e-06
4.92948e-06
1.45408e-06
5.51544e-06
9.06142e-06
9.99845e-07
3.31249e-06
5.96566e-06
6.59564e-06
1.70572e-06
4.97825e-06
5.01005e-06
5.07615e-06
1.90096e-06
6.03326e-06
7.03369e-06
5.66903e-06
7.1836e-06
5.46893e-06
9.41717e-06
9.0693e-06
4.62061e-06
6.0514e-06
6.47394e-06
1.01847e-06
6.90449e-06
8.44348e-06
6.52532e-06
4.29973e-06
6.63091e-06
9.66047e-06
5.07213e-06
6.46102e-07
4.5367e-06
6.61951e-06
5.59968e-06
5.14337e-06
8.94673e-06
5.03969e-06
6.9313e-06
7.45718e-06
9.32177e-06
4.37997e-06
7.36071e-06
8.70118e-06
6.69344e-06
6.50386e-06
9.10199e-06
7.31315e-06
7.99925e-06
3.25921e-06
7.849e-06
4.79706e-06
7.01681e-06
3.25792e-06
7.70316e-06
1.23754e-06
9.43861e-06
3.32776e-06
9.1284e-06
5.40549e-07
9.45102e-06
3.60712e-06
5.26862e-06
6.35399e-06
3.71013e-06
9.3275e-06
9.5259e-06
8.42211e-06
8.48498e-06
5.79142e-06
1.05131e-06
5.7146e-06
3.85906e-06
6.11243e-06
6.26003e-06
3.4087e-06
4.54412e-06
5.92995e-06
6.09349e-06
7.739e-06
5.73821e-06
9.65032e-06
9.35977e-06
8.72845e-07
3.174e-06
6.11532e-06
6.7374e-06
1.56488e-06
5.12348e-06
5.15605e-06
5.0749e-06
5.04886e-06
1.30641e-06
7.12743e-06
9.66367e-06
9.4327e-06
3.3821e-06
6.63913e-06
9.64688e-06
9.38407e-06
9.64969e-06
7.96502e-06
3.14791e-06
5.70226e-07
5.76637e-07
5.68871e-06
5.17543e-07
5.22492e-07
2.73393e-06
5.74006e-07
6.44353e-06
7.55055e-07
1.41713e-06
5.98927e-06
3.73726e-06
4.93736e-06
1.05798e-06
1.80747e-06
1.78241e-06
1.05578e-06
1.79636e-06
6.60627e-06
4.76306e-06
9.74378e-07
4.93419e-06
3.2771e-06
3.73713e-06
1.68279e-06
5.02148e-06
4.98537e-06
4.31967e-06
4.19216e-06
9.54239e-06
1.21404e-06
1.20551e-06
1.55093e-06
1.36446e-06
1.35299e-06
3.43021e-06
5.07876e-06
7.33961e-06
7.36693e-06
2.46731e-06
4.99183e-06
1.52537e-06
6.85137e-06
9.02791e-07
6.34977e-06
7.05477e-07
7.34998e-06
7.69025e-06
9.19467e-06
9.61662e-06
3.92225e-06
1.28557e-06
7.42895e-06
5.97091e-06
9.25137e-06
6.37393e-06
2.33588e-06
6.78891e-06
5.34249e-06
9.07812e-06
5.56769e-07
8.42131e-06
4.39834e-06
3.77762e-06
8.00077e-06
7.1787e-06
3.24406e-06
4.13461e-06
9.18921e-06
7.022e-06
2.93598e-06
9.63158e-06
4.08174e-06
4.05397e-06
9.17337e-06
1.95435e-06
1.94455e-06
1.93158e-06
6.40614e-06
8.3192e-06
4.38503e-06
6.84816e-06
2.44415e-06
5.50344e-06
7.50998e-06
6.19469e-06
7.18709e-06
9.60811e-06
8.91827e-06
6.47081e-06
5.63067e-06
7.50896e-06
2.38106e-06
7.37921e-06
1.33132e-06
8.60536e-06
2.54809e-06
7.24786e-06
5.51425e-06
2.99816e-06
1.07856e-06
8.97754e-06
1.98738e-06
9.46963e-06
6.94853e-06
7.71153e-07
7.47086e-06
9.66609e-06
2.99277e-06
2.54972e-06
2.1042e-06
1.65514e-06
5.04639e-06
3.43535e-06
3.4376e-06
5.52073e-06
4.99361e-06
9.64892e-06
9.5994e-06
3.19949e-06
9.01194e-06
5.37718e-06
9.32715e-06
1.67729e-06
1.76713e-06
7.3601e-07
7.43302e-06
3.39045e-06
3.37555e-06
8.38908e-06
7.08697e-06
2.75297e-06
1.18826e-06
1.17822e-06
7.16627e-06
5.69445e-07
5.60865e-07
9.42751e-06
5.50938e-06
6.48827e-06
8.00193e-06
4.76499e-06
1.17544e-06
1.90458e-06
6.32846e-06
1.92547e-06
1.91781e-06
8.30259e-06
9.10012e-06
7.62948e-06
6.34313e-06
7.68124e-06
9.1969e-06
9.31801e-06
3.0584e-06
1.20015e-06
5.44231e-06
7.42656e-07
7.49316e-07
1.51296e-06
1.50175e-06
1.48073e-06
7.44604e-06
7.12856e-06
6.13709e-06
9.23976e-06
2.35702e-06
3.86191e-06
8.04195e-06
9.62285e-06
5.35448e-06
3.90377e-06
7.74337e-08
4.73885e-06
6.69824e-06
9.27006e-06
4.29247e-06
9.66094e-06
7.01828e-06
7.71605e-06
4.87066e-06
9.56311e-06
3.86445e-06
3.49246e-06
4.06241e-06
9.37866e-06
6.17585e-06
2.59114e-06
1.86504e-06
4.49578e-06
3.98366e-06
3.98936e-06
6.79671e-06
6.24562e-06
9.46732e-06
5.34563e-06
8.2933e-07
7.83969e-06
1.64375e-06
7.99261e-06
7.31456e-06
6.2557e-06
9.64017e-06
4.85612e-06
9.66304e-06
2.35188e-06
1.33878e-06
1.32941e-06
3.77239e-06
3.02875e-06
6.24544e-06
4.47996e-06
5.94749e-07
8.14799e-06
6.16285e-06
9.01821e-06
5.01627e-06
6.4931e-06
9.58708e-06
3.87986e-06
3.87709e-06
1.54025e-06
6.55265e-06
9.34609e-06
4.48155e-06
2.47252e-06
1.46001e-06
1.47796e-06
1.48662e-06
8.59356e-06
7.13606e-07
7.23433e-07
3.86017e-06
9.61972e-06
6.79643e-06
8.69124e-06
9.66171e-06
5.68053e-06
6.84327e-06
8.43551e-06
1.11332e-06
7.06158e-07
9.94134e-07
1.28641e-06
2.07211e-06
2.36466e-06
5.90408e-06
2.66747e-06
7.19186e-06
2.09808e-06
2.08878e-06
2.9786e-06
2.07774e-06
5.61706e-06
4.46779e-06
6.9016e-06
4.17073e-06
5.32419e-06
5.86602e-06
6.88094e-06
6.5874e-06
5.28351e-06
6.28887e-06
5.57672e-06
5.24092e-06
3.88058e-06
5.22373e-06
4.01881e-06
4.26507e-06
4.23656e-06
2.38849e-06
2.67015e-06
2.94945e-06
3.22834e-06
3.51853e-06
3.83808e-06
2.02991e-06
7.30211e-06
7.14596e-06
7.71408e-06
6.72037e-06
1.72441e-07
1.72907e-07
5.24124e-06
4.61478e-06
4.16818e-06
4.01842e-06
1.26431e-06
5.09071e-06
5.08561e-06
5.13577e-06
5.17386e-06
3.12952e-06
6.13953e-06
6.75535e-06
8.29864e-07
9.40876e-06
1.44955e-06
3.0931e-06
2.05333e-06
9.10905e-06
9.50915e-06
2.06984e-06
8.25752e-06
2.05963e-06
6.92058e-06
3.01361e-06
6.26648e-06
6.88217e-06
1.41965e-06
5.27241e-06
5.30339e-06
5.22425e-06
5.19035e-06
1.15769e-06
7.63126e-06
6.80465e-06
1.24018e-06
9.25065e-06
5.90689e-06
9.16275e-06
8.14167e-06
2.31992e-07
8.88985e-06
9.65001e-06
6.95449e-06
1.7118e-06
5.37335e-06
3.71804e-06
9.21429e-06
7.30118e-06
4.64357e-06
8.51025e-06
4.95437e-06
9.36253e-06
9.63703e-06
9.17252e-06
8.33908e-06
7.50817e-06
1.18239e-06
6.49946e-06
2.23246e-06
7.07665e-06
4.78435e-06
7.64776e-06
9.23355e-06
9.11222e-06
9.15129e-06
7.6396e-06
9.42893e-06
1.48091e-06
2.01059e-06
9.42031e-06
7.61335e-06
6.78114e-06
9.58871e-06
9.41928e-06
9.48615e-06
1.76017e-06
9.10778e-06
8.87246e-06
5.80352e-06
6.87145e-06
6.62135e-06
3.53784e-06
3.7479e-06
4.19361e-06
2.68872e-06
6.56373e-06
7.16282e-06
5.56414e-06
5.59129e-06
5.51774e-06
8.69782e-07
3.24512e-06
3.90139e-06
6.8517e-06
2.38254e-06
5.85596e-06
5.86954e-06
2.96436e-06
3.61709e-06
6.15002e-06
2.08718e-06
2.68578e-06
1.79568e-06
2.40769e-06
2.12901e-06
1.26457e-06
4.5431e-06
4.51317e-06
9.77909e-07
7.9929e-06
3.99339e-06
7.69863e-06
9.18308e-06
2.64317e-06
9.19617e-06
9.60602e-06
1.67516e-06
9.64102e-06
9.12433e-06
9.25799e-06
6.72448e-06
1.42543e-06
9.64602e-06
9.64906e-06
6.78813e-06
6.94809e-06
9.23164e-06
9.66765e-06
5.09394e-06
3.40224e-06
9.62819e-06
9.49607e-06
6.42438e-06
8.31019e-07
9.23888e-06
3.41098e-06
2.97576e-06
2.53548e-06
2.08833e-06
9.61861e-06
1.63389e-06
2.19903e-06
7.82835e-06
8.23677e-06
9.64235e-06
9.58158e-06
4.15859e-06
4.38028e-06
9.52737e-06
4.24099e-06
4.2125e-06
7.50415e-06
4.96139e-06
6.04754e-06
9.63735e-06
8.96745e-06
3.81523e-07
5.67413e-06
1.32773e-06
6.20603e-06
3.69203e-06
9.29507e-06
6.89952e-06
1.75629e-06
4.21418e-06
5.7278e-06
6.59656e-06
1.93728e-06
6.94429e-06
9.65218e-06
7.10006e-06
2.50359e-06
9.64207e-06
9.64455e-06
6.85407e-07
9.66608e-06
5.4479e-07
9.15649e-06
4.62694e-06
7.7259e-06
3.20812e-06
9.2371e-06
2.07432e-07
3.92291e-07
6.46479e-06
5.02471e-07
3.67951e-07
4.56804e-06
7.08779e-06
2.82743e-06
4.09353e-07
4.63094e-06
9.65398e-06
1.91967e-06
3.11675e-06
9.61331e-06
4.51001e-07
9.18832e-06
2.24166e-06
6.66183e-06
3.10054e-06
5.50174e-06
4.66311e-06
5.91997e-06
8.54142e-06
9.66078e-06
5.83115e-06
8.50794e-06
6.82738e-06
3.19549e-06
9.19859e-06
9.34573e-06
1.40294e-06
7.30312e-06
9.66658e-06
9.63471e-06
6.62366e-06
6.13101e-06
9.16258e-06
3.90126e-06
3.92753e-06
9.51028e-06
3.19286e-07
7.74007e-06
6.92819e-06
2.24753e-06
4.52363e-06
8.00142e-06
2.86384e-06
5.40651e-06
7.01013e-06
9.65857e-06
3.57576e-07
6.3574e-06
5.82703e-06
7.73026e-06
5.17611e-06
5.75143e-06
3.61025e-06
8.7265e-06
9.6376e-06
6.71589e-06
7.75067e-06
9.65631e-06
4.41111e-06
4.38149e-06
2.24657e-06
1.92622e-06
6.0102e-06
3.7363e-06
5.39102e-06
3.86689e-06
3.247e-06
6.51532e-06
8.97857e-06
7.27152e-06
2.96658e-06
9.65956e-06
4.41418e-06
5.84421e-06
9.04378e-06
4.93153e-06
6.90053e-06
5.23208e-06
9.5973e-06
9.47017e-06
8.6199e-06
9.21914e-06
6.04331e-06
9.47824e-06
6.56633e-06
9.27009e-06
9.1338e-06
9.23072e-06
2.41735e-06
3.75653e-06
3.89822e-06
7.59813e-06
8.37341e-06
5.30134e-06
9.34371e-06
9.65789e-06
7.40642e-06
6.40856e-06
6.00412e-06
4.55189e-06
8.01259e-07
5.15353e-06
9.2145e-06
9.66286e-06
6.65914e-06
8.38316e-06
3.9416e-06
9.19937e-06
6.56022e-06
3.29661e-06
5.40756e-06
3.09365e-06
9.66204e-06
3.88692e-06
9.64185e-07
4.15322e-06
5.82307e-06
6.36826e-06
5.2314e-06
4.16528e-06
9.02763e-06
9.65157e-06
9.01568e-06
6.64757e-06
4.63354e-06
7.43475e-06
6.48279e-06
8.07606e-06
9.65006e-06
7.52445e-06
6.16929e-06
9.47704e-06
9.27552e-06
6.19215e-06
7.03422e-06
6.05297e-06
7.34993e-06
5.37514e-06
2.25643e-06
8.80731e-07
8.67863e-07
1.6073e-06
1.63328e-06
1.62994e-06
4.08585e-06
4.1133e-06
4.41325e-06
4.42885e-06
5.83478e-06
6.23436e-06
7.84346e-06
7.96111e-07
1.13443e-06
-6.36303e-08
9.3774e-06
4.37027e-06
7.28446e-08
9.28332e-06
9.14547e-06
7.20307e-06
3.75559e-06
3.72729e-06
4.56614e-06
8.3982e-06
2.79921e-06
4.60345e-06
6.22111e-06
7.47475e-06
4.26299e-06
6.86917e-06
2.63391e-06
9.28305e-06
7.04195e-06
9.64183e-06
9.64146e-06
6.61157e-07
9.21035e-06
4.12977e-06
4.13006e-06
9.66226e-06
5.51677e-06
1.50118e-06
9.23967e-06
6.93057e-07
3.78144e-06
6.35511e-06
6.07427e-06
7.16524e-06
2.33054e-06
4.32785e-07
1.36428e-06
7.16683e-06
6.23638e-06
9.36424e-06
9.63439e-06
5.58732e-06
6.7187e-06
9.17811e-07
4.45265e-06
3.92342e-06
7.50542e-06
9.45985e-06
9.61251e-06
8.02473e-06
4.887e-07
8.22788e-06
3.31728e-06
3.43751e-06
5.64857e-06
4.94284e-06
3.55136e-06
5.21687e-06
7.36434e-06
7.93196e-06
3.68956e-06
3.715e-06
3.5549e-06
3.12043e-06
2.68376e-06
2.23833e-06
9.25072e-06
1.78629e-06
6.59669e-06
3.99487e-06
9.66277e-06
9.64715e-06
9.09517e-06
6.98907e-06
7.63596e-06
5.86582e-06
7.85179e-06
6.24306e-06
8.53374e-06
5.1024e-06
9.5647e-06
5.64289e-06
3.99457e-06
9.59222e-06
5.92763e-06
7.22041e-06
1.86504e-06
1.34521e-06
2.29627e-06
2.72736e-06
4.46807e-06
3.16376e-06
4.47282e-06
9.03315e-07
9.22413e-06
9.31902e-06
8.13534e-06
7.97894e-06
4.06047e-07
4.10492e-07
4.8313e-06
3.66803e-06
6.35177e-06
9.1071e-06
9.04013e-06
9.66417e-06
9.65705e-06
9.48102e-06
7.91286e-06
9.23328e-06
9.15307e-06
1.79616e-06
9.63109e-06
5.10705e-06
6.65926e-06
8.22696e-06
9.64938e-06
8.21125e-06
2.11613e-06
7.2768e-06
2.8089e-06
9.26446e-06
7.71048e-06
7.30393e-06
9.1856e-06
9.25183e-06
5.61487e-07
9.48075e-06
8.49333e-07
1.14221e-06
2.52865e-06
2.80927e-06
2.21646e-06
3.08737e-06
6.73695e-06
5.7228e-06
5.76279e-06
2.51331e-06
4.02393e-06
3.37002e-06
5.4313e-06
5.47373e-06
6.43963e-06
7.04891e-06
2.8226e-06
4.31864e-06
3.67296e-06
9.3882e-06
2.03191e-06
6.83977e-06
8.74915e-06
9.26773e-06
4.07949e-06
7.91438e-06
3.07563e-06
5.75873e-06
9.56427e-06
2.06663e-06
9.21745e-06
9.66375e-06
7.94689e-06
5.70433e-06
9.30187e-06
6.22014e-06
1.03538e-06
8.81864e-06
7.44074e-06
7.50416e-06
4.72403e-06
6.80721e-06
2.23523e-06
2.99539e-06
7.58093e-06
9.61289e-06
3.59918e-06
9.53646e-06
3.57487e-06
9.66255e-06
8.88396e-06
9.66218e-06
5.72577e-06
9.27704e-06
4.61441e-06
6.5882e-07
2.27015e-06
9.04105e-06
4.2341e-06
9.64694e-06
3.84518e-07
9.95025e-07
6.98705e-06
7.74845e-06
6.51286e-06
9.28977e-06
6.89008e-06
4.8117e-06
3.68025e-06
4.09853e-07
3.6812e-06
1.78327e-06
5.53836e-06
4.02445e-06
3.59439e-06
6.15257e-06
1.39839e-06
4.01896e-06
3.71746e-06
4.55706e-06
4.52581e-06
2.1069e-06
4.20747e-06
6.57124e-06
1.83221e-06
1.68728e-06
8.6825e-06
4.20573e-06
9.39703e-06
8.90983e-06
5.52385e-07
5.89729e-07
5.49776e-06
9.25179e-06
2.22632e-06
2.19395e-06
1.22396e-06
4.90347e-06
4.45095e-06
9.26022e-06
9.2313e-06
8.68081e-06
7.79174e-06
5.7865e-06
9.65587e-06
9.6098e-06
8.15022e-06
5.47441e-06
5.46116e-06
9.66487e-06
4.08028e-06
3.47974e-06
7.40255e-06
9.57208e-06
8.38722e-06
8.39789e-06
1.2537e-06
2.21636e-06
3.69991e-06
7.67178e-06
9.46099e-06
2.54991e-06
1.0624e-06
1.99949e-06
9.56271e-06
9.66804e-06
9.55681e-06
7.31838e-06
9.38008e-06
7.83658e-06
2.47233e-06
9.63826e-06
9.11853e-06
3.53687e-06
8.13302e-06
7.13142e-06
6.06122e-06
3.30395e-06
9.56616e-06
9.62302e-06
9.58647e-06
9.66463e-06
7.74444e-06
8.30847e-06
9.07558e-06
5.04374e-06
3.43968e-06
1.65507e-06
9.49704e-06
2.10399e-06
2.54539e-06
2.9892e-06
3.44169e-06
9.13391e-06
9.34314e-06
5.70286e-06
9.64641e-06
1.3855e-06
9.27289e-06
1.9053e-06
7.1041e-06
4.67853e-06
9.43072e-06
3.56297e-06
6.70085e-07
6.80584e-07
8.22232e-06
7.26991e-06
1.3694e-06
1.35385e-06
9.21985e-06
2.08716e-06
3.83326e-06
9.56574e-06
2.0821e-06
6.2471e-06
6.67264e-06
7.87221e-06
9.12092e-06
2.0884e-06
9.60305e-06
5.218e-06
5.34057e-06
3.13861e-06
2.37561e-06
5.89123e-06
3.65099e-06
9.62994e-06
3.9777e-06
3.95038e-06
6.70679e-06
7.09828e-06
9.66028e-06
1.34919e-06
7.87948e-06
4.0862e-07
4.08671e-07
7.39325e-06
2.14423e-06
9.65171e-06
1.83174e-06
7.12653e-07
1.18675e-06
9.15837e-06
9.64213e-06
8.53058e-06
7.93576e-07
7.86682e-07
1.50795e-06
1.49247e-06
1.52485e-06
4.67191e-06
3.17594e-06
3.18293e-06
9.18298e-06
8.73168e-06
9.37877e-06
2.79068e-06
9.58377e-06
1.22123e-06
1.21437e-06
5.96007e-06
9.21046e-06
3.25217e-06
9.65012e-06
9.50595e-06
9.29422e-06
8.0326e-06
1.98885e-06
9.65487e-06
2.76195e-06
1.35833e-06
4.52499e-06
1.22908e-06
5.07205e-06
5.08805e-06
1.53715e-06
6.75275e-06
6.13998e-06
3.10833e-06
5.1355e-06
5.17185e-06
8.30542e-07
9.62965e-06
5.89966e-06
7.06225e-06
9.46558e-06
8.73552e-06
1.93495e-06
9.57341e-06
9.3623e-06
7.4315e-06
1.93736e-06
4.92174e-06
3.56275e-06
9.32745e-06
2.60721e-06
8.19342e-06
1.95868e-06
1.8063e-06
2.25122e-06
2.69287e-06
3.14013e-06
3.5666e-06
9.11139e-06
7.48075e-06
7.94749e-06
4.37576e-06
6.59243e-06
2.5866e-06
8.91675e-06
6.34167e-06
8.5796e-06
9.23857e-06
9.62269e-06
8.61514e-06
5.92989e-06
9.43865e-06
9.60314e-06
8.35397e-06
9.18921e-06
5.35976e-06
3.14036e-06
7.5908e-06
9.23179e-06
9.56261e-06
4.56731e-06
4.40083e-06
6.36639e-06
9.32429e-06
9.117e-06
6.07458e-06
5.9423e-06
7.59411e-06
8.43318e-06
5.7906e-06
5.17696e-06
9.66289e-06
9.20468e-06
6.27623e-06
5.48483e-06
4.05476e-06
4.08259e-06
9.28924e-06
1.76683e-06
8.33734e-06
3.13887e-06
2.69713e-06
2.25232e-06
1.80486e-06
3.43417e-06
9.55203e-06
1.60272e-06
5.83087e-06
9.65179e-06
9.40846e-06
1.08228e-06
5.8219e-06
6.08195e-07
8.04452e-06
4.77175e-06
8.44207e-06
3.66888e-07
3.60736e-07
9.72813e-06
3.94352e-06
9.62346e-06
9.56488e-06
8.90338e-06
3.40283e-06
5.82623e-07
6.56e-07
9.2401e-06
9.66265e-06
9.6357e-06
6.95634e-06
4.53456e-06
9.57955e-06
9.49689e-07
7.6097e-06
9.6402e-06
4.90906e-06
3.58239e-06
7.21319e-06
3.58192e-06
9.14314e-06
9.62744e-06
7.64342e-06
5.93804e-06
9.1688e-06
8.17047e-06
9.26568e-06
9.66461e-06
9.20221e-06
4.59633e-07
9.45031e-06
8.82898e-06
9.6632e-06
9.3257e-06
7.47055e-06
8.37302e-06
9.63398e-06
9.62134e-06
9.67875e-06
4.32482e-06
9.66971e-06
9.49084e-06
5.32308e-06
9.44345e-06
7.88767e-06
5.64399e-06
1.57643e-06
8.24016e-06
8.39333e-06
6.32085e-06
1.71814e-06
6.76737e-06
4.4696e-06
8.8847e-06
6.2402e-07
9.1793e-06
9.42516e-06
6.13134e-08
9.66104e-06
9.0488e-07
9.01262e-07
1.63373e-06
1.64869e-06
1.66108e-06
8.14264e-06
9.12168e-06
1.35201e-06
7.56894e-07
6.39525e-06
4.61326e-06
4.61266e-06
3.01652e-06
1.19095e-06
2.5865e-06
2.15491e-06
1.69735e-06
2.32385e-07
6.14261e-06
4.91388e-06
4.90091e-06
1.39579e-06
9.6244e-07
3.2722e-06
5.98389e-06
6.57272e-06
1.68672e-06
4.95279e-06
4.98792e-06
7.45811e-06
5.58619e-06
8.86522e-06
7.50543e-06
9.63065e-06
9.54246e-06
9.60317e-06
2.51523e-07
4.1513e-06
9.64188e-06
9.58593e-06
9.39967e-06
3.93512e-06
3.90799e-06
8.59436e-06
3.76662e-07
7.71443e-06
7.99058e-06
5.9297e-06
4.80941e-06
4.84397e-06
8.96844e-07
2.72788e-06
2.30022e-06
1.85043e-06
9.48786e-06
7.92829e-06
4.45818e-06
4.47958e-06
3.16532e-06
1.35514e-06
8.17277e-06
9.55612e-06
2.66327e-06
4.31647e-06
9.17291e-06
9.60104e-06
3.34613e-06
7.55179e-06
1.28923e-06
9.55369e-06
9.68556e-06
9.15932e-06
9.49545e-06
1.23181e-07
9.66374e-06
9.30576e-06
2.20838e-06
7.41634e-06
5.24483e-06
3.24968e-06
1.17923e-06
1.11062e-06
9.66145e-06
1.89412e-06
1.92035e-06
9.65637e-06
9.65873e-06
2.49573e-06
2.20206e-06
9.67616e-07
9.54966e-06
5.72552e-06
9.49137e-06
3.82812e-06
1.54796e-06
9.21668e-06
1.93772e-06
2.38728e-06
2.83055e-06
3.2648e-06
9.62164e-06
9.57408e-06
9.65645e-06
5.10957e-06
3.08139e-06
7.95741e-06
8.16475e-06
8.83603e-06
9.43687e-06
8.97208e-06
1.90478e-06
9.64522e-06
7.72019e-06
9.15508e-06
4.04618e-07
4.01774e-07
8.74749e-06
9.65232e-06
9.24013e-06
5.15345e-06
3.08595e-06
6.85181e-06
7.88408e-06
5.56332e-06
3.22995e-06
9.46562e-06
8.00571e-06
9.31191e-06
9.55312e-06
2.146e-06
6.08818e-06
2.05335e-06
6.50604e-07
4.23793e-06
9.01176e-06
1.48129e-06
2.05981e-06
9.17027e-07
9.31437e-07
5.65004e-06
9.6609e-06
1.65997e-06
1.64192e-06
1.62322e-06
5.98246e-06
9.25429e-06
9.65474e-06
9.01395e-06
9.2685e-06
9.64562e-06
5.27212e-06
5.2365e-06
6.84481e-06
5.15938e-06
9.65957e-06
6.30507e-06
1.27425e-06
5.18873e-06
3.17411e-06
1.45642e-06
6.23108e-06
9.64492e-06
9.50518e-06
1.45112e-06
1.4674e-06
4.91133e-06
6.95036e-06
7.39799e-06
9.65669e-06
9.45568e-06
1.31311e-06
1.31193e-06
7.43774e-06
9.20986e-06
2.03396e-06
4.3388e-06
9.34152e-06
2.23306e-06
9.16938e-06
1.43045e-06
6.1566e-06
9.55465e-06
9.04945e-06
7.40348e-07
1.15025e-06
3.52077e-06
6.60215e-06
7.05648e-06
4.86597e-06
5.52256e-06
4.50772e-06
8.2905e-06
9.3419e-06
7.6532e-06
3.49835e-06
1.73952e-06
2.67951e-06
3.12133e-06
5.68811e-06
9.65483e-06
9.61321e-06
6.50353e-07
9.63208e-06
3.65789e-06
2.38271e-06
1.29309e-06
3.86035e-06
7.50888e-06
4.97097e-06
1.92936e-06
4.30988e-06
3.9447e-06
9.25758e-06
9.6091e-06
3.06162e-06
7.45129e-06
8.51967e-06
2.82793e-06
3.26283e-06
4.82316e-06
3.391e-07
9.23611e-06
2.05708e-06
2.37647e-06
4.87963e-07
2.34157e-06
2.8054e-06
6.43725e-06
7.04974e-06
5.42361e-06
5.47124e-06
5.39069e-06
5.37362e-06
9.55448e-07
9.5961e-06
1.73555e-06
1.77387e-06
1.02894e-06
9.72123e-07
3.18554e-06
1.59636e-06
1.65687e-06
6.32076e-06
2.83928e-06
4.05409e-07
9.44176e-06
9.32914e-07
3.37493e-06
4.02084e-06
2.50286e-06
6.7402e-06
5.76956e-06
5.71821e-06
7.34232e-06
1.7921e-06
2.04255e-06
1.06955e-06
2.46212e-06
1.12073e-06
9.03832e-06
3.09765e-06
3.73579e-06
6.04295e-06
2.2174e-06
6.01119e-06
7.03496e-06
2.81629e-06
1.93173e-06
2.53009e-06
2.24181e-06
1.40876e-06
7.31668e-06
1.12844e-06
2.88602e-06
4.71012e-06
4.38568e-06
4.35683e-06
1.95939e-06
1.07102e-06
1.07925e-06
9.64493e-06
1.0219e-06
1.03484e-06
8.12333e-07
3.63421e-06
9.49617e-06
3.62442e-06
1.77498e-06
1.41417e-06
9.17706e-06
1.77945e-06
1.81019e-06
1.75673e-06
8.92298e-06
1.79011e-06
1.78301e-06
8.64955e-07
8.49179e-06
9.26565e-06
3.42339e-06
9.67907e-06
7.42115e-06
4.48254e-06
2.83707e-06
3.2674e-06
8.68057e-07
4.1612e-06
5.36799e-06
7.32744e-06
1.38093e-06
1.31669e-06
8.52531e-06
1.20721e-07
4.76161e-07
7.60481e-06
4.1744e-06
4.18201e-06
7.59707e-06
9.65016e-06
1.57211e-06
5.20782e-06
5.24363e-06
3.16841e-06
5.51043e-06
7.54192e-06
1.24164e-06
5.16065e-06
5.02178e-06
9.65888e-06
7.14859e-07
7.62103e-06
4.52312e-06
5.75595e-06
6.10801e-06
6.81812e-06
3.97366e-06
3.97847e-06
1.24626e-06
7.54694e-07
2.49686e-06
6.95325e-06
4.58435e-06
5.69715e-06
6.49353e-06
1.36234e-06
1.64402e-06
1.47367e-06
9.65531e-06
2.37139e-06
3.27479e-06
9.57007e-06
2.60421e-06
2.17816e-06
1.78931e-06
1.94784e-06
3.03467e-06
3.89228e-06
1.20838e-06
7.46602e-06
6.79432e-06
5.35057e-06
1.49692e-06
1.55782e-06
8.64174e-06
3.5627e-06
5.69211e-06
3.44856e-06
6.28893e-06
1.64772e-06
1.96116e-06
4.66851e-06
4.69951e-06
4.43055e-06
1.07027e-06
1.79597e-06
6.04524e-06
5.91317e-06
2.35028e-06
2.254e-06
4.48908e-06
2.47144e-06
6.7302e-06
7.05147e-06
6.06061e-06
9.65445e-06
5.03315e-06
6.34431e-06
9.02992e-06
1.12047e-06
8.83617e-07
4.60478e-06
1.77183e-06
3.72212e-06
2.60137e-06
3.62338e-06
7.20036e-06
8.01772e-07
2.54352e-06
3.95537e-06
3.92642e-06
5.32422e-06
5.33354e-06
6.9152e-06
7.39905e-06
3.93365e-06
3.90672e-06
4.31127e-06
4.46214e-06
2.25338e-06
2.68963e-06
3.13046e-06
3.59423e-06
3.2517e-06
6.42828e-06
5.70356e-06
4.9006e-06
3.55072e-06
5.07748e-06
1.53206e-06
9.38675e-07
5.27579e-06
5.66209e-07
9.14559e-06
7.08958e-06
9.6452e-06
3.50563e-06
2.12629e-06
6.63065e-06
2.2303e-06
6.15155e-06
5.1536e-06
3.38258e-06
1.65072e-06
6.18669e-06
2.53926e-06
2.22097e-06
9.44009e-07
2.77156e-06
6.57879e-06
7.25823e-06
3.3277e-06
5.37102e-06
4.12755e-07
4.17868e-07
5.54245e-06
8.41845e-06
3.84701e-06
4.32169e-06
4.31122e-06
3.94461e-06
3.91697e-06
3.75779e-06
4.76838e-06
2.20123e-06
3.94807e-06
2.06257e-06
7.47989e-07
1.35007e-06
1.95813e-06
2.68274e-06
2.97077e-06
6.00352e-06
6.19933e-06
4.14898e-06
4.02096e-06
5.8508e-06
7.1736e-06
5.57263e-06
5.59e-06
3.87125e-06
4.50093e-06
4.47217e-06
1.0019e-06
5.55439e-06
1.86914e-06
2.10799e-06
2.08306e-06
2.39525e-06
8.81302e-07
2.07577e-06
7.35884e-06
5.78154e-06
5.7172e-06
6.89093e-06
6.06446e-06
2.24969e-06
1.94035e-06
5.93942e-06
2.39817e-06
1.80565e-06
3.62416e-06
1.47328e-06
8.43164e-06
3.42701e-06
5.22488e-06
2.98594e-06
3.42774e-06
4.19395e-06
4.16257e-06
4.77924e-06
3.11348e-06
4.01638e-06
4.79277e-06
1.09524e-06
9.65355e-06
1.00869e-06
7.32802e-06
2.82703e-06
5.86077e-06
2.1041e-06
1.23743e-06
1.23299e-06
3.89103e-06
4.59993e-06
4.03088e-06
4.05815e-06
3.87975e-06
1.81415e-06
9.65612e-06
7.49078e-07
8.89819e-07
6.43665e-06
4.85971e-06
3.75957e-06
5.4054e-07
7.66675e-06
9.54635e-06
6.35854e-06
6.31369e-06
7.03342e-07
6.76286e-06
5.36994e-06
2.36021e-06
5.84886e-07
3.43736e-06
4.82826e-06
5.25074e-06
3.22109e-06
3.47065e-06
1.50863e-06
5.14635e-06
6.3102e-06
2.30704e-06
6.28843e-07
6.17819e-06
7.44899e-06
3.45849e-07
8.37793e-06
1.35171e-06
7.0938e-06
9.55128e-06
3.36873e-06
5.0917e-06
6.71346e-06
4.63926e-06
5.30776e-06
6.44879e-07
6.4233e-07
3.53589e-06
6.6308e-06
4.74157e-06
6.26754e-06
7.28231e-06
4.71035e-06
4.78298e-06
4.09258e-06
4.06653e-06
2.26171e-06
1.95717e-06
1.17681e-06
4.73287e-06
4.77787e-06
4.8095e-06
3.49188e-06
2.18937e-06
9.64876e-06
4.13745e-06
2.24298e-06
2.68263e-06
3.12917e-06
3.67004e-06
6.40936e-06
4.85109e-06
1.39104e-06
4.04251e-06
3.38226e-06
6.48283e-06
4.92323e-06
7.42503e-06
5.72293e-06
5.85679e-06
2.69357e-06
1.9217e-06
5.46046e-06
2.97855e-06
8.24153e-07
1.37261e-06
9.59457e-06
3.96443e-06
3.94644e-06
3.26088e-06
4.22723e-06
3.63382e-06
3.39946e-06
9.65614e-06
4.89004e-06
1.63296e-06
5.18241e-06
2.02528e-06
2.46462e-06
6.23623e-06
3.45678e-06
4.7435e-06
1.53922e-06
3.79392e-06
1.20782e-06
1.00195e-06
1.31733e-06
3.79705e-06
1.73719e-06
1.78188e-06
6.79868e-06
4.87925e-06
1.61418e-06
9.63111e-07
3.3998e-06
7.17742e-06
9.97042e-07
1.7659e-06
9.87541e-07
6.41904e-06
2.98561e-06
1.32402e-06
3.13044e-06
4.38432e-07
5.5467e-06
5.3921e-06
2.07656e-06
1.25396e-06
4.95911e-06
2.43245e-06
2.69178e-06
7.15896e-06
6.86644e-06
1.97891e-06
2.21318e-06
2.40407e-06
6.00143e-06
1.54127e-06
1.47831e-06
1.62993e-06
3.24884e-06
4.86774e-06
1.09528e-06
5.61083e-06
5.99915e-06
1.82685e-07
4.5621e-06
3.44223e-07
1.2385e-06
5.57918e-06
2.70334e-06
7.52249e-07
5.50543e-06
5.46344e-06
5.50523e-06
3.70161e-07
2.69636e-06
2.97666e-06
4.06008e-06
3.35241e-07
2.94963e-06
6.86286e-06
8.62464e-08
4.60618e-07
3.29105e-07
2.01997e-06
5.54716e-06
2.62874e-06
3.43631e-07
5.75225e-06
2.93772e-06
3.09629e-06
2.17319e-06
2.78135e-06
4.50376e-06
2.87485e-06
4.00049e-07
4.31247e-07
2.26125e-06
1.3576e-06
1.74866e-07
3.70719e-06
4.75984e-07
5.35738e-06
7.86873e-06
5.5531e-06
4.78677e-06
4.56079e-06
4.49145e-06
8.06282e-06
2.35662e-06
8.15246e-06
9.6667e-06
2.47684e-06
9.67044e-06
9.65829e-06
9.54781e-06
7.51295e-06
5.78552e-06
2.48215e-06
9.91493e-07
4.71055e-06
7.06734e-06
4.30506e-06
8.22759e-06
4.47806e-06
2.32521e-06
7.45244e-06
4.74106e-06
9.55038e-06
1.31763e-06
8.00268e-06
7.1626e-06
4.03309e-06
7.01774e-06
1.46067e-06
4.47101e-06
4.17572e-06
3.68403e-06
4.80269e-07
5.59616e-06
1.8365e-06
2.50771e-06
5.84285e-06
1.81841e-06
2.83676e-06
1.93474e-06
2.2483e-07
6.8936e-07
2.99226e-06
2.91784e-06
2.84825e-06
3.52653e-06
-2.88746e-07
3.5114e-06
2.4238e-06
2.97988e-06
5.83226e-07
4.23895e-06
5.89066e-06
6.07838e-06
5.56673e-06
5.61213e-06
3.41633e-06
2.61543e-06
5.60047e-06
6.79768e-07
1.417e-06
1.03954e-06
5.64093e-06
5.00782e-06
3.01345e-06
7.70868e-06
6.48852e-06
3.71199e-06
6.0587e-07
4.09606e-06
2.65943e-06
2.09818e-06
4.47552e-06
5.30945e-07
3.1415e-06
4.638e-06
3.47318e-06
2.75423e-06
8.11029e-08
1.0773e-06
3.80627e-06
3.55448e-06
1.28051e-06
8.58802e-07
6.951e-07
7.49254e-07
6.31258e-06
4.11148e-06
4.27119e-06
7.10817e-06
7.3767e-07
1.57107e-06
2.41473e-07
5.22003e-06
4.08875e-06
1.02826e-06
4.08626e-06
6.50583e-06
4.17116e-06
4.8132e-06
9.65095e-06
4.15037e-06
2.51295e-06
5.1288e-07
2.65156e-07
2.40219e-06
2.55842e-06
2.49347e-06
2.10259e-06
1.22799e-06
1.12472e-06
1.98187e-06
2.53497e-06
8.2273e-06
4.831e-06
4.19026e-06
7.40685e-07
4.4294e-07
2.04529e-06
3.95483e-06
2.50983e-06
1.89527e-06
1.50919e-06
1.8226e-06
7.1696e-06
5.03665e-06
5.42865e-06
2.54026e-06
4.97375e-06
4.68093e-06
1.60261e-06
1.33862e-06
3.76932e-06
2.17472e-06
1.2508e-06
2.60368e-06
5.54728e-06
1.65924e-06
2.78476e-06
5.93811e-07
5.12184e-07
2.24027e-06
6.56564e-06
1.4328e-06
3.42463e-06
6.12143e-06
2.37141e-06
3.43595e-06
8.0484e-07
4.45772e-06
9.0325e-07
8.5634e-07
9.35041e-07
5.39912e-06
7.36864e-06
7.58816e-06
8.01487e-07
8.08841e-07
5.82887e-06
6.07074e-06
6.16733e-06
8.96252e-07
4.9614e-06
4.93543e-06
3.50799e-06
1.35615e-06
8.19176e-07
1.56159e-06
7.58122e-06
5.01683e-06
4.5613e-07
2.73253e-06
5.436e-06
5.47578e-06
9.79948e-07
4.64269e-06
1.50175e-06
6.72494e-07
1.4204e-06
6.24477e-07
3.16653e-06
4.29487e-06
6.54625e-06
4.22191e-06
3.19835e-06
5.22904e-06
5.19186e-06
2.67653e-06
8.37098e-07
1.38526e-06
5.13988e-06
1.19477e-06
2.72385e-06
2.31371e-06
1.92216e-06
8.07419e-06
8.04886e-06
3.83317e-06
3.80639e-06
7.30364e-06
5.96953e-06
4.32219e-06
9.66674e-06
9.68345e-07
1.67264e-06
4.88519e-06
2.73484e-06
6.39972e-06
1.09801e-06
2.32189e-06
1.89943e-06
4.49527e-06
6.5435e-06
4.96058e-06
5.95556e-06
4.91046e-06
4.87953e-06
3.35058e-06
6.49483e-06
3.91e-06
5.70461e-06
6.15076e-06
2.83784e-06
3.63532e-06
2.54714e-06
1.81725e-06
1.53954e-06
4.87639e-06
5.34224e-06
2.20672e-06
9.16099e-06
6.8911e-07
3.26802e-06
5.85804e-06
3.43674e-06
4.81884e-06
1.40089e-06
4.92766e-06
1.80818e-06
2.11915e-06
2.19701e-06
6.051e-06
2.0089e-06
8.64786e-07
4.97508e-06
1.8846e-06
7.43495e-06
1.522e-06
9.99142e-07
6.71319e-06
2.81127e-06
3.91167e-06
2.38561e-06
1.20034e-06
5.69969e-06
6.29342e-06
4.79535e-06
4.83646e-06
2.45496e-06
9.33504e-06
2.86018e-06
7.01824e-06
1.11519e-06
5.76328e-06
5.22043e-06
2.45392e-06
2.04816e-06
7.05208e-06
9.59428e-07
1.83236e-06
4.96452e-06
1.3531e-06
4.51907e-06
4.08732e-06
2.38861e-06
2.83111e-06
3.27425e-06
4.48969e-06
5.16163e-07
6.1128e-06
5.84529e-06
1.80834e-06
7.00821e-06
1.82233e-06
3.76262e-06
8.62749e-07
3.03665e-06
1.8143e-06
2.68184e-06
7.60769e-06
7.05253e-07
7.66739e-07
2.59151e-06
2.1731e-06
5.10412e-06
4.73489e-07
6.55922e-06
4.47972e-06
9.12351e-06
7.94696e-07
2.41392e-06
2.09931e-06
8.90961e-07
9.54309e-06
2.79203e-06
2.64311e-06
7.27199e-07
4.08876e-06
5.78032e-06
4.40122e-06
4.45498e-06
1.88539e-06
5.58088e-07
5.35222e-07
7.16387e-06
5.55907e-06
5.5857e-06
9.95046e-07
7.48773e-06
7.12706e-06
3.34352e-06
1.74027e-06
7.25079e-06
4.99218e-06
4.95783e-06
1.1307e-06
4.27547e-06
9.52928e-06
5.93088e-06
6.57497e-06
7.40215e-06
9.39979e-07
8.33552e-06
9.04092e-06
3.81837e-06
6.23881e-06
7.24098e-06
7.55008e-06
5.45654e-06
4.19624e-06
9.65683e-06
6.45451e-06
3.29843e-06
5.56533e-06
9.7131e-07
6.14789e-06
6.9114e-06
5.47322e-06
1.37676e-06
2.08244e-06
2.53138e-06
2.97636e-06
3.40436e-06
9.4897e-06
6.84965e-06
2.82556e-06
4.85634e-06
4.90682e-06
1.52369e-06
9.53026e-06
3.22676e-06
3.54031e-06
1.37161e-06
1.25909e-06
5.85192e-06
2.14269e-06
6.55181e-06
9.55026e-06
6.18021e-06
5.51659e-06
1.95467e-06
7.70374e-06
9.65574e-06
2.74507e-06
2.32004e-06
1.91475e-06
4.87212e-07
2.91581e-07
8.80272e-07
4.69884e-06
2.92414e-07
9.56822e-06
4.65962e-06
4.27241e-06
4.29998e-06
9.65644e-06
8.18309e-06
1.61432e-06
7.67597e-06
7.77593e-06
9.1466e-06
7.50398e-06
7.75432e-06
9.15047e-06
9.65493e-06
9.64608e-06
3.9454e-07
4.34029e-06
4.31146e-06
9.0782e-06
9.47961e-06
9.14444e-06
7.49797e-06
9.59574e-06
9.58454e-06
9.64315e-06
5.18546e-06
3.29914e-06
9.14472e-06
9.59793e-06
9.26591e-06
6.06984e-06
6.80333e-06
9.35114e-06
9.50631e-07
9.49586e-06
9.66696e-06
1.58056e-06
9.6544e-06
7.38451e-07
8.50516e-06
1.16599e-06
9.54101e-06
7.59064e-07
7.79733e-06
5.33517e-07
4.11096e-06
4.1356e-06
8.77978e-06
1.59771e-06
6.35324e-06
1.63502e-06
3.94784e-06
9.66123e-06
8.72989e-07
8.63591e-07
1.62741e-06
8.61373e-06
8.02576e-07
3.68201e-06
4.35599e-06
7.22403e-06
5.32617e-06
1.50296e-06
4.13096e-06
4.10297e-06
2.91042e-06
3.60547e-06
7.65239e-06
1.2844e-06
3.50239e-06
6.2898e-06
1.95589e-06
2.39828e-06
2.84071e-06
3.29454e-06
2.76474e-06
2.89282e-06
1.04241e-06
4.64192e-06
4.67184e-06
9.22313e-06
7.02856e-06
5.42567e-06
5.45325e-06
7.8606e-06
9.66863e-06
9.08528e-06
9.30197e-06
6.4004e-06
3.39947e-06
1.66273e-06
7.62798e-06
5.38145e-06
3.12057e-06
3.77323e-06
2.83552e-06
8.10771e-07
5.65548e-06
9.61776e-06
7.65763e-06
2.00952e-06
2.24315e-06
2.55272e-06
4.05064e-06
2.52765e-06
5.71514e-06
1.40324e-06
1.95404e-06
9.2312e-06
8.69798e-06
6.27235e-06
8.02798e-06
5.98326e-06
9.65173e-06
6.70075e-06
5.73573e-06
5.70534e-06
9.5982e-06
2.27733e-06
1.11433e-06
5.9994e-06
6.9941e-06
7.28872e-06
3.65752e-07
9.66577e-06
9.3817e-06
3.51996e-06
4.72609e-06
6.11351e-06
1.7883e-06
8.2839e-07
3.76581e-06
3.79315e-06
7.83844e-06
9.65322e-06
2.6319e-06
2.97451e-06
3.75119e-06
3.74706e-06
7.95483e-06
9.32417e-06
8.82796e-06
6.58914e-06
4.25671e-06
5.8231e-06
9.26987e-06
9.66306e-06
9.45096e-06
6.63952e-06
6.26119e-06
6.7083e-06
7.96335e-06
8.45518e-06
9.15591e-06
2.35873e-06
9.65956e-06
2.67672e-06
5.24084e-06
7.43965e-06
9.58267e-06
9.19761e-06
9.65774e-06
8.37495e-06
2.69125e-07
2.92804e-07
9.36173e-06
9.21584e-06
5.82231e-06
1.22213e-06
6.47907e-06
9.07237e-06
7.4262e-07
3.05116e-06
7.75798e-06
4.57039e-06
9.47393e-06
4.97511e-06
9.20155e-06
2.3461e-07
2.33647e-07
3.9409e-06
3.97122e-06
2.33584e-06
9.171e-06
9.42682e-06
9.06835e-06
9.62875e-06
6.78884e-06
9.29376e-06
4.41065e-06
9.1861e-06
9.46789e-06
2.707e-06
2.17252e-07
9.64056e-06
9.66091e-06
9.61066e-06
7.11781e-06
4.69508e-06
9.55882e-06
2.64407e-07
2.66292e-07
9.39197e-06
9.35737e-06
7.63598e-06
9.01594e-06
9.55864e-06
6.9152e-06
8.01669e-06
6.72705e-06
9.55292e-06
9.47654e-06
9.01e-06
8.9692e-06
9.4081e-06
9.57126e-06
9.58363e-06
7.53021e-06
7.64845e-07
1.07593e-06
2.03928e-06
2.45678e-06
2.88614e-06
9.76088e-06
9.41333e-06
8.70163e-06
9.64258e-06
7.79224e-06
9.29205e-06
7.35656e-06
9.31863e-06
5.84471e-06
9.30971e-06
9.51473e-06
2.68564e-06
5.10176e-06
9.20647e-06
1.61397e-06
4.77732e-06
4.75379e-06
4.30729e-06
4.33229e-06
1.10278e-06
3.42455e-06
5.833e-06
3.30921e-06
6.41336e-06
1.50232e-06
1.82556e-06
4.82456e-06
4.79192e-06
8.94453e-06
9.05781e-06
7.3024e-06
9.62851e-06
9.15007e-06
9.28688e-06
8.81155e-07
4.30472e-06
4.29564e-06
3.32972e-06
1.50638e-06
4.76263e-06
4.73792e-06
2.87043e-06
1.04327e-06
2.44421e-06
2.00544e-06
1.56065e-06
9.25845e-06
7.83826e-06
9.64769e-06
9.46318e-06
9.08366e-06
4.18252e-06
9.61247e-06
9.65176e-06
1.87937e-07
2.11386e-07
1.70353e-06
7.24936e-06
8.63094e-06
5.77164e-06
9.42783e-06
1.13685e-06
4.8581e-06
4.82664e-06
3.45373e-06
5.81701e-06
6.4488e-06
1.84669e-06
9.36706e-06
2.97741e-06
9.3122e-06
5.30475e-06
6.67463e-06
9.45236e-06
8.87212e-06
5.25707e-06
9.06106e-06
3.60258e-06
7.29311e-06
9.63699e-06
5.2132e-07
3.16364e-07
9.25713e-06
9.4762e-06
9.52448e-06
9.19479e-06
4.25352e-06
7.80654e-06
9.65787e-06
6.08056e-07
9.21916e-06
9.6282e-06
9.50212e-06
7.00305e-06
2.45963e-06
9.21698e-06
8.98149e-06
9.15895e-06
3.71818e-06
6.57345e-07
8.03175e-06
9.19778e-06
2.50056e-06
9.1177e-06
9.65106e-06
9.3475e-06
9.55716e-06
6.59365e-07
8.41797e-06
8.09141e-06
4.26681e-06
2.9637e-06
9.49772e-06
2.81816e-06
9.45043e-06
6.77497e-06
5.67603e-07
3.58706e-06
4.54637e-06
9.11501e-06
7.25799e-06
9.20143e-06
6.34771e-06
9.32369e-06
9.65271e-06
7.46752e-06
9.42187e-06
9.85548e-07
8.18261e-06
9.66566e-06
3.8021e-06
9.14022e-06
4.01504e-06
1.07499e-06
9.40547e-06
7.40731e-06
4.04632e-06
4.45838e-06
4.03273e-06
8.53885e-06
8.17138e-06
4.55243e-06
3.17236e-06
9.37618e-06
9.34082e-06
9.49014e-06
5.73622e-06
1.35688e-06
9.42815e-06
2.61842e-06
8.46112e-06
8.56771e-06
5.78633e-06
9.10852e-06
4.55409e-07
6.29342e-06
9.18254e-06
2.85763e-06
9.19979e-06
9.40438e-06
5.5412e-06
9.58768e-06
1.86048e-06
6.47835e-06
6.1224e-06
9.19064e-06
9.0666e-06
2.27219e-07
2.78233e-06
9.14276e-06
7.03232e-06
2.96313e-06
6.28813e-06
6.88841e-06
1.39113e-06
5.27121e-06
5.31024e-06
5.22968e-06
5.22877e-06
1.09021e-06
9.2067e-06
9.64937e-06
9.06167e-06
9.28015e-06
9.36335e-06
9.63086e-06
8.38666e-06
8.98786e-06
5.57023e-06
8.04299e-06
9.56293e-06
5.56963e-06
9.49766e-06
2.39905e-06
9.12944e-06
9.20028e-06
9.61819e-06
9.17223e-06
7.74701e-06
9.49719e-06
9.09797e-06
8.72249e-06
9.17037e-06
6.88023e-06
9.5534e-06
9.63057e-06
1.42904e-07
3.82983e-07
9.64564e-06
3.95815e-06
1.28636e-06
9.33461e-06
9.62896e-06
1.17347e-06
5.80252e-06
8.67269e-06
2.10659e-06
2.98466e-06
4.35561e-06
4.2326e-07
2.0934e-06
6.41959e-06
4.98465e-06
9.49763e-06
7.6475e-06
9.50359e-06
3.46907e-06
3.51497e-06
3.70409e-06
4.16326e-06
3.23954e-06
2.65074e-06
6.58735e-06
7.20744e-06
5.57221e-06
5.6261e-06
5.54647e-06
3.23653e-06
3.87959e-06
2.35954e-06
6.89406e-06
5.90728e-06
5.86377e-06
2.95759e-06
3.5902e-06
6.1567e-06
2.07464e-06
2.67367e-06
1.78846e-06
2.3857e-06
2.09979e-06
1.26791e-06
4.55813e-06
4.52818e-06
9.95802e-07
4.59909e-07
7.41685e-06
7.72896e-06
9.66143e-06
9.65578e-06
9.3484e-06
9.13135e-06
9.24734e-06
9.2013e-06
8.86436e-06
3.01985e-07
2.48527e-06
3.44505e-06
9.64243e-06
9.44931e-06
8.82414e-06
9.05534e-06
9.25652e-06
9.05325e-06
9.26384e-06
2.60044e-07
9.52544e-06
8.89676e-06
4.19773e-06
4.22588e-06
9.3389e-06
4.92634e-06
1.11335e-06
7.30959e-07
2.69011e-06
6.49777e-06
9.22197e-06
9.28334e-06
9.51822e-06
9.50925e-06
9.05458e-06
1.07759e-06
8.03612e-06
5.96597e-06
9.31044e-06
9.38944e-06
9.35836e-06
9.62318e-06
6.29603e-06
9.37206e-06
9.25414e-06
9.10313e-06
3.13947e-06
5.68577e-07
9.01391e-06
9.10958e-06
9.56354e-06
9.54311e-06
1.78411e-06
3.98484e-06
9.07191e-06
8.09421e-06
3.40857e-06
9.20378e-06
9.98293e-07
9.18188e-06
9.58556e-06
1.38233e-06
9.25164e-06
9.40669e-06
2.27574e-06
9.13155e-06
7.25374e-06
-1.84396e-08
-2.44008e-08
5.29789e-07
5.48405e-07
6.12894e-06
9.18251e-06
6.39382e-06
9.28205e-06
7.7826e-06
9.34212e-06
9.61162e-06
9.2739e-06
7.96501e-06
3.28957e-06
3.59122e-06
3.61652e-06
7.51635e-06
2.14303e-06
9.32624e-06
9.32719e-06
9.60393e-06
9.53474e-06
6.36348e-06
9.62291e-06
9.41626e-06
9.7031e-06
1.0993e-06
3.47979e-06
1.25404e-06
9.22613e-06
2.42518e-06
2.59771e-06
8.9803e-06
9.37545e-06
9.27103e-06
4.8901e-06
9.55809e-06
9.2847e-06
6.75966e-06
9.31424e-06
9.21438e-06
9.68863e-06
9.30291e-06
3.8461e-06
3.87318e-06
8.97011e-06
8.01291e-06
9.16715e-06
9.46692e-06
1.21313e-06
2.96049e-06
3.01386e-06
9.36725e-06
8.3978e-06
2.42403e-06
4.61676e-06
9.4513e-06
2.76308e-06
7.12775e-06
9.20783e-06
8.70799e-06
9.06816e-06
9.16352e-06
9.68069e-06
9.85196e-06
9.38163e-06
9.19352e-06
9.51198e-06
1.74649e-06
9.17087e-06
9.21365e-06
9.48455e-06
5.10291e-06
7.18511e-06
8.84284e-06
4.10062e-06
9.59615e-06
9.3157e-06
7.24438e-06
9.09231e-06
1.78824e-07
1.78932e-07
4.66553e-06
9.30259e-06
7.58619e-07
9.07721e-06
8.96274e-06
3.33991e-07
4.33322e-07
4.25597e-07
8.93656e-06
9.01392e-06
6.48071e-06
6.96108e-07
6.94422e-06
9.01653e-06
1.19744e-06
2.15223e-06
2.58274e-06
3.01741e-06
6.42721e-06
9.13478e-06
1.72176e-06
4.62177e-06
4.62633e-06
6.02163e-06
5.38109e-06
9.09348e-06
9.38724e-06
9.32271e-06
8.83415e-06
2.32132e-06
9.11368e-06
9.09598e-06
8.41537e-06
9.64049e-06
8.99503e-06
4.97964e-06
9.23065e-06
3.59983e-06
8.77862e-06
9.34907e-06
8.06453e-06
9.39931e-06
8.33933e-06
9.09773e-06
3.1038e-06
4.42332e-07
9.64361e-06
8.02489e-06
5.64242e-06
1.63746e-06
3.45135e-06
4.17195e-06
4.16751e-06
5.94339e-06
9.66511e-06
4.70879e-06
4.67639e-06
1.96525e-06
6.30105e-06
5.68856e-06
3.56893e-06
1.25547e-06
2.8047e-06
6.81224e-06
9.52674e-06
9.93053e-06
8.01395e-06
8.89583e-06
3.76258e-07
7.88459e-07
9.18204e-06
4.75659e-06
8.94111e-06
5.20503e-07
9.19719e-06
7.53982e-06
9.35209e-06
4.49622e-07
-3.62182e-07
2.51998e-06
2.62443e-06
9.54264e-06
5.58679e-06
6.79532e-06
6.05084e-06
9.40961e-06
9.35463e-06
6.59014e-06
9.42155e-06
6.18342e-06
9.19893e-06
3.36478e-07
3.94096e-06
3.96861e-06
3.97909e-06
3.16478e-06
6.17751e-06
9.2291e-06
2.44528e-06
7.22222e-06
2.73711e-06
9.24618e-06
4.103e-07
9.09561e-06
9.90207e-06
9.24524e-06
4.18715e-06
6.70084e-06
3.12755e-06
5.32726e-06
6.65334e-06
5.6499e-06
2.93487e-06
9.15162e-06
2.4132e-06
9.21375e-06
1.53911e-06
9.25297e-06
9.24733e-06
8.57553e-06
3.97596e-06
9.66575e-06
9.18964e-06
4.68853e-06
5.92598e-06
9.68117e-06
6.52875e-06
7.71177e-06
2.88954e-06
3.06274e-06
9.12781e-06
9.0888e-06
8.3088e-07
9.38384e-06
4.78954e-06
8.83309e-06
9.43035e-06
9.24034e-06
6.58534e-06
9.1095e-06
9.62128e-06
4.71847e-06
9.06827e-06
9.24355e-06
9.38446e-06
9.37635e-06
1.63695e-06
3.07816e-06
2.60819e-06
4.46541e-06
9.42869e-06
1.00384e-05
2.8503e-06
7.22463e-06
8.96565e-06
4.8335e-06
9.28458e-06
9.58779e-06
9.15419e-06
9.447e-06
2.97997e-06
5.61754e-06
9.63319e-06
1.28385e-06
9.12574e-06
9.00433e-06
6.39253e-06
8.95976e-06
5.58532e-07
9.59556e-06
8.92405e-06
2.76229e-07
2.63227e-06
9.02849e-06
7.11874e-06
9.19173e-06
9.65552e-06
9.28069e-06
8.8182e-06
9.28051e-06
9.48297e-06
3.45174e-07
9.34842e-06
4.97241e-06
8.23523e-06
9.21631e-06
5.1906e-06
9.49489e-06
7.88384e-06
2.54309e-06
9.01001e-06
9.63583e-06
5.1211e-07
5.62501e-06
8.57211e-07
9.16103e-06
9.52634e-06
9.17914e-06
6.64547e-06
3.52555e-06
3.53892e-06
7.18032e-06
3.31338e-07
8.96236e-06
5.68533e-06
9.25699e-06
1.02698e-05
3.43819e-06
3.41803e-06
2.87847e-07
9.66053e-06
9.17771e-06
6.66181e-06
9.54318e-06
9.44161e-06
9.53527e-06
4.70868e-07
9.37144e-06
2.49876e-07
9.41837e-06
3.31428e-07
9.17532e-06
9.17781e-06
2.58238e-06
2.1844e-07
6.91585e-06
2.34335e-07
9.797e-07
9.64002e-06
9.05967e-06
9.21098e-06
2.73874e-06
3.6827e-06
3.70847e-06
1.47477e-07
1.48637e-07
2.55652e-06
4.7622e-06
7.59994e-06
9.19244e-06
9.28977e-06
2.70289e-06
5.85388e-06
4.25358e-06
3.70889e-06
5.42227e-06
6.10341e-06
9.66212e-06
7.26312e-06
9.23994e-06
9.12901e-06
9.01874e-06
8.70167e-06
2.17286e-07
9.08268e-06
2.95361e-06
2.42928e-07
8.8009e-06
9.24609e-06
9.60329e-06
7.34027e-06
-5.54156e-07
-5.9464e-07
6.74222e-07
2.37782e-07
9.27489e-06
9.02139e-06
-1.43418e-07
7.7107e-06
9.57316e-06
9.39375e-06
9.28508e-06
9.62278e-06
9.12825e-06
2.47298e-07
2.45717e-07
2.35005e-06
9.30409e-06
4.43373e-06
1.44447e-07
9.16314e-06
9.39602e-06
5.33789e-08
-3.58176e-07
-2.83119e-07
3.17861e-07
3.13482e-07
9.38038e-06
9.84124e-06
1.93526e-06
2.23628e-06
2.54465e-07
8.38966e-06
9.16403e-06
4.72425e-06
2.64835e-07
2.95671e-07
2.39326e-07
9.11415e-06
1.52847e-06
2.19874e-06
7.8491e-06
2.54634e-06
7.51342e-06
5.29442e-06
9.18154e-06
9.40818e-06
8.96477e-06
7.16986e-06
2.20984e-06
9.16579e-06
1.03315e-05
1.1265e-06
3.14693e-06
2.16261e-07
4.49181e-06
4.88256e-06
2.93269e-06
2.63948e-07
6.9617e-06
2.56257e-07
2.16973e-07
7.20286e-06
9.4065e-06
9.59628e-06
9.44721e-06
3.4815e-06
5.92493e-06
7.36249e-06
9.31087e-06
7.79908e-06
4.48408e-08
4.95507e-08
7.08579e-06
2.37625e-07
9.16586e-06
8.90495e-06
7.82519e-06
2.15544e-07
9.16806e-06
8.92727e-06
9.60421e-06
1.08428e-07
4.07558e-06
5.92144e-06
1.08892e-06
9.09276e-06
9.61348e-06
7.77168e-06
7.64304e-06
7.78663e-06
6.1408e-06
3.78234e-06
9.05096e-06
5.69087e-06
7.57516e-06
8.62782e-06
8.20016e-06
6.41639e-06
9.66104e-06
8.25093e-06
9.95918e-07
9.37252e-06
6.60845e-06
9.21432e-06
2.99218e-06
5.79314e-06
9.58919e-06
4.64731e-06
6.33313e-06
5.09711e-06
6.98363e-06
7.83237e-06
9.38544e-06
9.07198e-06
9.0834e-06
9.64494e-06
9.59134e-06
3.72649e-06
3.26734e-06
3.26282e-06
3.34975e-06
8.72014e-06
4.9929e-06
3.95326e-07
5.71914e-06
3.0259e-06
1.04044e-06
3.5025e-06
9.17476e-06
1.64299e-07
3.04659e-07
6.94723e-06
7.56593e-07
5.72027e-06
4.11039e-06
7.25453e-06
2.41991e-06
7.69547e-06
9.21385e-06
1.10765e-06
9.63069e-06
1.78564e-06
2.40664e-06
9.91181e-06
7.13321e-06
5.48528e-07
9.6391e-06
-2.27862e-07
-2.12275e-07
2.07644e-06
-1.66739e-07
7.29996e-06
2.38e-06
8.71215e-06
5.28063e-06
9.63826e-06
8.7887e-06
2.88069e-06
9.66321e-06
9.24576e-06
2.34213e-06
9.66853e-06
9.30232e-06
9.34083e-06
8.8086e-06
9.24804e-06
9.63075e-06
7.00958e-06
2.80661e-06
6.79831e-06
9.66429e-06
9.09109e-06
1.93953e-07
9.65688e-06
9.22543e-06
9.67335e-06
1.41357e-07
1.56404e-07
8.94179e-06
9.41504e-06
8.95074e-06
9.26767e-06
2.14456e-07
2.18629e-07
3.2316e-06
9.38937e-06
2.8581e-06
3.96777e-06
9.92719e-06
5.54922e-06
9.04323e-06
4.15318e-06
2.00603e-07
7.2447e-06
8.9351e-06
1.06394e-07
1.05176e-07
7.75499e-06
3.27524e-06
9.22778e-06
9.87595e-08
9.60608e-06
-7.49169e-08
-2.05241e-08
-6.79658e-09
-4.02554e-08
-2.84649e-08
-8.52125e-09
-7.24888e-08
9.13792e-06
2.62647e-06
9.30398e-06
-1.85157e-07
4.76036e-06
3.09459e-07
3.10059e-07
9.34791e-06
9.17925e-06
7.79676e-06
-2.22547e-07
9.1204e-06
9.08555e-06
7.78483e-06
7.75286e-06
6.40166e-06
9.50342e-06
9.31837e-06
9.11051e-06
8.64189e-06
7.74254e-06
9.35351e-06
9.14071e-06
3.28184e-06
9.63429e-06
9.02127e-06
9.34471e-06
9.4024e-06
9.3566e-06
6.73693e-06
1.02037e-05
1.03175e-05
6.26907e-06
5.74176e-06
9.59848e-06
9.43744e-06
4.23027e-06
7.1042e-07
9.15277e-06
9.27078e-06
2.55155e-06
8.95829e-06
8.17571e-07
9.09762e-06
9.11588e-06
6.36729e-06
6.78886e-06
5.34471e-06
3.94459e-06
4.36974e-07
9.07796e-06
9.03757e-06
5.06683e-06
6.87434e-06
9.51981e-06
5.95287e-06
8.42996e-06
6.32813e-06
9.58198e-06
6.04438e-06
3.20087e-06
4.56564e-06
8.20379e-06
4.52554e-06
9.51572e-06
9.12914e-06
9.61671e-06
1.25469e-06
8.30744e-06
9.26845e-06
9.61239e-06
9.46468e-06
2.4667e-06
9.84975e-06
3.78808e-06
3.81405e-06
9.34467e-06
8.79426e-06
9.31465e-06
8.94945e-06
9.12589e-06
8.67512e-07
9.42342e-06
9.50943e-06
5.36964e-06
9.6498e-06
8.87003e-06
9.1509e-06
4.79014e-06
8.47728e-06
4.77242e-06
8.931e-06
4.47389e-06
9.66494e-06
2.55928e-06
9.1391e-06
5.53533e-06
4.53985e-06
7.66388e-06
9.21927e-06
9.46643e-06
9.40356e-06
9.53773e-06
3.17404e-06
9.54975e-06
9.62492e-06
9.54577e-06
9.65659e-06
2.03048e-06
9.12114e-06
8.1882e-06
9.30287e-06
9.43849e-06
7.98567e-06
9.6196e-06
8.26449e-06
9.31367e-06
7.6386e-06
8.64929e-06
6.82602e-06
8.69434e-06
4.81114e-06
9.46944e-06
9.38391e-06
9.06483e-06
3.66535e-07
9.18747e-06
9.64878e-06
9.45656e-06
9.63684e-06
2.89349e-06
9.46377e-06
9.40058e-06
6.02145e-06
7.4277e-07
9.46254e-06
9.55468e-06
8.12516e-06
9.2181e-06
9.6416e-06
9.6596e-06
8.56982e-06
9.65415e-06
5.42949e-06
9.01599e-06
9.5715e-06
2.76417e-06
9.50376e-06
9.64125e-06
9.37688e-06
9.2933e-06
7.21123e-06
7.33984e-06
9.64803e-06
9.43007e-06
8.33014e-06
9.52825e-06
8.79362e-06
9.1206e-06
7.36372e-06
9.48831e-06
9.66703e-06
8.44622e-06
9.63142e-06
9.66531e-06
9.64472e-06
9.67092e-06
9.65323e-06
9.65193e-06
7.87252e-06
9.6369e-06
9.62215e-06
9.65897e-06
9.60808e-06
7.69505e-06
7.58771e-06
7.80786e-06
5.61575e-06
7.68118e-06
9.65881e-06
9.65562e-06
8.0322e-06
9.31055e-06
3.52381e-06
3.54849e-06
6.21144e-06
7.43669e-06
7.19371e-06
6.68904e-06
6.55275e-06
6.78191e-06
6.42159e-06
6.23252e-06
6.23317e-06
6.09765e-06
5.92891e-06
3.01428e-06
5.76753e-06
5.04717e-06
6.01473e-06
5.63807e-06
5.48414e-06
4.72482e-06
5.3217e-06
4.59084e-06
5.01352e-06
4.49402e-06
4.79742e-06
5.38847e-06
5.93777e-06
4.81286e-06
4.56045e-06
3.84404e-06
9.33394e-07
3.65796e-06
7.22119e-06
5.16554e-06
7.96608e-07
6.18805e-06
1.71693e-06
1.49939e-06
4.54799e-06
5.23136e-06
5.01289e-06
4.37139e-06
3.82683e-06
3.95048e-06
1.50522e-06
4.28627e-06
5.11419e-06
8.78113e-07
1.93278e-06
4.20351e-06
2.47693e-06
4.87794e-06
5.56673e-07
5.58351e-07
8.31248e-06
3.6373e-06
8.00484e-06
1.44864e-06
8.50773e-07
3.13464e-06
4.91028e-06
5.78904e-07
6.74858e-06
7.93391e-06
4.9367e-06
7.06715e-06
6.89869e-06
1.92207e-06
2.45503e-06
4.79938e-06
8.06285e-07
6.65721e-07
7.29135e-06
7.23652e-06
4.0757e-06
7.56399e-06
7.10134e-06
6.12377e-06
6.8226e-06
4.56873e-07
5.91321e-07
4.29518e-06
3.02398e-06
4.29485e-06
3.74657e-07
5.66963e-06
1.95863e-06
2.76162e-06
4.76267e-06
4.57311e-06
4.82463e-06
4.46706e-06
5.12352e-06
6.44661e-06
2.90482e-06
6.23439e-06
2.92956e-06
4.18902e-06
4.4504e-06
4.32385e-06
3.17875e-07
3.13593e-07
2.86756e-06
7.2505e-06
6.93744e-06
6.12382e-06
1.96773e-06
6.61763e-06
3.66021e-06
5.32362e-06
6.74276e-06
4.7063e-06
5.35142e-06
5.40125e-06
5.44757e-06
5.61942e-06
3.04061e-07
6.56451e-06
5.3588e-06
3.91412e-06
4.72059e-06
6.92448e-06
3.65667e-06
5.81164e-06
5.88453e-06
5.78268e-06
4.25961e-06
6.77802e-06
3.64978e-06
5.64493e-06
2.89928e-06
5.32209e-06
4.82476e-06
5.88012e-06
6.36801e-06
2.88523e-06
3.86292e-06
6.57372e-06
1.66511e-06
5.0981e-06
3.83294e-06
1.44602e-06
1.63503e-06
7.74958e-06
2.57089e-06
7.74279e-06
1.62497e-06
8.02619e-06
8.41153e-06
8.46291e-06
2.27304e-06
3.92566e-06
7.39253e-06
4.31865e-07
3.78153e-07
3.09735e-07
6.40226e-06
7.39334e-06
6.1352e-06
6.96203e-07
2.62006e-06
2.33818e-06
2.48489e-06
7.04995e-06
3.31595e-06
4.31166e-06
1.35626e-06
1.06291e-06
5.41791e-06
8.16553e-06
8.13294e-06
6.85553e-06
4.15942e-06
4.00799e-06
1.94687e-06
6.33088e-07
3.38852e-06
5.03926e-07
7.17277e-06
8.1786e-07
3.32871e-06
3.69813e-06
3.97183e-06
4.46363e-06
7.62325e-06
7.19055e-06
3.68119e-06
4.72038e-06
7.78979e-06
7.45437e-06
4.08546e-06
4.17875e-06
1.25682e-06
4.12505e-06
1.08599e-06
2.49194e-06
7.18592e-06
5.48966e-06
7.79449e-06
7.43609e-06
5.77783e-06
3.13466e-06
4.92387e-06
2.26678e-06
3.77305e-06
6.66691e-06
7.81527e-06
6.77372e-06
1.1608e-06
3.01349e-06
1.7917e-06
5.47103e-06
6.86851e-06
4.97047e-07
3.33106e-06
3.67611e-06
6.5517e-06
7.39274e-06
7.01257e-06
7.02289e-06
7.78165e-06
6.90393e-07
2.25271e-06
7.16022e-07
2.76895e-06
3.18435e-06
1.61714e-06
4.44606e-06
4.53525e-06
4.56416e-06
2.86282e-06
2.84792e-06
5.14609e-07
3.55458e-06
7.60076e-06
2.35856e-06
3.58235e-06
1.45063e-06
7.60883e-06
1.96687e-06
1.63557e-06
4.80575e-06
5.96891e-06
2.01547e-06
4.89376e-06
6.25117e-06
6.71974e-06
5.48044e-06
5.59843e-06
6.55674e-06
6.57937e-06
7.90099e-06
2.55493e-06
5.63102e-06
2.40392e-06
6.14071e-06
2.10008e-06
6.07762e-06
2.27579e-06
4.37648e-06
2.60137e-06
7.211e-06
3.24826e-06
5.69003e-07
4.34776e-06
3.09703e-06
1.5169e-06
4.93723e-06
7.55793e-06
2.24042e-06
6.52267e-06
2.70737e-06
1.84362e-07
3.86463e-06
5.09721e-06
2.21491e-06
3.84784e-06
2.99378e-06
8.11189e-07
1.40736e-06
1.53935e-06
6.48373e-06
1.85488e-06
6.08693e-06
1.20007e-06
6.98037e-06
4.34466e-06
7.43711e-06
3.42345e-06
5.86894e-06
4.31251e-06
4.43509e-07
1.35882e-06
7.30098e-06
7.13695e-06
7.51209e-06
7.54051e-06
7.44596e-06
8.62002e-07
5.79334e-06
5.55471e-06
5.62147e-06
6.28255e-06
6.33463e-06
7.34329e-06
9.04808e-06
8.96258e-06
9.34374e-06
2.86328e-06
9.65911e-06
9.32809e-06
6.70143e-07
9.64868e-06
9.72364e-07
6.23217e-06
9.65345e-06
8.23116e-06
8.95932e-06
7.6482e-06
6.83374e-06
9.64032e-06
9.51411e-06
8.09083e-06
4.23278e-07
4.28162e-07
9.66534e-06
7.36167e-06
9.35649e-06
9.66336e-06
9.64953e-06
9.65711e-06
5.09244e-07
2.86398e-06
9.65907e-06
8.07668e-06
4.21133e-06
8.53921e-06
8.60602e-06
7.33511e-06
7.77198e-06
9.53538e-06
7.46075e-06
6.56967e-06
8.14051e-06
9.61505e-06
8.36784e-06
9.23783e-06
9.57238e-06
9.64191e-06
9.31056e-06
9.66092e-06
9.57783e-06
9.64573e-06
8.65984e-06
9.6343e-06
9.65865e-06
5.99126e-06
1.60321e-07
1.74031e-07
7.59911e-06
5.19346e-06
4.72504e-06
9.66779e-06
3.77298e-06
9.64047e-06
7.97114e-06
1.84294e-06
4.82483e-07
9.29519e-06
7.15839e-06
9.5577e-06
7.39674e-06
6.91465e-06
3.92638e-06
9.56232e-06
9.40091e-06
9.62092e-06
9.61324e-06
9.12987e-06
1.60811e-06
9.27311e-06
9.6327e-06
6.18424e-06
9.04318e-06
9.23917e-06
3.44115e-06
3.47053e-06
9.25094e-06
9.54521e-06
9.66225e-06
9.57969e-06
3.64258e-06
3.66887e-06
9.5347e-06
9.2775e-06
3.47928e-06
3.45635e-06
6.69982e-06
8.8305e-06
6.29083e-06
8.36664e-06
5.78513e-06
9.65969e-06
9.58167e-06
2.94921e-06
7.54473e-06
4.60869e-07
5.33492e-07
8.60671e-06
9.74724e-06
9.54882e-06
7.29967e-06
2.40743e-06
2.13858e-06
9.54239e-06
9.51358e-06
9.24796e-06
8.15091e-06
4.55089e-06
6.32354e-06
6.98076e-06
9.33548e-06
7.05239e-06
9.56761e-06
6.27419e-06
7.18103e-06
7.01338e-06
3.28708e-06
3.17315e-06
3.3353e-06
3.31433e-06
9.28716e-06
2.75631e-06
2.89971e-06
5.53955e-06
9.24213e-06
6.42237e-07
9.29429e-06
9.43467e-06
6.84839e-06
3.00434e-06
9.46827e-06
9.1905e-06
9.23038e-06
9.1831e-06
7.95174e-06
9.29684e-06
7.05688e-06
9.66489e-06
7.32388e-06
9.23386e-06
9.03491e-06
9.40341e-06
5.64558e-07
9.15354e-06
8.93164e-06
9.2017e-06
9.43351e-06
5.50714e-06
9.20117e-06
5.23275e-06
5.06734e-06
9.71775e-06
9.66456e-06
4.07977e-06
9.30508e-06
9.30654e-06
9.29148e-06
9.25765e-06
9.15832e-06
9.46054e-06
4.65279e-06
9.69358e-06
9.42037e-06
5.64406e-06
6.88257e-06
6.23543e-07
9.6123e-06
9.2159e-06
6.717e-06
6.54584e-06
7.32693e-06
6.65173e-06
5.0475e-06
9.12204e-07
7.69759e-07
3.3354e-06
9.17545e-06
5.56338e-07
8.68015e-06
8.88297e-06
1.17259e-06
9.29608e-06
6.3944e-06
2.69985e-06
9.25576e-06
7.56558e-06
8.71386e-06
6.24234e-06
4.59377e-06
9.25665e-06
1.36947e-06
9.6024e-06
8.98345e-06
9.59325e-06
8.04102e-06
7.02074e-06
1.71388e-06
7.88137e-06
4.96057e-06
5.04681e-06
6.85322e-06
3.1182e-06
3.0903e-06
9.22437e-06
5.67543e-06
5.9246e-06
9.21149e-06
9.08964e-06
2.02704e-06
9.09997e-06
9.32692e-06
8.59918e-06
2.02307e-06
1.87013e-06
9.12618e-06
8.96999e-06
3.93634e-06
3.5514e-07
6.40518e-07
2.32899e-06
2.17619e-06
9.28868e-06
2.53448e-06
9.32542e-06
9.05198e-06
1.32569e-06
2.79513e-06
3.41779e-06
2.48387e-06
5.72924e-06
5.38718e-06
7.70988e-06
4.43645e-06
2.79545e-06
8.44543e-07
9.09191e-06
9.67123e-06
7.68284e-06
4.89391e-06
5.48304e-06
7.17199e-06
2.9391e-06
7.32849e-06
6.1467e-06
7.50162e-06
2.72086e-06
3.72383e-06
9.03763e-06
2.41868e-06
2.60807e-06
9.63971e-06
6.1377e-06
7.9753e-06
9.04288e-06
9.00976e-06
9.26867e-06
9.68918e-06
6.22843e-06
9.63865e-06
3.99361e-06
9.19188e-06
9.65536e-06
9.24007e-06
9.26607e-06
9.10835e-06
9.15137e-06
8.90256e-06
3.11745e-07
5.48831e-06
3.06398e-06
4.92387e-06
6.25796e-06
6.42651e-06
9.13804e-06
9.2692e-06
7.51225e-06
2.44489e-07
9.64731e-06
9.16406e-06
9.73983e-06
9.11975e-06
8.44069e-06
3.22299e-07
3.86452e-07
3.54927e-07
4.43741e-07
9.19366e-06
3.25674e-07
3.28571e-07
5.2036e-06
9.06058e-06
9.23556e-06
9.33462e-06
8.74442e-07
9.53658e-06
8.98515e-06
9.38783e-06
4.73015e-06
8.60775e-06
9.58979e-06
9.25854e-06
1.92505e-08
-7.31952e-10
5.00755e-08
5.11949e-08
7.46172e-06
6.38515e-06
9.40124e-06
7.12903e-06
9.18311e-06
3.68667e-07
7.69799e-06
8.93378e-06
9.41035e-06
4.38739e-06
8.84158e-06
2.17514e-06
7.23228e-06
8.86862e-06
5.98334e-06
9.30466e-06
1.2047e-06
9.66102e-06
5.69823e-06
9.28227e-06
9.79095e-06
1.70756e-06
9.06686e-06
6.47478e-06
5.66066e-06
3.91981e-06
9.35125e-06
8.59775e-06
9.29501e-06
7.02394e-06
3.51789e-06
7.8364e-06
9.01664e-06
8.90156e-06
9.66077e-06
9.1186e-06
9.20429e-06
9.20078e-06
8.98664e-06
9.41673e-06
9.13557e-06
9.3063e-06
9.19778e-06
6.62118e-06
6.27346e-06
3.18184e-06
9.21105e-06
8.98005e-06
6.90378e-06
5.20257e-06
7.38996e-08
4.60828e-08
2.71954e-06
1.27627e-06
9.21766e-06
1.02142e-06
4.89541e-06
9.05821e-06
4.58197e-06
6.54627e-06
8.33112e-06
9.48275e-06
6.54838e-06
1.54615e-06
6.56042e-06
8.4972e-06
1.13359e-06
5.97149e-06
2.95233e-06
3.61193e-07
3.30016e-07
2.95215e-06
3.00726e-06
4.73672e-06
6.78382e-06
9.13546e-06
7.52969e-06
8.49384e-06
8.6693e-06
5.90817e-06
6.08334e-06
5.45058e-06
7.06705e-06
1.47961e-06
4.11661e-07
3.25948e-07
6.52736e-06
9.63835e-06
8.26498e-06
9.54179e-06
5.61135e-06
2.63729e-06
7.36539e-06
9.37992e-06
9.60828e-06
6.94707e-06
7.21304e-06
9.94357e-07
5.75855e-06
2.86267e-06
5.90981e-06
2.76868e-06
3.80149e-06
7.51109e-06
3.2561e-06
5.36004e-06
3.44868e-06
6.04391e-06
9.67173e-06
3.36374e-06
7.8463e-06
7.81629e-06
9.2252e-06
7.7242e-06
6.47292e-06
3.62031e-06
8.67797e-06
4.33913e-06
6.01833e-06
4.79323e-06
9.14024e-06
4.77199e-06
3.09301e-07
9.12386e-06
1.05188e-06
-1.79417e-07
-1.79982e-07
-1.72269e-07
-2.03297e-07
-3.27539e-07
9.20734e-06
-1.76385e-07
-2.41814e-07
1.18845e-07
1.68311e-07
6.88743e-06
3.3388e-06
9.44904e-06
6.04212e-08
3.28119e-08
9.48869e-06
8.89942e-06
9.24869e-06
-1.41783e-07
9.63094e-06
9.28394e-06
9.26527e-06
1.12272e-07
2.26999e-08
9.28676e-06
7.97866e-08
1.39759e-07
9.63532e-06
8.48023e-06
9.27747e-06
9.35509e-06
1.00369e-07
5.75531e-08
4.12938e-08
1.01279e-07
-1.44759e-07
-1.17057e-07
-2.45983e-07
-2.07714e-07
-2.14863e-07
)
;

boundaryField
{
    back
    {
        type            empty;
    }
    front
    {
        type            empty;
    }
    ingreso
    {
        type            zeroGradient;
    }
    salida
    {
        type            fixedValue;
        value           uniform 0;
    }
    defaultFaces
    {
        type            zeroGradient;
    }
}


// ************************************************************************* //
