/*--------------------------------*- C++ -*----------------------------------*\
  =========                 |
  \\      /  F ield         | OpenFOAM: The Open Source CFD Toolbox
   \\    /   O peration     | Website:  https://openfoam.org
    \\  /    A nd           | Version:  8
     \\/     M anipulation  |
\*---------------------------------------------------------------------------*/
FoamFile
{
    version     2.0;
    format      ascii;
    class       volScalarField;
    location    "7.8";
    object      p;
}
// * * * * * * * * * * * * * * * * * * * * * * * * * * * * * * * * * * * * * //

dimensions      [0 2 -2 0 0 0 0];

internalField   nonuniform List<scalar> 
5119
(
3.81839e-06
1.03581e-05
1.02902e-05
9.91698e-06
4.4933e-06
1.03513e-05
1.0333e-05
1.03473e-05
9.48819e-06
1.76851e-06
9.92108e-06
1.84526e-06
4.81661e-06
1.01378e-05
3.36042e-06
5.98055e-06
6.89417e-06
9.87181e-07
2.50677e-06
2.60197e-06
5.99951e-06
5.26479e-06
3.46008e-06
1.62111e-06
6.39374e-06
5.66918e-06
3.54761e-06
3.57586e-06
3.60059e-06
9.4813e-07
1.25189e-06
2.51446e-06
5.83404e-06
3.31527e-06
3.9612e-06
1.00195e-06
9.81886e-07
9.96968e-07
4.30481e-06
7.66227e-06
1.03228e-05
4.49343e-06
7.05778e-06
7.08961e-06
7.47508e-06
1.03316e-05
7.85244e-06
7.50775e-06
7.47997e-06
6.64334e-06
1.02211e-05
9.95606e-06
1.05162e-05
1.03455e-05
1.01912e-05
7.86533e-06
9.95418e-06
1.03502e-05
5.37785e-06
8.02193e-06
7.32317e-06
7.04361e-06
7.88993e-06
7.43641e-06
1.03373e-05
8.22239e-06
1.02129e-05
1.00139e-05
7.89597e-06
1.01375e-05
1.0255e-05
1.03532e-05
1.01975e-05
7.91085e-06
6.65327e-06
7.63771e-06
1.03514e-05
1.03201e-05
8.16885e-06
8.07925e-06
9.65527e-06
1.00153e-05
9.29706e-07
4.19915e-07
1.03352e-05
6.81468e-07
1.03229e-05
7.1935e-06
4.4223e-07
4.4703e-07
4.47678e-07
4.27354e-07
1.03487e-05
9.88745e-06
8.06941e-06
9.98121e-06
1.04737e-05
8.12685e-06
9.94249e-06
9.20363e-07
5.91206e-06
5.92466e-06
9.15856e-06
7.97908e-06
1.03503e-05
1.03586e-05
8.43059e-06
1.02738e-05
1.00268e-05
1.03366e-05
9.19028e-06
1.03574e-05
1.03543e-05
1.74805e-06
1.03452e-05
1.00249e-05
9.90705e-06
1.03572e-05
1.01026e-05
7.63507e-07
1.02156e-05
3.83227e-06
9.444e-06
5.43212e-06
6.32697e-06
2.8724e-06
5.467e-06
5.14153e-06
1.97575e-06
3.96544e-06
5.86561e-06
1.50283e-06
1.49797e-06
3.01309e-06
1.03265e-05
1.02613e-05
9.09468e-06
2.95955e-06
1.0278e-05
3.66297e-06
5.34144e-06
7.19641e-06
4.83077e-06
3.82326e-06
3.96683e-06
3.94558e-06
1.54387e-06
1.57522e-06
1.56414e-06
9.81831e-06
8.64142e-06
1.03188e-05
8.30386e-06
9.90278e-06
1.00005e-05
7.5041e-07
1.00051e-05
1.04678e-05
1.03038e-05
9.80877e-06
8.55563e-06
1.03665e-05
1.03101e-05
8.09132e-06
1.03551e-05
1.01856e-05
1.03566e-05
1.03517e-05
1.03528e-05
1.00282e-05
1.02494e-05
8.20374e-06
1.01007e-05
1.01832e-05
1.00513e-05
1.01739e-05
1.02791e-05
2.7404e-06
1.03602e-05
4.1446e-06
1.02298e-05
1.02134e-05
8.08853e-06
8.01835e-06
1.03546e-05
9.96158e-06
1.03488e-05
1.02838e-05
1.02354e-05
1.03384e-05
9.79318e-06
8.88896e-06
8.14636e-06
1.01107e-05
1.03444e-05
9.82339e-06
1.03379e-05
1.02094e-05
9.43404e-06
1.03295e-05
1.03528e-05
8.34151e-06
1.03538e-05
1.73045e-06
3.13783e-06
3.86633e-06
5.32687e-06
8.64301e-06
1.02237e-05
1.00697e-05
1.03193e-05
7.64052e-06
1.01821e-05
7.73257e-06
1.02771e-05
1.02081e-05
1.0276e-05
7.67109e-06
1.00258e-05
1.02858e-05
8.18897e-06
1.00129e-05
1.03618e-05
8.45603e-06
1.00205e-05
9.90691e-06
1.03521e-05
1.03237e-05
4.97555e-06
1.99091e-06
1.03653e-05
2.47158e-06
5.95647e-06
5.11793e-06
4.60175e-06
1.02357e-05
6.69097e-06
7.23073e-06
1.02307e-05
9.19396e-06
1.0094e-05
1.03181e-05
9.93864e-06
8.7044e-06
3.10374e-06
2.04587e-06
5.14371e-06
1.02386e-05
5.91591e-06
2.87677e-06
5.48756e-06
6.38563e-06
7.04038e-06
2.70697e-06
2.97501e-06
6.46242e-06
2.99195e-06
2.96369e-06
3.32812e-06
1.01311e-05
1.02944e-05
1.02666e-05
9.48812e-06
6.70577e-06
4.51712e-06
4.54327e-06
4.71326e-06
5.45559e-06
1.0276e-05
7.40194e-06
1.02481e-05
1.03411e-05
1.36753e-06
5.51013e-06
1.7186e-06
1.04498e-05
8.73012e-06
6.85605e-06
8.89411e-07
6.38459e-06
7.05196e-06
2.93585e-06
2.92082e-06
6.4535e-06
2.89698e-06
2.52906e-06
3.20548e-06
5.49068e-06
9.80103e-07
1.83909e-06
6.65285e-06
2.791e-06
5.87879e-06
1.03267e-05
3.0537e-06
5.97819e-06
7.56302e-06
1.01634e-05
1.03716e-05
8.33138e-06
9.67563e-06
5.20137e-06
9.994e-06
1.03724e-05
1.01131e-05
1.02029e-05
1.04437e-05
1.28819e-06
1.00004e-05
8.41159e-06
1.37387e-06
5.44482e-06
4.62079e-06
4.66859e-06
5.09019e-06
4.64553e-06
1.03536e-05
1.03488e-05
5.56636e-06
5.55757e-06
9.90642e-06
7.99849e-06
3.17161e-06
1.03523e-05
9.88689e-06
8.99375e-06
9.97892e-06
2.64944e-06
4.37697e-06
1.0056e-05
4.88797e-06
4.35229e-06
8.8385e-06
1.02652e-05
1.03679e-05
3.78983e-06
5.87219e-06
6.84674e-06
1.08916e-06
2.28351e-06
5.90735e-06
2.56574e-06
9.91964e-06
5.63042e-06
6.28444e-06
3.51197e-06
1.57453e-06
1.02521e-06
1.00405e-05
9.9727e-06
4.20539e-06
4.37958e-06
4.34198e-06
4.15956e-06
5.18781e-06
5.0978e-06
3.94426e-06
3.78148e-06
3.37746e-06
6.09062e-06
2.57824e-06
2.43118e-06
2.45585e-06
6.42619e-06
2.32005e-06
2.4711e-06
2.17766e-06
1.91507e-06
2.02974e-06
2.04153e-06
1.98953e-06
1.79702e-06
6.79403e-06
7.1527e-06
9.99702e-06
1.00455e-05
1.02096e-05
1.01195e-05
2.89306e-06
1.03968e-05
9.85083e-06
1.03058e-05
7.94026e-06
2.47155e-06
8.13607e-06
8.59545e-06
1.03421e-05
2.42729e-06
3.25308e-06
5.72201e-06
1.01817e-05
1.0324e-05
8.7071e-06
1.02876e-05
7.5802e-06
5.19022e-06
3.43244e-06
3.58656e-06
3.56894e-06
1.02002e-05
7.05921e-06
1.02963e-05
1.03423e-05
8.80426e-06
4.17244e-06
9.88414e-06
9.54952e-06
1.03586e-05
1.00724e-05
9.82085e-06
8.22573e-06
1.99741e-06
3.54897e-06
1.08635e-06
1.07008e-06
1.08711e-06
9.54362e-06
5.01372e-06
5.77336e-06
1.02673e-05
1.02872e-05
6.73864e-06
1.0083e-05
1.02519e-05
1.02519e-05
1.00347e-05
1.02248e-05
4.88665e-06
4.62791e-07
1.03818e-05
8.70689e-06
4.88111e-06
6.85207e-06
1.0201e-05
1.00731e-05
1.02022e-05
9.15217e-06
8.4219e-06
1.03612e-05
1.02723e-05
9.65165e-06
1.01546e-05
9.84095e-06
6.19731e-07
6.50776e-07
6.53609e-07
6.41544e-07
1.02956e-05
9.75805e-06
6.92415e-06
9.46073e-06
1.03704e-05
4.43503e-06
5.78724e-06
3.04243e-06
2.75506e-06
2.58895e-06
2.48562e-06
2.61505e-06
2.63106e-06
6.78426e-06
6.64479e-06
2.16224e-06
6.52056e-06
1.02252e-05
1.03622e-05
4.32066e-06
8.91056e-07
3.97918e-06
4.21456e-06
4.13818e-06
4.01921e-06
5.39424e-06
5.31138e-06
3.76931e-06
3.57866e-06
3.19487e-06
6.30636e-06
2.37249e-06
2.24082e-06
2.20834e-06
2.25391e-06
6.65689e-06
2.1115e-06
1.9954e-06
1.73503e-06
1.85124e-06
1.8381e-06
1.80831e-06
1.61302e-06
6.95681e-06
7.39977e-06
1.03531e-05
9.83412e-06
1.03475e-05
8.45447e-06
8.44709e-06
1.03467e-05
1.03885e-05
1.0199e-05
9.91582e-06
1.03257e-05
9.1566e-06
9.61651e-06
1.02231e-05
6.44275e-07
1.00783e-05
4.18681e-06
8.93558e-06
2.38808e-07
2.79321e-07
2.8426e-07
9.91048e-06
2.20214e-06
6.31958e-06
5.6161e-06
9.96438e-06
1.01592e-05
1.03248e-05
1.00761e-05
4.14776e-06
1.87146e-06
1.03669e-05
8.75055e-06
9.77186e-06
4.78828e-06
5.99531e-06
4.81392e-06
1.03285e-05
8.58845e-06
7.98086e-06
6.78515e-07
9.13565e-06
5.86244e-06
6.07786e-06
1.03299e-05
1.03304e-05
8.44763e-06
9.9691e-06
1.98461e-06
6.2989e-06
5.64277e-06
7.88029e-06
5.27179e-06
4.55315e-06
4.48351e-06
4.44157e-06
9.96102e-06
9.93401e-06
6.46532e-06
1.00585e-05
8.40093e-06
1.03167e-05
1.03019e-05
1.03932e-05
7.12416e-06
2.23463e-06
7.74473e-06
9.94915e-06
4.62179e-06
9.8454e-06
1.03624e-05
9.92477e-06
9.20545e-06
1.03936e-05
1.03596e-05
1.01385e-05
2.44318e-06
1.0279e-05
9.11417e-06
9.55622e-06
5.07404e-06
1.02937e-05
1.03688e-05
1.01867e-05
8.75941e-06
9.854e-06
1.02954e-05
1.0299e-05
1.034e-05
1.84613e-07
1.83945e-07
1.85694e-07
9.25844e-06
1.00905e-05
1.01183e-05
1.03841e-05
1.03151e-05
4.12844e-06
3.71367e-06
1.03656e-05
1.03498e-05
1.0373e-05
8.52031e-06
1.01225e-05
1.02637e-05
6.45909e-06
6.59131e-06
2.7479e-06
2.7316e-06
2.72454e-06
3.16901e-06
5.58932e-06
2.9093e-06
2.63199e-06
8.3835e-06
1.03767e-05
9.48617e-06
1.0334e-05
1.03124e-05
6.08161e-06
1.0304e-05
9.97338e-06
7.54657e-06
9.38567e-06
1.03268e-05
1.01632e-05
1.03729e-05
8.93458e-06
1.03125e-05
1.02793e-05
1.02677e-05
9.93998e-06
1.03374e-05
5.95196e-06
4.79738e-06
9.40043e-06
1.03751e-05
1.02621e-05
1.02699e-05
1.02982e-05
1.01431e-05
8.81007e-06
4.60489e-06
1.33719e-06
1.00774e-05
9.00873e-06
1.3924e-06
5.16543e-06
1.26508e-06
6.05009e-06
3.18288e-06
3.20045e-06
6.6714e-06
6.13067e-06
2.9298e-06
3.15922e-06
3.50424e-06
1.01771e-05
7.49339e-06
9.98762e-06
4.49028e-07
1.03472e-05
1.02717e-05
9.97775e-06
1.03547e-05
1.03797e-05
4.75584e-07
1.02487e-05
1.03587e-05
7.11514e-06
1.45171e-06
7.49191e-06
9.23773e-06
1.03858e-05
8.66751e-06
9.75719e-06
1.03631e-05
9.94102e-06
6.16496e-07
9.81301e-07
1.02888e-05
1.03198e-05
9.24868e-06
9.82595e-06
1.03538e-05
9.1555e-06
1.02628e-05
1.03375e-05
9.96983e-06
4.84023e-06
1.49748e-06
2.88928e-06
3.62906e-06
5.33982e-06
1.03225e-05
2.25242e-07
2.1555e-07
2.62847e-07
9.24344e-06
1.02997e-05
1.03807e-05
6.07643e-06
1.02935e-05
7.22051e-06
2.36576e-07
2.61583e-07
1.03371e-05
7.98938e-07
2.22485e-06
6.3236e-06
3.0966e-06
5.5817e-06
6.52908e-06
1.00177e-05
5.46368e-06
1.03634e-05
1.03168e-05
1.01057e-05
1.03621e-05
1.02062e-05
1.03496e-05
9.94382e-06
9.96638e-06
7.49959e-06
1.01717e-05
8.9439e-06
8.89972e-06
8.38342e-06
1.03228e-05
1.01514e-05
8.33251e-06
1.02814e-05
7.477e-06
1.00892e-05
1.03401e-05
1.69127e-06
9.99328e-06
9.53745e-06
1.03782e-05
1.01222e-05
8.95206e-06
1.00933e-05
9.97172e-06
1.02667e-05
2.02376e-07
2.07184e-07
2.12052e-07
2.43534e-07
1.95084e-07
1.03407e-05
1.01042e-05
8.35314e-06
1.03559e-05
1.03551e-05
1.03724e-05
1.02211e-05
1.00013e-05
9.70824e-06
4.41413e-06
4.38137e-06
4.43748e-06
4.81095e-06
4.44512e-06
4.75232e-06
1.03648e-05
1.02454e-05
3.90991e-06
4.06701e-06
4.49355e-06
4.80237e-06
4.89508e-06
4.95508e-06
5.21144e-06
5.12197e-06
3.77914e-06
3.49393e-06
5.77279e-06
2.75662e-06
2.57572e-06
2.46732e-06
2.29586e-06
6.15745e-06
2.58276e-06
2.59924e-06
2.57624e-06
2.12364e-06
2.15994e-06
2.14605e-06
6.5026e-06
2.01783e-06
1.90634e-06
6.6229e-06
1.66133e-06
7.23731e-06
7.06603e-06
7.16417e-06
4.5247e-06
4.45447e-06
4.47748e-06
4.28811e-06
4.69659e-06
1.03299e-05
8.63961e-06
1.03635e-05
3.36021e-06
1.07665e-05
1.03543e-05
1.03528e-05
1.03065e-05
4.74931e-06
4.79485e-06
4.50067e-06
1.03746e-05
1.00763e-05
1.0339e-05
1.03239e-05
1.03687e-05
7.72902e-06
9.60704e-06
1.02204e-05
9.26851e-06
1.00387e-05
9.95397e-06
9.59782e-06
1.02074e-05
1.03638e-05
1.03376e-05
4.49254e-06
1.02899e-05
1.015e-05
1.02888e-05
3.48892e-07
3.45663e-07
3.30682e-07
1.03619e-05
9.96335e-06
1.02084e-05
1.03733e-05
8.98324e-06
1.03425e-05
5.7977e-06
1.02603e-05
1.02875e-05
1.03267e-05
9.40866e-06
9.83233e-06
9.62926e-06
1.03583e-05
1.03597e-05
1.01691e-05
7.40589e-06
1.01031e-05
4.25307e-06
4.24971e-06
8.37758e-06
9.24306e-06
1.03308e-05
1.02939e-05
1.03235e-05
1.0386e-05
8.81059e-06
1.03366e-05
1.0406e-05
9.61139e-06
1.03479e-05
9.98785e-06
4.23535e-06
4.20269e-06
5.21423e-06
4.039e-06
5.19649e-06
5.0426e-06
4.88182e-06
5.60703e-06
3.49762e-06
3.26327e-06
3.20486e-06
6.09172e-06
2.53541e-06
1.73931e-06
1.8536e-06
1.81735e-06
1.86945e-06
2.07592e-06
6.9164e-06
6.78459e-06
9.89892e-06
7.14267e-06
5.34661e-06
6.53054e-06
1.03537e-05
1.03522e-05
8.93407e-06
9.96735e-06
1.00444e-05
1.02606e-05
9.69081e-06
8.12579e-06
9.85472e-06
4.54545e-06
9.08473e-06
1.02441e-05
7.9689e-06
9.90299e-06
1.02293e-05
8.55638e-06
9.99216e-06
5.99693e-06
7.18323e-06
9.52545e-06
9.98341e-06
9.73869e-06
9.32432e-06
9.04348e-06
9.6745e-06
9.83958e-06
1.03705e-05
9.59473e-06
1.02261e-05
9.82098e-06
1.02619e-05
9.85096e-06
9.70611e-06
7.21218e-06
5.03915e-06
1.02331e-05
9.51516e-06
9.94554e-06
1.02556e-05
6.93616e-06
8.98457e-06
7.2475e-06
1.03369e-05
9.81748e-06
8.2982e-06
9.80573e-06
9.8175e-06
1.03652e-05
1.00008e-05
8.81158e-06
1.03701e-05
8.56689e-06
4.76233e-06
5.16304e-06
5.26582e-06
3.33993e-06
3.55642e-06
3.08413e-06
5.62071e-06
3.00199e-06
3.02283e-06
6.28346e-06
3.11239e-06
3.092e-06
6.35016e-06
6.72555e-06
6.08396e-06
2.29622e-06
1.03601e-05
1.00203e-05
9.86669e-06
9.57839e-06
1.00393e-05
9.75708e-06
1.01944e-05
8.98303e-06
4.49818e-06
1.03503e-05
4.77398e-06
4.75727e-06
8.24361e-06
4.54227e-06
1.03622e-05
1.03499e-05
6.30514e-06
9.90048e-06
1.02829e-05
6.72004e-06
6.78777e-06
6.64478e-06
7.26646e-06
1.02257e-05
1.03447e-05
7.26196e-06
6.72493e-06
7.04667e-06
1.01203e-05
9.85395e-06
1.05251e-05
1.03482e-05
9.98388e-06
9.7998e-06
1.03843e-05
6.43963e-06
7.40745e-06
1.01901e-05
1.03546e-05
1.02949e-05
1.0336e-05
8.32328e-06
1.0353e-05
6.31876e-06
8.23738e-06
1.02567e-05
2.05632e-06
1.02475e-05
9.71627e-06
1.0272e-05
7.5566e-06
1.02776e-05
9.86318e-06
5.39989e-06
5.30176e-06
3.74344e-06
3.68642e-06
3.17751e-06
6.31997e-06
2.5188e-06
2.33478e-06
2.34135e-06
6.64874e-06
2.35622e-06
2.2139e-06
2.08486e-06
1.69974e-06
1.82886e-06
1.81953e-06
1.7991e-06
1.5554e-06
6.86582e-06
7.39205e-06
4.22051e-06
4.09496e-06
4.25344e-06
3.9814e-06
1.0329e-05
1.03063e-05
8.70972e-06
1.03184e-05
1.00724e-05
1.01066e-05
1.02777e-05
1.03373e-05
1.01844e-05
6.2556e-07
1.03148e-05
5.85324e-06
3.01964e-06
2.93646e-06
2.72481e-06
2.63724e-06
2.73046e-06
2.7481e-06
6.75398e-06
6.59123e-06
1.03538e-05
2.55696e-06
6.87853e-06
4.72182e-06
1.02554e-05
9.92297e-06
1.00155e-05
1.01438e-05
1.00756e-05
1.02066e-05
1.03476e-05
1.02457e-05
1.01734e-05
9.67762e-06
1.02707e-05
1.92113e-06
1.01871e-05
1.03661e-05
4.05298e-06
4.07323e-06
4.90191e-06
4.9678e-06
4.55777e-06
1.02058e-05
1.0351e-05
1.0045e-05
1.02623e-05
4.49188e-06
9.7614e-06
1.0371e-05
1.02272e-05
9.97488e-06
1.10344e-06
1.08743e-06
1.10914e-06
3.86556e-06
9.99811e-06
1.0234e-05
1.0333e-05
8.48941e-06
9.00565e-06
9.68372e-06
1.03377e-05
1.03549e-05
1.00058e-05
1.03293e-05
1.02427e-05
9.86544e-06
1.03661e-05
4.94627e-06
1.03217e-05
1.03512e-05
1.01066e-05
1.03206e-05
9.8743e-06
6.57356e-06
9.31268e-06
1.03583e-05
1.01853e-05
4.25163e-06
1.02274e-05
4.80019e-06
9.66299e-06
1.02926e-05
9.59956e-06
8.44266e-06
1.0093e-05
4.52695e-06
4.69318e-06
4.52343e-06
1.00899e-05
1.02703e-05
1.02686e-05
9.75661e-06
9.84549e-06
1.01891e-05
9.97685e-06
4.70297e-06
4.72168e-06
4.65192e-06
8.14684e-06
1.03311e-05
1.0276e-05
1.01014e-05
9.78159e-06
1.03699e-05
9.87409e-06
1.00341e-05
9.82739e-06
1.03523e-05
1.02855e-05
1.0217e-05
1.0368e-05
1.01523e-05
1.00585e-05
9.66794e-06
1.01977e-05
1.02449e-05
4.71858e-06
4.75366e-06
7.66754e-06
1.00799e-05
1.03369e-05
9.81173e-06
1.03701e-05
1.00489e-05
9.6009e-06
1.02154e-05
4.13222e-06
1.02696e-05
8.06122e-06
1.04064e-05
1.03614e-05
9.93955e-06
1.0276e-05
9.99361e-06
1.03631e-05
1.00379e-05
1.03256e-05
1.02952e-05
1.0154e-05
1.03415e-05
4.64924e-06
4.58546e-06
4.67192e-06
9.85529e-06
1.02192e-05
1.02883e-05
1.03265e-05
1.02812e-05
1.03743e-05
9.80455e-06
1.00595e-05
9.69319e-06
1.35779e-06
3.27816e-06
2.47092e-06
5.81915e-06
1.0355e-05
1.0363e-05
1.02302e-05
1.03522e-05
1.00071e-05
1.03614e-05
1.0355e-05
1.03568e-05
1.02066e-05
7.53583e-06
1.03554e-05
1.02918e-05
1.01999e-05
1.36233e-06
1.34395e-06
1.37028e-06
7.39116e-06
1.03443e-05
1.03462e-05
1.03161e-05
1.03477e-05
1.03469e-05
9.84265e-06
1.02441e-05
1.02932e-05
9.76191e-06
1.01729e-05
4.58554e-06
1.00334e-05
1.03336e-05
1.03597e-05
4.36414e-06
1.03011e-05
9.87636e-06
1.02435e-05
1.00361e-05
9.05924e-06
1.03272e-05
1.00485e-05
1.0353e-05
1.01973e-05
1.03431e-05
1.02707e-05
9.37437e-06
1.02728e-05
1.03435e-05
1.0308e-05
1.02144e-05
1.0298e-05
9.94268e-06
1.03206e-05
9.89077e-06
1.0341e-05
4.46689e-06
3.48813e-06
5.26787e-06
1.84838e-06
2.60236e-06
2.43564e-06
5.89059e-06
1.10789e-06
5.93192e-06
6.885e-06
1.02015e-05
1.02712e-05
1.03336e-05
1.03616e-05
9.42514e-06
9.7331e-06
1.01972e-05
1.03166e-05
1.0354e-05
9.94476e-06
1.02921e-05
9.17277e-06
1.00225e-05
1.024e-05
3.08785e-06
3.10566e-06
5.3093e-06
6.19713e-06
4.86978e-06
3.4359e-06
3.0838e-06
6.25668e-06
2.03522e-06
6.80514e-06
2.83471e-06
1.15391e-06
1.27583e-06
1.00989e-05
1.0296e-05
1.03458e-05
1.03361e-05
1.02324e-05
1.01188e-05
1.00243e-05
9.2608e-06
9.72251e-06
8.16883e-06
1.00774e-05
1.03643e-05
1.04932e-05
1.03656e-05
9.55313e-06
1.0127e-05
1.03198e-05
1.02746e-05
9.2051e-06
3.53365e-07
1.03464e-05
6.51487e-06
1.03226e-05
9.76152e-06
8.02904e-06
1.03513e-05
1.03536e-05
1.03679e-05
7.46702e-06
9.99581e-06
1.02264e-05
1.03371e-05
8.90579e-06
1.01053e-05
9.78385e-06
1.03691e-05
1.02114e-05
1.01267e-05
9.62387e-06
9.85326e-06
9.74678e-06
1.0365e-05
9.85784e-06
1.01702e-05
1.01843e-05
1.02703e-05
9.75091e-06
1.0324e-05
1.02703e-05
1.03311e-05
1.03116e-05
1.01398e-05
5.3733e-07
5.30023e-07
5.14349e-07
5.40262e-07
5.44995e-07
8.4235e-06
1.02531e-05
9.65892e-06
1.01883e-05
2.75135e-07
2.59996e-07
9.88377e-06
7.2759e-06
1.03579e-05
1.01997e-05
1.02727e-05
9.96322e-06
8.7349e-06
3.68239e-06
1.0372e-05
1.01267e-05
1.03059e-05
1.03613e-05
1.02109e-05
1.00612e-05
5.46606e-06
1.03342e-05
9.88198e-06
9.80329e-06
9.86908e-06
1.02563e-05
9.74963e-06
9.82952e-06
1.04985e-06
5.34449e-06
1.02137e-05
3.51079e-06
3.5488e-06
3.56955e-06
5.69515e-06
1.57994e-06
6.37863e-06
1.03629e-05
9.9922e-06
1.03412e-05
9.77341e-06
1.02243e-05
1.00834e-05
2.11736e-06
3.00239e-06
5.73899e-06
6.49238e-06
4.42342e-06
9.8068e-06
1.0349e-05
9.37771e-06
4.84476e-06
4.87104e-06
4.46155e-06
4.30075e-06
1.03712e-05
9.83151e-06
1.02863e-05
9.74403e-06
3.15305e-06
1.03473e-05
1.04642e-05
9.9528e-06
9.81705e-06
1.02722e-05
9.79473e-06
2.34882e-07
9.8987e-06
1.02663e-05
1.03609e-05
1.03335e-05
1.01108e-05
1.02572e-05
4.46865e-06
9.75777e-06
1.029e-05
1.1553e-06
1.02492e-05
1.01775e-05
2.42051e-07
2.2851e-07
2.41444e-07
2.39775e-07
2.36203e-07
1.03613e-05
1.03514e-05
1.03357e-05
6.22099e-06
1.01099e-05
9.71778e-06
9.66517e-06
9.97618e-06
1.02386e-05
1.03107e-05
1.03257e-05
1.03723e-05
1.03465e-05
1.03389e-05
1.03633e-05
1.03361e-05
9.86127e-06
1.02992e-05
1.00104e-05
1.02786e-05
9.0829e-06
7.77781e-06
1.03349e-05
9.91401e-06
7.76268e-06
1.03345e-05
6.62445e-06
4.67132e-06
1.03667e-05
1.03554e-05
1.01298e-05
3.33783e-06
7.82615e-06
1.03599e-05
9.94393e-06
9.57977e-06
1.02552e-05
1.0153e-05
1.0285e-05
1.03576e-05
9.96466e-06
1.03609e-05
1.03093e-05
1.03072e-05
1.03584e-05
1.03427e-05
1.03735e-05
4.3449e-06
1.02133e-05
9.86232e-06
1.03587e-05
9.92758e-06
1.02732e-05
9.97848e-06
1.03328e-05
9.50704e-06
9.89749e-06
4.40167e-06
1.02174e-05
9.75477e-06
1.04005e-05
1.03583e-05
9.95116e-06
1.0133e-05
1.03585e-05
1.01326e-05
9.19595e-06
1.01651e-05
1.02998e-05
9.88756e-06
4.82508e-06
1.03595e-05
1.01954e-05
1.03588e-05
1.03087e-05
1.03472e-05
1.03629e-05
1.03407e-05
1.02391e-05
3.52386e-06
5.5406e-06
2.7562e-06
1.61135e-06
6.7022e-06
1.00852e-05
8.75646e-06
8.50068e-06
9.79358e-06
9.87433e-06
1.03505e-05
1.03371e-05
9.44604e-06
1.01391e-05
4.30125e-06
4.329e-06
1.0148e-05
2.0622e-07
2.14339e-07
1.03437e-05
4.63384e-06
1.01898e-05
1.00008e-05
1.03543e-05
1.02681e-05
1.03391e-05
7.25004e-06
1.0352e-05
1.03003e-05
1.0305e-05
5.4979e-06
1.06501e-05
1.03541e-05
1.00518e-05
1.01207e-05
1.03017e-05
1.02013e-05
7.86967e-06
9.94899e-06
1.0002e-05
1.03568e-05
7.77396e-06
8.17957e-06
9.71073e-06
1.03104e-05
1.03576e-05
1.01866e-05
9.89153e-06
1.01705e-05
9.83445e-06
1.03529e-05
9.81147e-06
9.62158e-06
8.13764e-06
2.74312e-07
1.00562e-05
1.03552e-05
7.9437e-06
1.03534e-05
1.00193e-05
1.01919e-05
9.69719e-06
9.93279e-06
1.01003e-05
1.03535e-05
1.00997e-05
7.83519e-06
9.58744e-06
9.05493e-06
1.03457e-05
9.70298e-06
4.71822e-06
9.97467e-06
9.34124e-06
9.83262e-06
1.03515e-05
1.03643e-05
9.31993e-07
9.18693e-07
9.21317e-07
5.89981e-06
1.02844e-05
6.03792e-06
1.02981e-05
4.0096e-06
1.03892e-05
9.88555e-06
1.01689e-05
1.00912e-05
1.02884e-05
9.75766e-06
8.16126e-06
9.97479e-06
9.88469e-06
5.39854e-06
1.02161e-05
1.03643e-05
1.0342e-05
1.06026e-05
1.02729e-05
1.03566e-05
6.18239e-06
1.04545e-05
1.0176e-05
1.03054e-05
1.03762e-05
1.01199e-05
4.89039e-06
7.07476e-06
9.67606e-06
1.01591e-05
9.75071e-06
1.02014e-05
9.03199e-06
1.01516e-05
1.01543e-05
1.03642e-05
1.02937e-05
9.9377e-06
9.32824e-06
1.0366e-05
1.03535e-05
9.98328e-06
1.03559e-05
7.30639e-06
1.03347e-05
1.01755e-05
9.70804e-06
1.02451e-05
9.80007e-06
9.75562e-06
9.96742e-06
1.03453e-05
1.0169e-05
1.01045e-05
1.03518e-05
1.03637e-05
7.67522e-06
1.03603e-05
8.13746e-06
1.03587e-05
1.01523e-05
1.00439e-05
1.03582e-05
9.98364e-06
1.03665e-05
1.02759e-05
1.02357e-05
1.03585e-05
1.00115e-05
9.88094e-06
1.01534e-05
1.03716e-05
9.86462e-06
1.03536e-05
9.78833e-06
7.82138e-06
1.03623e-05
7.70314e-06
1.03983e-05
1.03631e-05
1.03528e-05
1.03332e-05
1.00477e-05
1.03423e-05
1.03645e-05
1.00945e-05
1.02997e-05
1.65047e-06
1.63972e-06
1.61635e-06
7.26893e-06
1.0352e-05
1.03141e-05
9.81644e-06
9.60645e-06
1.03196e-05
9.88575e-06
1.03404e-05
1.03204e-05
1.06562e-05
1.07658e-05
1.04529e-05
1.03688e-05
9.91231e-06
7.6215e-06
1.02628e-05
9.88962e-06
9.9577e-06
8.041e-06
1.02896e-05
1.03645e-05
1.0238e-05
1.02142e-05
1.0253e-05
1.01198e-05
1.01534e-05
1.0352e-05
1.03352e-05
1.0213e-05
5.52645e-06
7.38452e-06
1.03532e-05
7.3251e-06
6.93263e-06
9.74215e-06
7.59649e-06
1.03655e-05
9.88024e-06
1.01517e-05
1.03504e-05
1.03196e-05
1.01463e-05
1.01643e-05
6.90184e-06
1.03428e-05
1.00414e-05
6.42706e-06
1.02573e-05
1.02078e-05
1.02712e-05
1.03023e-05
1.03489e-05
1.00904e-05
9.9747e-06
1.0402e-05
1.01305e-05
1.01142e-05
3.77681e-06
1.00123e-05
1.02969e-05
1.03618e-05
1.0342e-05
9.92515e-06
1.02596e-05
6.5791e-07
1.04269e-05
1.80892e-06
1.03384e-05
1.01758e-05
1.03277e-05
1.03638e-05
1.03573e-05
1.01284e-05
1.02564e-05
9.79546e-06
1.03148e-05
3.41751e-06
1.24008e-06
3.17583e-06
1.51055e-06
2.33906e-06
5.92607e-06
5.66557e-06
2.62088e-06
1.0319e-05
1.02858e-05
1.03154e-05
1.03443e-05
1.0355e-05
6.12999e-06
9.71809e-06
1.03365e-05
9.93942e-06
9.97774e-06
9.99303e-06
6.37389e-06
1.03596e-05
9.94865e-06
1.03709e-05
1.02415e-05
1.03391e-05
1.03304e-05
9.9355e-06
1.03184e-05
1.01321e-05
1.03582e-05
1.01564e-05
9.24258e-06
1.03364e-05
1.03783e-05
1.03648e-05
1.02198e-05
1.02845e-05
1.02488e-05
1.03386e-05
1.03463e-05
1.00572e-05
1.02966e-05
1.01444e-05
3.87142e-06
1.03367e-05
1.02757e-05
1.03394e-05
1.0232e-05
6.73492e-06
1.00362e-05
2.68205e-06
1.02247e-05
1.00984e-05
1.03265e-05
1.03722e-05
9.72219e-07
9.80729e-06
1.0366e-05
1.02715e-05
1.03642e-05
9.5659e-06
1.00869e-05
1.03143e-05
1.03047e-05
9.88426e-06
1.03014e-05
9.99295e-06
1.03607e-05
9.45419e-06
1.03472e-05
1.01031e-05
1.01117e-05
1.03089e-05
9.76708e-06
1.00906e-05
9.89679e-06
1.00592e-05
1.03571e-05
1.01287e-05
9.98867e-06
4.81527e-06
1.0337e-05
1.01525e-05
1.0338e-05
1.02702e-05
1.03567e-05
9.99046e-06
9.3095e-06
3.58812e-06
1.03483e-05
1.03598e-05
8.44712e-06
8.1923e-06
1.024e-05
1.03442e-05
1.03417e-05
1.03655e-05
1.04698e-05
9.49603e-07
9.98532e-07
9.84297e-07
1.00381e-06
1.25241e-06
1.2288e-06
1.24549e-06
3.3934e-06
1.4401e-06
6.4853e-06
3.43143e-06
3.45185e-06
5.65616e-06
4.68887e-06
3.73225e-06
1.51112e-06
1.02026e-05
1.02688e-05
9.89314e-06
9.72434e-06
1.03609e-05
9.53728e-06
3.09977e-06
2.20251e-06
1.37824e-06
5.4987e-06
2.01996e-06
6.21264e-06
1.0178e-05
6.05741e-06
3.05431e-06
1.58829e-06
9.86301e-06
7.76313e-06
4.76766e-06
1.0037e-05
1.03352e-05
1.036e-05
6.9697e-06
1.01669e-05
8.56441e-07
8.99837e-07
8.86757e-07
9.0451e-07
1.0312e-05
1.03624e-05
9.93681e-06
1.03735e-05
1.01645e-05
1.03334e-05
1.01602e-05
4.46106e-06
7.5179e-06
5.07577e-06
3.25168e-06
3.26874e-06
3.23526e-06
3.5468e-06
5.90416e-06
3.06096e-06
5.97657e-06
6.53638e-06
2.27208e-06
1.37694e-06
1.14199e-06
1.03272e-05
1.01491e-05
9.79175e-06
1.0357e-05
1.02791e-05
8.11087e-06
9.84866e-06
1.01111e-05
3.24004e-06
5.42153e-06
6.14234e-06
2.3603e-06
2.18835e-06
8.99903e-07
1.03354e-05
9.97081e-06
1.01469e-05
1.03781e-05
1.03168e-05
1.03436e-05
1.0358e-05
9.88865e-06
6.62775e-06
1.03324e-05
6.78426e-06
1.02762e-05
1.0084e-05
1.03365e-05
1.03732e-05
1.01461e-05
1.03703e-05
1.03697e-05
1.02841e-05
1.00433e-05
1.03609e-05
9.83883e-06
1.01823e-05
1.03647e-05
1.03552e-05
1.03106e-05
1.03537e-05
1.03645e-05
1.03622e-05
1.01135e-05
6.95958e-06
9.89864e-06
1.03391e-05
9.85301e-06
9.90968e-06
1.0361e-05
1.00647e-05
1.02361e-05
7.12535e-06
8.9928e-06
1.01618e-05
1.0236e-05
1.01093e-05
1.03553e-05
1.00954e-05
1.0347e-05
1.03549e-05
1.03533e-05
1.00864e-05
1.01984e-05
9.52616e-06
6.38984e-07
6.63401e-07
6.74848e-07
6.72929e-07
9.95989e-06
1.03299e-05
1.02037e-05
1.55692e-06
1.03313e-05
7.6826e-06
1.02916e-05
1.03701e-05
1.00951e-05
1.03637e-05
1.03624e-05
1.01353e-05
1.03445e-05
2.79166e-06
1.01368e-05
1.03518e-05
1.03641e-05
9.80251e-06
1.00071e-05
1.0364e-05
1.02299e-05
9.8375e-06
1.03502e-05
1.03633e-05
1.00659e-05
1.032e-05
1.03691e-05
1.03481e-05
9.75425e-06
1.03308e-05
1.03586e-05
1.03457e-05
9.85717e-06
1.0233e-05
1.01652e-05
9.97142e-06
1.45498e-06
1.43229e-06
1.46296e-06
7.29867e-06
1.03589e-05
1.03571e-05
1.03471e-05
1.03463e-05
1.03835e-05
1.03388e-05
9.62134e-06
1.01336e-05
1.0342e-05
1.03696e-05
1.03278e-05
1.03451e-05
1.03514e-05
7.59374e-06
1.03627e-05
9.87919e-06
1.03715e-05
9.89873e-06
9.3939e-06
1.03569e-05
1.01326e-05
1.0046e-05
1.03696e-05
1.02544e-05
1.03559e-05
9.93166e-06
1.03616e-05
8.15084e-06
1.03204e-05
1.03619e-05
1.03258e-05
1.03597e-05
1.03633e-05
1.02985e-05
1.03499e-05
1.00533e-05
1.03736e-05
1.03492e-05
1.03565e-05
1.02191e-05
1.03286e-05
1.03556e-05
1.03056e-05
1.00284e-05
9.70029e-06
1.00756e-05
1.01309e-05
1.03478e-05
1.03081e-05
1.03301e-05
1.03231e-05
1.03067e-05
1.68498e-07
1.15148e-07
1.71203e-07
1.75879e-07
1.7635e-07
1.03599e-05
1.03626e-05
1.03436e-05
1.03536e-05
1.03426e-05
1.03485e-05
1.03647e-05
1.00637e-05
1.02536e-05
1.03517e-05
1.0365e-05
1.0352e-05
1.03191e-05
1.0329e-05
1.00646e-05
1.02129e-05
1.03318e-05
1.03449e-05
7.21677e-06
1.03485e-05
1.02648e-05
1.03551e-05
7.72468e-06
1.03192e-05
1.03698e-05
8.96273e-06
1.00039e-05
9.47742e-06
1.00733e-05
9.42341e-06
1.00139e-05
1.03587e-05
1.03572e-05
1.01747e-05
1.03457e-05
1.0196e-05
8.49824e-06
1.02524e-05
1.02219e-05
1.03566e-05
9.80312e-06
1.03235e-05
1.03404e-05
1.03679e-05
9.72632e-06
1.00427e-05
1.03196e-05
9.93061e-06
1.0369e-05
1.02092e-05
1.042e-05
1.02405e-05
7.78432e-06
1.03591e-05
1.01863e-05
9.90226e-06
9.8469e-06
1.0334e-05
9.60758e-06
1.03465e-05
1.04327e-05
1.01113e-05
1.03435e-05
1.03664e-05
6.48612e-06
1.03571e-05
1.01564e-05
1.03719e-05
1.03672e-05
1.01596e-05
7.89931e-06
1.03512e-05
1.03574e-05
1.03424e-05
1.0357e-05
1.03066e-05
7.88624e-06
1.03409e-05
1.03488e-05
1.03547e-05
7.33204e-06
1.03454e-05
1.03581e-05
1.03571e-05
1.03588e-05
1.03721e-05
1.01723e-05
1.03564e-05
1.03406e-05
1.03728e-05
7.96921e-06
1.04386e-05
1.03253e-05
1.03584e-05
1.01224e-05
1.00211e-05
1.03471e-05
1.04148e-05
9.61179e-06
1.00597e-05
6.84663e-06
7.69118e-06
1.03506e-05
1.03486e-05
4.90369e-07
1.03363e-05
7.2927e-06
1.03619e-05
1.03669e-05
6.85873e-06
6.41126e-06
5.94603e-06
6.02549e-06
6.7477e-06
5.86106e-06
4.91175e-06
3.8836e-06
6.76788e-06
2.56287e-06
2.09492e-06
2.37859e-06
3.09426e-06
3.11311e-06
7.08228e-06
3.50253e-06
2.55626e-06
5.62094e-06
6.5e-06
3.40029e-06
4.88093e-06
4.07107e-06
4.10433e-06
7.3533e-06
6.34962e-06
2.29673e-06
6.40986e-06
3.8138e-06
5.24575e-06
2.09966e-06
5.41177e-06
4.75507e-06
1.55651e-06
3.85277e-06
5.36345e-06
5.42865e-06
2.07729e-06
7.00125e-06
1.93818e-06
5.4492e-06
2.0893e-06
2.12612e-06
5.68129e-06
6.00761e-06
2.13923e-06
2.93933e-06
2.95695e-06
6.27192e-06
4.9555e-06
6.49061e-06
5.46865e-06
6.78509e-06
3.0406e-06
5.00067e-06
2.66825e-06
1.60566e-06
5.1275e-06
4.48009e-06
5.87417e-06
2.98136e-06
2.68693e-06
7.24768e-06
4.92023e-06
3.30873e-06
3.75981e-06
3.04062e-06
6.54351e-06
1.42274e-06
2.66941e-06
1.90585e-06
3.9873e-06
4.89383e-06
4.2599e-06
6.60355e-06
4.0312e-06
7.6281e-06
8.86913e-07
4.06089e-06
7.04186e-06
4.26992e-06
2.16032e-06
2.12239e-06
2.13419e-06
7.16938e-06
6.68051e-06
3.08625e-06
6.75475e-06
2.3803e-06
7.39473e-06
3.16582e-06
3.26049e-06
2.73034e-06
1.99176e-06
2.41321e-06
1.95565e-06
3.18965e-06
2.43759e-06
5.33566e-06
2.1046e-06
1.18344e-06
2.93377e-06
6.11623e-06
6.77638e-06
2.76816e-06
1.0025e-06
2.69086e-06
6.18714e-06
5.28577e-06
5.69008e-06
3.51522e-06
4.30961e-06
5.54968e-06
1.35996e-06
3.06937e-06
3.60015e-06
3.85418e-06
5.464e-06
2.46491e-06
3.42657e-06
1.71524e-06
1.96413e-06
5.66991e-06
3.78457e-06
1.71377e-06
1.0894e-06
6.06089e-06
5.56375e-06
5.56682e-06
1.28977e-06
4.04558e-06
1.46254e-06
5.78801e-06
3.22422e-06
6.58504e-06
1.2735e-06
5.71105e-06
2.40059e-06
5.98017e-06
5.19831e-06
6.13784e-06
5.02123e-06
5.55713e-06
5.44659e-06
2.14575e-06
4.20576e-06
2.87065e-06
6.96034e-06
1.93687e-06
5.60684e-06
2.15082e-06
5.39983e-06
4.13611e-06
2.49028e-06
5.19018e-06
2.23363e-06
4.2957e-06
3.83254e-06
3.86104e-06
5.00809e-06
3.64778e-06
2.99713e-06
1.54766e-06
2.67971e-06
5.10409e-06
6.35775e-06
4.01449e-06
3.69916e-06
5.48762e-06
1.37888e-06
5.11522e-06
2.4756e-06
7.48936e-06
5.71003e-06
8.6113e-06
1.00761e-05
1.11316e-06
6.05226e-06
2.91567e-06
5.18887e-06
5.73401e-06
1.02725e-05
6.83198e-06
5.60228e-06
1.85056e-06
3.0844e-06
4.226e-06
7.75171e-06
8.32554e-06
6.48098e-06
2.93324e-06
2.7881e-06
4.26e-06
1.6606e-06
2.75981e-06
2.81179e-06
3.10232e-06
2.70142e-06
6.22533e-06
6.2255e-06
7.77895e-06
6.72865e-06
1.26917e-06
6.93166e-06
1.89387e-06
6.45187e-06
4.52784e-06
6.03596e-06
5.57638e-06
6.0727e-06
1.86055e-06
2.50425e-06
2.43771e-06
3.26848e-06
6.47202e-06
2.74259e-06
1.84623e-06
8.00114e-06
5.30147e-06
3.77078e-06
1.9069e-06
1.9008e-06
3.83141e-06
3.80223e-06
2.74187e-06
2.23224e-06
6.55966e-06
5.14466e-06
7.34181e-06
1.65927e-06
3.80912e-06
2.00698e-06
3.61724e-06
2.083e-06
7.41181e-06
3.67487e-06
3.10534e-06
5.29637e-06
3.98356e-06
5.72851e-06
2.34673e-06
1.09953e-06
1.18949e-06
4.10854e-06
6.35577e-06
4.9733e-06
5.69191e-06
2.35703e-06
5.70228e-06
5.21596e-06
3.86126e-06
3.27237e-06
5.39395e-06
5.15809e-06
3.73084e-06
1.35904e-06
2.93035e-06
5.24763e-06
2.71569e-06
4.01023e-06
1.76167e-06
2.89169e-06
6.14586e-06
4.89588e-06
6.08483e-06
2.59617e-06
1.03538e-06
2.37291e-06
4.05962e-06
7.615e-06
1.91025e-06
2.51014e-06
5.10671e-06
2.92483e-06
5.72222e-06
3.16397e-06
4.98444e-06
2.50153e-06
6.8485e-06
1.30125e-06
2.33525e-06
3.26071e-06
5.75503e-06
3.91059e-06
2.51363e-06
2.5179e-06
2.8904e-06
7.02096e-06
3.41127e-06
2.73486e-06
5.41454e-06
3.94525e-06
3.95963e-06
5.64608e-06
4.86285e-07
1.83333e-06
2.37716e-06
2.37911e-06
2.35535e-06
1.79687e-06
2.66479e-06
3.9762e-06
5.74527e-06
4.3081e-06
5.11859e-06
5.07846e-06
6.81359e-06
4.21114e-06
2.39507e-06
4.99471e-06
4.9838e-06
2.1841e-06
5.18805e-06
2.76848e-06
2.19552e-06
5.07578e-06
1.03201e-05
3.86392e-06
9.09589e-06
5.5369e-06
5.50984e-06
5.59038e-06
4.68744e-06
6.00754e-06
6.96866e-06
4.13459e-06
4.10816e-06
5.90477e-06
1.03686e-05
1.03404e-05
1.02086e-05
8.19747e-06
1.03578e-05
1.03387e-05
1.03605e-05
1.03616e-05
1.03522e-05
1.03308e-05
8.2421e-06
1.03551e-05
1.03402e-05
1.02706e-05
1.02709e-05
1.02462e-05
9.78945e-06
1.03514e-05
1.03496e-05
1.03487e-05
1.03706e-05
8.00846e-06
1.03578e-05
1.03587e-05
1.03528e-05
1.03592e-05
1.00451e-05
1.02132e-05
1.03395e-05
1.03361e-05
1.04143e-05
1.03852e-05
1.03486e-05
1.03424e-05
1.03593e-05
9.90005e-06
6.27979e-07
1.03442e-05
1.02309e-05
1.03117e-05
1.03575e-05
9.95588e-06
1.03373e-05
1.04176e-05
1.03567e-05
1.03429e-05
1.03595e-05
6.51171e-06
9.87678e-06
1.02552e-05
1.0131e-05
1.03432e-05
1.03456e-05
1.03662e-05
1.02422e-05
1.03637e-05
1.03565e-05
1.00279e-05
1.03382e-05
1.0317e-05
1.03256e-05
9.89904e-06
1.03646e-05
1.03693e-05
5.78765e-06
8.13991e-06
1.00385e-05
1.01062e-05
1.034e-05
1.0317e-05
1.04038e-05
9.26778e-06
1.03587e-05
1.03669e-05
9.98009e-06
1.03225e-05
1.03563e-05
1.02864e-05
1.03549e-05
1.03684e-05
9.5229e-06
7.01034e-06
6.22603e-06
1.03677e-05
1.03431e-05
1.02379e-05
9.81606e-06
1.02449e-05
1.03566e-05
9.64467e-06
6.16915e-07
1.03066e-05
1.03636e-05
1.03585e-05
1.02237e-05
9.72533e-06
1.03587e-05
1.03481e-05
1.03301e-05
1.01869e-05
1.01571e-05
1.03586e-05
1.03308e-05
1.02117e-05
1.03562e-05
8.98197e-06
1.03037e-05
6.33609e-07
1.03549e-05
1.03597e-05
1.03199e-05
7.87422e-06
1.03464e-05
1.02297e-05
8.4899e-06
1.03548e-05
9.77449e-06
1.01871e-05
1.02662e-05
1.03339e-05
9.78543e-06
1.03095e-05
1.03215e-05
1.03445e-05
1.03639e-05
9.74328e-06
1.03425e-05
9.89944e-06
1.0388e-05
1.03676e-05
1.03415e-05
1.03456e-05
1.03605e-05
1.03749e-05
4.53573e-07
4.87807e-07
8.50303e-06
1.03088e-05
1.0352e-05
2.90717e-06
1.02154e-05
1.01426e-05
1.03164e-05
1.03672e-05
1.03631e-05
1.03694e-05
1.01487e-05
8.37294e-06
9.86064e-06
1.03871e-05
9.94404e-06
1.03318e-05
1.02698e-05
1.03359e-05
1.02278e-05
1.0099e-05
1.034e-05
9.91565e-06
9.88011e-06
1.02783e-05
1.04331e-05
1.04099e-05
6.91524e-06
1.64885e-06
1.66848e-06
1.67627e-06
1.03572e-05
1.03403e-05
9.98779e-06
8.51573e-06
1.00188e-05
1.03546e-05
8.86287e-06
1.03027e-05
9.99667e-06
1.03169e-05
1.00819e-05
1.00739e-05
1.0041e-05
1.00587e-05
9.98337e-06
9.91927e-06
8.31703e-06
1.00957e-05
1.02477e-05
9.94371e-06
1.03447e-05
1.01898e-05
1.03457e-05
9.93754e-06
1.01853e-05
1.03176e-05
1.03435e-05
9.88994e-06
1.01648e-05
9.84463e-06
1.02548e-05
1.02143e-05
1.01428e-05
1.01625e-05
1.03109e-05
1.0329e-05
8.76327e-07
1.00656e-05
9.9281e-06
1.03384e-05
1.02828e-05
5.79973e-06
1.03084e-05
1.03521e-05
1.03582e-05
9.63284e-06
1.03405e-05
1.0072e-05
1.03164e-05
9.69999e-06
9.7726e-06
1.0346e-05
8.04984e-06
9.8642e-06
1.02828e-05
1.0143e-05
9.89613e-06
9.91316e-06
1.02937e-05
1.0064e-05
1.03589e-05
1.03638e-05
1.01222e-05
1.00267e-05
1.01132e-05
3.8886e-07
1.03517e-05
9.94601e-06
5.17891e-07
5.24073e-07
5.24567e-07
5.00973e-07
9.97258e-06
1.03069e-05
8.76425e-06
7.421e-06
1.02958e-05
9.82456e-06
8.08599e-08
1.706e-07
1.39742e-07
9.92825e-06
1.01731e-05
4.3484e-06
4.83217e-06
4.81292e-06
9.86965e-06
3.82655e-06
3.70997e-07
4.96116e-07
1.01699e-05
1.03476e-05
1.03519e-05
9.64123e-06
1.03654e-05
7.86409e-06
8.97488e-06
9.79024e-06
1.00384e-05
1.02815e-05
1.00951e-05
1.03327e-05
1.02903e-05
4.42203e-06
8.46585e-06
1.00796e-05
9.78022e-06
6.94524e-06
1.03568e-05
2.4363e-07
9.47723e-06
1.97874e-06
2.89386e-06
1.01969e-05
8.37199e-07
1.01901e-05
2.89411e-06
1.01833e-05
6.09988e-06
6.90092e-06
1.00611e-05
9.95975e-06
5.49411e-06
3.71126e-06
3.69003e-06
1.734e-06
3.64638e-06
6.21441e-06
9.40425e-06
1.19269e-06
9.79858e-06
1.03483e-05
5.23775e-07
5.06281e-06
1.03434e-05
1.03279e-05
1.02694e-05
1.0266e-05
1.0103e-05
9.92767e-06
1.0336e-05
1.00636e-05
1.03306e-05
1.02428e-05
1.03481e-05
9.95079e-06
1.03013e-05
1.03678e-05
1.00074e-05
9.9017e-06
1.01716e-05
6.22758e-06
1.02218e-05
9.77139e-06
1.03675e-05
1.03631e-05
1.03271e-05
9.86324e-06
1.02121e-05
1.02573e-05
1.01471e-05
1.00737e-05
1.01854e-05
8.85571e-06
1.01835e-05
1.00542e-05
1.03278e-05
1.0019e-05
1.01712e-05
9.75534e-06
9.67424e-06
1.02698e-05
1.02902e-05
1.03555e-05
1.00776e-05
1.01408e-05
9.89512e-06
1.00685e-05
7.85976e-06
1.0303e-05
1.00486e-05
1.01336e-05
1.02362e-05
9.76817e-06
1.03702e-05
1.03058e-05
7.46532e-06
8.24045e-06
1.03705e-05
1.03831e-05
7.31142e-06
4.50385e-06
4.41947e-06
4.38854e-06
4.23998e-06
9.77717e-06
1.00899e-05
9.92395e-06
1.03503e-05
8.81172e-06
1.0238e-05
1.00618e-05
1.02131e-05
1.00784e-05
1.01728e-05
1.03689e-05
9.81293e-06
6.52316e-06
1.00883e-05
1.0054e-05
9.65025e-06
1.02924e-05
1.00103e-05
1.02914e-05
1.00111e-05
7.46215e-06
1.00201e-05
1.01505e-05
1.06992e-05
1.05152e-05
1.01659e-05
1.01298e-05
1.01183e-05
1.01905e-05
1.03682e-05
1.0335e-05
1.01235e-05
9.92616e-06
1.03359e-05
1.03389e-05
7.62809e-06
1.02581e-05
9.67224e-06
1.03149e-05
1.01523e-05
9.9363e-06
8.60122e-06
1.02298e-05
1.04102e-05
1.02279e-05
1.02183e-05
1.01593e-05
9.89469e-06
7.2127e-06
1.0154e-05
1.05126e-05
1.03106e-05
8.5276e-06
1.01229e-05
1.0365e-05
1.01325e-05
1.03415e-05
1.02491e-05
1.00554e-05
1.03162e-05
7.91909e-06
1.03613e-05
1.04041e-05
9.95282e-06
1.01405e-05
1.01968e-05
7.48099e-06
7.8168e-06
5.74594e-06
1.03411e-05
7.09583e-06
1.01333e-05
7.40865e-06
9.56788e-06
9.6306e-06
4.78347e-06
1.03344e-05
1.03797e-05
9.4677e-06
6.98864e-06
9.94592e-06
6.61549e-06
6.17873e-06
1.03107e-05
1.03347e-05
9.87972e-06
8.71926e-06
1.01922e-05
1.03199e-05
1.02624e-05
1.02934e-05
8.55657e-06
7.81634e-06
9.8212e-06
1.01026e-05
9.91557e-06
9.88502e-06
8.34224e-06
6.82085e-06
9.88092e-06
3.60692e-06
9.77283e-06
1.03474e-05
8.15904e-06
1.04249e-05
-2.06871e-07
-6.52698e-08
-7.05502e-08
9.9224e-06
1.02165e-05
9.09072e-07
1.00689e-05
8.29414e-06
1.00721e-05
9.68824e-06
9.95775e-06
1.03683e-05
9.7255e-06
9.69505e-06
9.98805e-06
1.01541e-05
1.01119e-05
1.03518e-05
1.02834e-05
1.00649e-05
1.01534e-05
1.00582e-05
1.03079e-05
6.11317e-06
8.86584e-06
1.00528e-05
7.28484e-06
9.88663e-06
1.01869e-05
1.03545e-05
9.94182e-06
1.03723e-05
7.02985e-06
1.03284e-05
1.0291e-05
1.03408e-05
1.03597e-05
9.1862e-06
1.01623e-05
1.01293e-05
1.02628e-05
4.70161e-06
1.02841e-05
1.03091e-05
1.02673e-05
1.03678e-05
1.03341e-05
5.98134e-06
9.94185e-06
1.02408e-05
9.28066e-06
1.0213e-05
1.0298e-05
1.01254e-05
9.89826e-06
1.03259e-05
1.01716e-05
9.54549e-06
1.01009e-05
9.99428e-06
1.03555e-05
9.84164e-06
8.13281e-07
9.91526e-06
1.0352e-05
1.02545e-05
1.01161e-05
1.00335e-05
8.96332e-06
1.02103e-05
1.03372e-05
2.55042e-07
2.47145e-07
2.51612e-07
2.71634e-07
2.39138e-07
1.0357e-05
1.02855e-05
1.03631e-05
1.00407e-05
3.20647e-08
5.29439e-08
1.01133e-05
9.17262e-06
1.02821e-05
6.8956e-06
4.16828e-06
1.02159e-05
1.033e-05
1.01924e-05
9.06778e-06
1.03127e-05
8.64618e-07
9.08167e-07
9.60587e-07
8.93415e-07
9.18197e-07
9.7499e-06
1.03678e-05
1.03212e-05
1.03676e-05
1.01343e-05
1.03601e-05
9.66219e-06
1.03521e-05
9.82064e-06
1.00318e-05
9.03006e-06
9.02084e-06
9.91717e-06
1.00836e-05
9.86688e-06
1.02295e-05
9.65907e-06
9.79471e-06
1.00307e-05
5.23396e-06
1.00367e-05
1.02071e-05
1.03224e-05
1.00181e-05
1.07708e-05
1.02791e-05
1.03985e-05
8.09966e-06
1.04204e-05
1.03952e-05
8.69652e-06
1.03397e-05
1.03729e-05
7.96351e-06
9.89919e-06
1.00537e-05
1.02157e-05
5.11949e-06
1.03565e-05
9.88879e-06
9.91796e-06
9.88643e-06
1.03545e-05
1.04049e-05
1.03541e-05
7.51994e-06
1.00315e-05
7.66987e-06
1.03675e-05
1.03071e-05
9.61259e-06
1.02628e-05
9.98332e-06
8.72244e-06
1.03727e-05
4.62319e-06
4.4069e-06
1.01267e-05
6.9488e-06
1.01683e-05
8.22369e-06
9.3032e-06
1.02475e-05
9.68641e-06
1.04721e-05
1.03602e-05
1.03363e-05
1.03161e-05
1.03666e-05
1.02574e-05
1.03236e-05
9.97497e-06
1.01095e-05
1.00761e-05
1.033e-05
4.70369e-06
1.01851e-05
9.91621e-06
1.02592e-05
1.02593e-05
1.01837e-05
9.68408e-06
9.94997e-06
4.2888e-06
3.98811e-06
4.20709e-06
4.23406e-06
4.80498e-06
1.03472e-05
1.03501e-05
5.37304e-07
8.70942e-06
1.03392e-05
9.71946e-06
1.0368e-05
9.41413e-06
9.70963e-06
1.03708e-05
1.03392e-05
1.03734e-05
8.44579e-07
1.06074e-05
1.03505e-05
1.03398e-05
9.91891e-06
6.07807e-06
6.11278e-07
6.2748e-07
6.21459e-07
5.9062e-07
9.82859e-06
9.89932e-06
4.84718e-06
1.0073e-05
1.03776e-05
9.98446e-06
8.28452e-06
1.04473e-05
9.81694e-06
9.88668e-06
9.51189e-06
9.96793e-06
9.92024e-06
9.72641e-06
6.22529e-06
1.03561e-05
1.03657e-05
4.73096e-06
4.30185e-06
4.26738e-06
1.03111e-05
1.03764e-05
8.22048e-06
3.06771e-06
1.00751e-05
1.00201e-05
8.28989e-06
7.82749e-06
1.00714e-05
1.0331e-05
1.03455e-05
1.04024e-05
1.16368e-06
1.03674e-05
1.0294e-05
2.6198e-07
2.73522e-07
1.0363e-05
1.05062e-05
1.05365e-05
8.01181e-06
9.9626e-06
1.0187e-05
9.7289e-06
1.02593e-05
2.66248e-07
2.71028e-07
2.69577e-07
2.5892e-07
2.70042e-07
9.76299e-06
9.89314e-06
4.08821e-06
5.10285e-06
1.03223e-05
9.67461e-06
1.03076e-05
6.47379e-07
1.03293e-05
4.02103e-06
8.56703e-06
9.94072e-06
1.00122e-05
9.95909e-06
7.0297e-06
6.11349e-06
1.03694e-05
1.03673e-05
1.03239e-05
9.97982e-06
3.29916e-07
1.0337e-05
1.03564e-05
1.03663e-05
1.03494e-05
1.00101e-05
9.93655e-06
1.17347e-06
9.90268e-06
9.96783e-06
1.0242e-05
1.01453e-05
9.93385e-06
1.0312e-05
1.01593e-05
9.58345e-06
9.73559e-06
6.78437e-08
6.1689e-08
1.03792e-05
9.66363e-06
1.01772e-05
1.03776e-05
1.0348e-05
8.72868e-06
1.02585e-05
9.80998e-06
9.75188e-06
3.83605e-07
3.90166e-07
3.94853e-07
4.15454e-07
3.71352e-07
1.03506e-05
1.02532e-05
1.03591e-05
1.02859e-05
1.03647e-05
1.02274e-05
8.2668e-06
1.03566e-05
8.32468e-06
1.03687e-05
9.77549e-06
6.39507e-06
1.03055e-05
1.00551e-05
1.02224e-05
9.89221e-06
9.76983e-06
9.93079e-06
1.01802e-05
1.00169e-05
9.15785e-06
9.59644e-06
9.97104e-06
1.02161e-05
9.7445e-06
9.13638e-06
9.87478e-06
7.62783e-06
1.03544e-05
1.0217e-05
1.03529e-05
1.02393e-05
1.03422e-05
7.83591e-06
6.65882e-06
1.02088e-05
9.90884e-06
1.009e-05
1.01821e-05
7.84278e-06
1.01086e-05
9.95404e-06
1.04828e-05
7.99947e-06
1.03153e-05
9.82055e-06
1.03558e-05
1.00441e-05
9.16352e-07
8.10927e-06
8.5913e-07
9.10672e-07
9.03781e-07
8.89558e-07
7.59712e-06
7.966e-06
7.02706e-06
1.02939e-05
7.4042e-06
3.41419e-07
3.61503e-07
7.80307e-06
1.03715e-05
9.61102e-06
1.03539e-05
1.0189e-05
9.72631e-06
1.03207e-05
7.88355e-06
8.34755e-07
7.50802e-06
1.00604e-05
1.03311e-05
9.83087e-06
7.51713e-06
7.5248e-06
7.10014e-06
1.01372e-05
7.11743e-06
1.3732e-06
9.9622e-06
9.99066e-06
5.94276e-07
5.90287e-07
6.28482e-07
4.40245e-06
6.85998e-06
7.86047e-06
9.91094e-06
1.03693e-05
9.78839e-06
4.03456e-07
3.8506e-07
7.99634e-06
9.83813e-06
1.03743e-05
1.03634e-05
1.03462e-05
7.35433e-06
9.92993e-06
1.00093e-05
9.66292e-06
1.03137e-05
8.5261e-06
5.63351e-06
5.61976e-06
8.22181e-06
8.85184e-06
8.52297e-06
1.0356e-05
9.86193e-06
6.35698e-06
1.03983e-06
1.03073e-05
8.66826e-06
1.03545e-05
7.96454e-06
1.02406e-05
8.26673e-06
1.03323e-05
1.01829e-05
5.73246e-06
9.90515e-06
1.00936e-05
1.03652e-05
7.64824e-06
1.03629e-05
9.87195e-06
3.31093e-06
1.01445e-05
7.8944e-06
1.03255e-05
1.54259e-06
9.96584e-06
1.30939e-06
7.5802e-06
9.69852e-06
9.96567e-06
8.0934e-06
7.13812e-06
6.66107e-06
1.03497e-05
7.1097e-06
7.52187e-06
7.53506e-06
7.89797e-06
7.97272e-06
2.84745e-06
9.19258e-06
6.61073e-06
9.41122e-06
9.8897e-06
1.02653e-05
9.82201e-06
1.03355e-05
7.1175e-06
9.76359e-06
8.00997e-06
1.03291e-05
9.87317e-06
1.02129e-05
9.94286e-06
1.03957e-05
1.03679e-05
1.04859e-05
9.71576e-07
5.87718e-06
6.04029e-06
7.88555e-06
7.2826e-06
1.02089e-05
1.02909e-05
1.02089e-06
1.14959e-06
9.47945e-06
1.00059e-05
9.85897e-06
1.02552e-05
7.85656e-06
9.92793e-06
7.59048e-06
4.72267e-06
1.03671e-05
1.16255e-06
1.01524e-05
6.17902e-06
1.03588e-05
9.34933e-06
9.9594e-06
1.03514e-05
1.03297e-05
1.04215e-05
1.03315e-05
9.36596e-06
1.04664e-05
1.02238e-05
1.22526e-06
1.41156e-06
1.0504e-05
5.03623e-06
1.16443e-06
2.10004e-06
5.899e-06
6.58875e-06
3.21115e-06
3.19671e-06
6.0389e-06
2.83844e-06
3.17151e-06
3.4379e-06
1.88845e-06
2.12179e-06
6.20869e-06
3.05899e-06
5.48261e-06
1.0652e-05
9.7349e-06
1.02132e-05
7.62188e-06
1.03617e-05
1.00149e-05
1.03634e-05
7.92859e-06
7.45052e-06
9.99081e-06
7.09319e-06
4.62275e-06
7.13261e-06
7.0733e-06
6.62539e-06
1.03121e-05
1.03343e-05
6.69343e-06
8.06618e-06
1.03072e-05
7.52298e-06
1.03679e-05
7.53468e-06
7.92344e-06
8.95948e-06
8.03512e-06
1.0258e-05
7.64673e-06
1.00984e-05
1.03359e-05
1.03292e-05
7.926e-06
1.03206e-05
9.64892e-06
1.02297e-05
6.19174e-06
8.52624e-06
1.03759e-05
8.90162e-06
5.13599e-06
1.01181e-05
9.86316e-06
1.03544e-05
9.91238e-06
7.99573e-06
1.03781e-05
9.86162e-06
1.03174e-05
1.03521e-05
1.02865e-05
1.02392e-05
1.01483e-05
1.03717e-05
8.25824e-06
1.04596e-05
1.01741e-05
9.90807e-06
8.82604e-06
9.75594e-06
9.92523e-06
8.67257e-06
9.76599e-06
1.86581e-06
9.65686e-06
1.08786e-06
1.63086e-06
6.3279e-06
5.66954e-06
3.57432e-06
3.61473e-06
3.63537e-06
8.70677e-06
5.91976e-06
6.87404e-06
1.14124e-06
2.42219e-06
2.60206e-06
3.48911e-06
5.94247e-06
5.22244e-06
1.03721e-05
1.03729e-05
1.03318e-05
1.03958e-05
1.05255e-05
3.29403e-06
4.41242e-06
1.03483e-05
9.4842e-06
3.82808e-06
1.40598e-06
2.51427e-06
5.76571e-06
3.32143e-06
1.13061e-06
1.15279e-06
1.14772e-06
3.92252e-06
1.03808e-05
1.41324e-06
3.45e-07
1.39196e-06
4.19634e-07
7.3642e-06
4.18821e-07
1.31708e-06
4.23953e-07
1.3568e-06
1.3803e-06
4.03702e-07
1.65221e-06
6.6598e-07
2.231e-06
2.0088e-06
2.18645e-06
2.99595e-06
7.78496e-06
6.49059e-06
2.93937e-06
6.08959e-06
2.87398e-06
6.72136e-06
6.6042e-06
2.10412e-06
3.70188e-06
5.68806e-06
1.9272e-06
5.52614e-06
3.73345e-06
6.72125e-06
5.62335e-06
4.98763e-06
3.7837e-06
2.48333e-06
2.62788e-06
2.49848e-06
2.61296e-06
3.89162e-06
4.15946e-06
4.21396e-06
5.33406e-06
4.39538e-06
4.9506e-06
4.54687e-06
3.97224e-06
3.93965e-06
5.13034e-06
1.00801e-05
1.03822e-05
1.03619e-05
1.01215e-05
9.99677e-06
1.74096e-06
1.02984e-05
7.61929e-06
5.50448e-07
1.04564e-05
1.02737e-05
1.03241e-05
1.03737e-05
1.03476e-05
1.03515e-05
9.94135e-06
1.00052e-05
4.46539e-06
4.24984e-06
1.02127e-05
1.03022e-05
1.03449e-05
8.2123e-06
3.99004e-07
4.01173e-07
3.93143e-07
3.79913e-07
1.01384e-05
4.00345e-07
1.03554e-05
9.99454e-06
1.01917e-05
1.03358e-05
9.18307e-06
9.98219e-06
9.95178e-06
9.91949e-06
6.20473e-06
9.82703e-06
9.99629e-06
9.93441e-06
1.0168e-05
8.37496e-06
9.92834e-06
8.48344e-06
1.03401e-05
8.27352e-06
4.68728e-06
1.0367e-05
9.76756e-06
1.03058e-05
1.03758e-05
4.72135e-06
9.92943e-06
1.03655e-05
1.03375e-05
1.09782e-05
9.50915e-06
1.03629e-05
1.03386e-05
9.90837e-06
1.03457e-05
1.02975e-05
9.90205e-06
1.02949e-05
1.02716e-05
1.03646e-05
1.03507e-05
1.02791e-05
1.02528e-05
1.02441e-05
1.0572e-05
1.04574e-05
9.67407e-06
1.03446e-05
1.03631e-05
1.036e-05
9.88821e-06
1.03368e-05
1.03733e-05
1.03049e-05
8.76077e-06
1.00301e-05
9.58061e-06
9.88528e-06
9.95673e-06
9.72935e-06
9.93304e-06
9.74277e-06
1.01902e-05
8.47059e-06
3.99499e-07
1.02015e-05
1.00028e-05
4.58678e-07
1.00151e-05
9.77973e-06
8.25339e-06
9.71988e-06
1.03563e-05
9.6029e-06
1.0368e-05
1.00761e-05
1.04878e-05
9.85279e-06
1.03208e-05
1.03237e-05
9.92328e-06
1.04958e-05
1.00173e-05
9.97627e-06
1.03415e-05
9.83631e-06
9.85348e-06
9.80357e-06
1.03879e-05
9.64248e-06
1.01236e-05
9.88094e-06
9.92717e-06
1.00754e-05
1.03653e-05
1.03731e-05
9.39349e-06
9.14708e-06
1.00862e-05
-1.46997e-07
-7.89539e-08
-9.81274e-08
1.01643e-05
9.94988e-06
1.03325e-05
9.96406e-06
8.62816e-06
1.03249e-05
1.00691e-05
1.02078e-05
1.03e-05
8.67053e-08
1.02595e-07
9.85488e-08
1.01048e-07
8.90597e-08
9.06525e-08
9.23181e-08
9.68389e-08
1.20244e-07
1.06761e-07
1.036e-05
9.44695e-06
9.984e-06
1.03444e-05
9.26589e-06
9.2327e-06
1.03101e-05
1.0207e-05
1.00139e-05
8.01283e-06
1.03498e-05
9.8941e-06
1.03471e-05
9.78824e-06
1.00691e-05
9.81875e-06
9.74413e-06
1.02983e-05
1.02836e-05
9.92748e-06
1.03473e-05
1.01266e-05
1.00122e-05
9.87402e-06
1.01102e-05
9.80637e-06
9.83859e-06
1.03519e-05
1.02581e-05
8.98442e-08
9.77487e-08
1.00101e-07
9.5541e-08
8.56906e-08
1.04754e-07
1.15891e-07
9.23952e-08
8.16402e-06
1.03623e-05
9.7755e-06
9.92509e-06
1.00506e-05
9.29222e-06
1.02565e-05
9.92147e-06
9.91407e-06
9.99381e-06
1.03583e-05
1.02399e-05
1.01394e-05
1.00178e-05
9.0688e-06
1.01634e-05
1.01432e-05
1.01241e-05
1.02458e-05
1.02666e-05
1.01553e-07
1.11651e-07
9.75144e-06
9.91269e-06
1.09612e-07
1.10219e-07
1.08179e-07
3.44862e-08
4.13983e-08
8.42206e-09
1.10061e-07
1.04994e-07
1.03638e-05
1.00938e-05
1.00731e-05
1.03414e-05
1.03429e-05
9.88606e-06
1.00547e-05
1.02667e-05
1.01935e-05
1.00211e-05
9.47081e-06
1.03215e-05
1.02924e-05
1.03532e-05
9.16033e-06
1.01799e-05
1.01307e-05
9.4672e-06
1.01175e-05
1.01302e-05
1.02604e-05
1.03053e-05
9.33262e-06
1.03369e-05
8.87873e-06
1.03048e-05
1.03443e-05
1.00035e-05
9.19032e-06
8.85485e-06
9.86359e-06
1.00946e-05
1.01355e-05
1.00533e-05
1.02667e-05
1.03372e-05
1.03404e-05
1.03089e-05
1.03488e-05
1.03256e-05
1.0373e-05
1.03434e-05
9.11163e-06
1.036e-05
9.8669e-06
1.03468e-05
1.0333e-05
8.79394e-06
1.02128e-05
1.00801e-05
9.90844e-06
1.02544e-05
1.03373e-05
9.25031e-06
9.01467e-06
1.03255e-05
8.77094e-06
1.03421e-05
9.95766e-06
9.02369e-06
-2.91256e-08
-4.52311e-08
1.03429e-05
8.70948e-06
1.03404e-05
1.03071e-05
9.08751e-06
1.03398e-05
1.03689e-05
1.03638e-05
8.17276e-06
1.02399e-05
8.61188e-06
8.67958e-06
1.03535e-05
1.03667e-05
8.91847e-06
1.01569e-05
1.03387e-05
1.03242e-05
1.03788e-05
1.02062e-05
1.03529e-05
8.39294e-06
1.02875e-05
1.04825e-05
8.93214e-06
8.06861e-06
1.03499e-05
9.39936e-06
1.00708e-05
1.03459e-05
1.03398e-05
1.01175e-05
1.03534e-05
1.03414e-05
1.03396e-05
1.02298e-05
1.03656e-05
1.01102e-05
1.03125e-05
1.03115e-05
1.03439e-05
1.01462e-05
9.96034e-06
1.00002e-05
1.02773e-05
8.72848e-06
1.00935e-05
1.02654e-05
8.30667e-06
9.94741e-06
8.4969e-06
9.9439e-06
1.03453e-05
1.03493e-05
9.72474e-06
1.03291e-05
1.0409e-05
1.02901e-05
1.03073e-05
1.03652e-05
1.03703e-05
1.03691e-05
1.03644e-05
1.03321e-05
8.66266e-06
8.76796e-06
1.03651e-05
7.65668e-06
5.81096e-06
8.68604e-06
8.04839e-06
1.03152e-05
1.00786e-05
1.03675e-05
1.05056e-05
1.03668e-05
7.5465e-06
9.94927e-06
1.03467e-05
1.03676e-05
1.02845e-05
7.17095e-06
6.84111e-06
1.0379e-05
8.52007e-06
1.03216e-05
1.03689e-05
1.02777e-05
1.03736e-05
1.03793e-05
9.98172e-06
1.03649e-05
7.73746e-06
1.02327e-05
9.62576e-06
1.03385e-05
6.50416e-06
8.55457e-06
1.0352e-05
1.01475e-05
7.27556e-06
6.79703e-06
1.00384e-05
1.03518e-05
7.72203e-06
1.03568e-05
7.24006e-06
6.8055e-06
7.66685e-06
4.12051e-06
6.08237e-06
3.19656e-06
3.17772e-06
6.93964e-06
7.17305e-06
3.96499e-06
4.74523e-06
5.20363e-06
5.03302e-06
4.73725e-06
4.48401e-06
7.64448e-06
3.52571e-06
2.25125e-06
1.76484e-06
6.26262e-06
5.71196e-06
4.13602e-06
7.97559e-07
3.58058e-06
4.81025e-06
3.18188e-06
3.34331e-06
5.31172e-06
1.16214e-06
4.5051e-06
6.92016e-06
5.44512e-06
4.88573e-06
3.68787e-06
2.26113e-06
2.84465e-06
2.08131e-06
5.38186e-06
2.06601e-06
5.34997e-06
2.09715e-06
2.52651e-06
8.04613e-07
4.1565e-06
4.08128e-06
6.42004e-06
3.61843e-06
2.58216e-06
5.85124e-06
5.53873e-06
3.98726e-06
2.35233e-06
6.23414e-06
2.83749e-06
3.01977e-06
6.50592e-06
5.00776e-06
3.90996e-06
1.86471e-06
1.59872e-06
2.67715e-06
5.21874e-06
3.8298e-06
4.25575e-06
2.11944e-06
3.64733e-06
6.08551e-06
5.9037e-06
2.11431e-06
3.41316e-06
7.5127e-06
7.69042e-06
2.7048e-06
7.89676e-06
6.99098e-06
1.81395e-06
6.79492e-06
3.56719e-06
1.40411e-06
3.63099e-06
4.43941e-06
5.53645e-06
2.73213e-06
5.75676e-06
4.29925e-06
3.60928e-06
7.26109e-06
2.70553e-06
3.29779e-06
2.91665e-07
2.94892e-07
2.91901e-07
3.82824e-06
4.96477e-06
3.16977e-06
1.3995e-06
8.78466e-07
5.80644e-06
1.28642e-06
6.6751e-06
6.63721e-06
8.04958e-06
7.82308e-06
2.31141e-06
6.62161e-06
8.26293e-06
3.28937e-06
1.58689e-06
8.62448e-07
8.74919e-07
8.79245e-07
1.57854e-06
2.14571e-06
2.97395e-06
5.93006e-06
1.56292e-06
6.06258e-06
1.62298e-06
4.2559e-06
5.11037e-06
4.6782e-06
5.73155e-06
3.32644e-06
2.07295e-06
4.03778e-06
4.92213e-06
3.07289e-06
1.28279e-06
1.28697e-06
2.40082e-06
7.14765e-06
4.29967e-06
2.51513e-06
7.80607e-06
7.3887e-06
6.61228e-06
1.65538e-06
3.85268e-06
6.01849e-06
6.27199e-06
6.11829e-06
6.01817e-06
7.22791e-06
5.08538e-06
5.60515e-06
5.07342e-06
5.79489e-06
4.46378e-06
6.96408e-06
7.99122e-07
3.62667e-06
7.40424e-06
2.04703e-06
4.86937e-06
3.02374e-06
1.56738e-06
1.13881e-06
7.30592e-06
5.33477e-06
3.13731e-06
4.60161e-06
3.0252e-06
6.14272e-06
2.1225e-06
2.82041e-06
1.45539e-06
8.11785e-06
1.83675e-06
7.0565e-06
1.16224e-06
8.73891e-07
5.90768e-07
7.04842e-07
6.02712e-06
6.17127e-06
5.4822e-06
5.88618e-06
1.34546e-06
2.80238e-06
1.15463e-06
8.08987e-06
1.9606e-06
1.30988e-06
3.05706e-06
1.11113e-06
8.09579e-06
2.18742e-06
3.72959e-06
1.10125e-06
4.35476e-06
1.14864e-06
8.3101e-07
2.58633e-06
1.17291e-06
6.58928e-06
8.1625e-06
4.3343e-06
8.14427e-06
7.88877e-06
2.29049e-06
3.69366e-06
5.55042e-06
6.61425e-06
5.42047e-06
7.51725e-06
1.33444e-06
1.35356e-06
1.36097e-06
1.39259e-06
4.29031e-06
5.60388e-07
1.28412e-06
3.17033e-06
6.48011e-06
3.57024e-06
2.46074e-07
2.58184e-06
2.78934e-07
2.38655e-06
8.19678e-06
6.46579e-06
7.88356e-06
6.34689e-06
1.86946e-06
2.21238e-06
1.68607e-06
1.62539e-06
1.67888e-06
3.36103e-06
3.40176e-06
3.4222e-06
2.79999e-06
7.36321e-06
3.8148e-06
3.85466e-06
3.87983e-06
5.7776e-06
2.83633e-06
6.06282e-06
1.70908e-06
7.1172e-06
3.28168e-06
1.66292e-06
6.68991e-06
7.95304e-06
1.18625e-06
1.07376e-06
1.97584e-06
5.44504e-06
7.90106e-06
6.83142e-07
1.11611e-06
8.27076e-06
2.1219e-06
1.11643e-06
2.59645e-06
6.40202e-06
1.96531e-06
5.65179e-06
6.27621e-06
4.56876e-06
5.37463e-06
4.98823e-06
1.46996e-06
4.35146e-06
2.97481e-06
3.32474e-06
4.27504e-06
4.70777e-06
5.38795e-06
7.61072e-06
8.12014e-06
6.67352e-06
6.02076e-06
1.16864e-06
7.05644e-06
8.22872e-06
7.29351e-06
4.68694e-06
4.99189e-06
7.86311e-06
3.55712e-06
4.348e-06
5.98991e-06
7.06557e-06
5.17685e-07
6.4926e-06
4.05066e-06
6.963e-06
4.08763e-06
4.53788e-06
4.56895e-06
5.1159e-06
7.42397e-06
4.71867e-06
5.45305e-06
8.18994e-06
7.89381e-06
6.96936e-06
6.84586e-06
4.0568e-06
8.38463e-06
3.843e-06
2.52975e-06
3.65076e-06
5.99362e-07
6.31291e-06
2.3233e-06
6.76646e-06
5.29829e-06
3.61642e-06
3.63108e-06
1.18416e-06
4.9249e-06
6.40423e-07
4.62362e-06
4.29536e-06
4.31277e-06
1.6412e-06
5.92009e-06
6.15935e-06
8.28907e-06
7.19233e-06
8.16588e-06
2.37998e-06
3.59526e-06
8.18103e-07
8.19692e-06
5.79409e-06
1.18557e-06
5.85311e-06
8.65342e-06
8.72187e-06
4.58894e-07
7.50706e-06
7.49366e-06
4.74957e-07
3.79776e-06
4.42592e-07
1.1617e-06
5.59032e-06
2.64619e-06
5.75261e-06
3.04337e-06
3.50625e-06
7.82404e-06
7.2001e-06
7.45788e-06
7.49639e-06
7.49887e-06
9.34764e-07
5.54493e-06
5.85151e-06
7.8621e-06
7.81779e-06
8.01095e-06
5.20257e-06
5.62166e-06
6.26115e-06
1.03445e-05
6.52739e-06
6.37529e-06
7.17018e-06
6.24239e-06
6.13734e-06
1.03582e-05
4.30736e-07
8.76781e-06
8.72076e-06
1.03372e-05
6.82466e-07
1.03667e-05
1.03599e-05
1.03588e-05
1.03614e-05
1.03628e-05
4.2139e-07
4.04876e-07
8.26165e-06
1.03402e-05
1.03684e-05
8.6421e-06
1.03596e-05
1.03853e-05
8.1721e-06
1.0358e-05
1.03569e-05
8.53528e-06
1.036e-05
1.03577e-05
1.0358e-05
1.03646e-05
1.02123e-05
1.03507e-05
8.36541e-06
1.03549e-05
9.31398e-06
1.03455e-05
1.03514e-05
1.03636e-05
1.04074e-05
1.03696e-05
1.03637e-05
1.03607e-05
1.03637e-05
1.03613e-05
1.0475e-05
1.03586e-05
9.98527e-06
1.03536e-05
1.03512e-05
1.02614e-05
1.03759e-05
1.03595e-05
1.03738e-05
1.03695e-05
1.02301e-05
1.03573e-05
1.02946e-05
9.19612e-06
1.0336e-05
1.03072e-05
1.03561e-05
1.02878e-05
1.03573e-05
9.92237e-06
1.02307e-05
9.29019e-06
1.03614e-05
1.03593e-05
1.03397e-05
1.0365e-05
1.03222e-05
1.04449e-05
1.03601e-05
1.03441e-05
9.96324e-06
1.03604e-05
1.03356e-05
1.03594e-05
1.03459e-05
1.01713e-05
1.03698e-05
1.03419e-05
1.03574e-05
1.03395e-05
1.01379e-05
8.97949e-06
1.06759e-05
1.0961e-05
1.07646e-05
9.79696e-06
1.03184e-05
1.02668e-05
1.02482e-05
1.0326e-05
1.00281e-05
1.02545e-05
1.03672e-05
1.03338e-05
1.03335e-05
1.02967e-05
1.03211e-05
9.49447e-06
1.02998e-05
1.03377e-05
8.53427e-06
1.00009e-05
1.02887e-05
1.0357e-05
1.04629e-05
1.03521e-05
8.61318e-06
1.03411e-05
1.03132e-05
8.78869e-06
1.03254e-05
1.02323e-05
9.95397e-06
1.01699e-05
1.03784e-05
1.03828e-05
1.0106e-05
1.01564e-05
1.01731e-05
1.01808e-05
9.99571e-06
1.00407e-05
9.85853e-06
1.03015e-05
9.9484e-06
3.7642e-07
4.58163e-07
4.0516e-07
9.29431e-06
1.00246e-05
9.0573e-06
1.03728e-05
9.86903e-06
1.01144e-05
9.59766e-06
1.01452e-05
9.03926e-06
1.08946e-05
9.12463e-06
1.00107e-05
1.0125e-05
1.03033e-05
1.01873e-05
1.03244e-05
7.69143e-06
1.01144e-05
9.9547e-06
1.00798e-05
1.00321e-05
1.01225e-05
9.71102e-06
1.00979e-05
1.01818e-05
7.95665e-06
1.01659e-05
9.87133e-06
1.02382e-05
1.01638e-05
1.02049e-05
9.97729e-06
1.00389e-05
9.83904e-06
1.0136e-05
1.01895e-05
1.02027e-05
1.02461e-05
9.23524e-06
9.01408e-06
1.0253e-05
9.90535e-06
1.02114e-05
1.01799e-05
9.62338e-06
1.02339e-05
9.87876e-06
1.01768e-05
8.56308e-06
1.00396e-05
9.78476e-06
9.88673e-06
5.07727e-06
5.36964e-06
5.30715e-06
3.26797e-06
3.4383e-06
3.13559e-06
3.10393e-06
2.98968e-06
5.75269e-06
6.52684e-06
3.153e-06
6.29375e-06
2.7809e-06
6.912e-06
2.04741e-06
1.91144e-06
2.06557e-06
6.20904e-06
1.35887e-06
1.21156e-06
1.11271e-06
1.0331e-05
1.01719e-05
9.52167e-06
1.00431e-05
8.80206e-06
1.00918e-05
9.96485e-06
1.03477e-05
9.95396e-06
1.01101e-05
9.82691e-06
9.60377e-06
1.00522e-05
9.50016e-06
1.01374e-05
9.73612e-06
1.03446e-05
1.00362e-05
1.03349e-05
9.75818e-06
1.02282e-05
9.61268e-06
9.7256e-06
9.81281e-06
1.05427e-05
1.03656e-05
1.047e-05
1.03682e-05
9.84774e-06
1.02079e-05
1.02668e-05
9.72464e-06
1.00877e-05
1.01837e-05
1.01899e-05
9.91895e-06
9.85809e-06
1.01561e-05
9.72696e-06
1.02501e-05
9.97947e-06
1.01911e-05
1.02851e-05
1.00444e-05
9.9222e-06
1.03101e-05
1.03398e-05
9.67113e-06
1.03283e-05
1.03601e-05
1.01843e-05
9.26857e-06
9.6745e-06
1.03198e-05
9.76539e-06
1.03613e-05
1.02413e-05
1.00421e-05
1.04724e-05
1.03327e-05
1.02107e-05
1.03527e-05
7.43346e-06
1.03799e-05
9.73881e-06
9.75512e-06
9.68149e-06
3.60237e-07
3.61683e-07
3.72124e-07
3.77092e-07
3.768e-07
9.96436e-06
9.92214e-06
1.02486e-05
2.67141e-07
2.66528e-07
2.64008e-07
2.54824e-07
2.47067e-07
1.03221e-05
1.03502e-05
8.06555e-06
1.03592e-05
1.0333e-05
1.01525e-05
1.03566e-05
1.03384e-05
8.24868e-06
1.03497e-05
1.03377e-05
8.3617e-06
1.03377e-05
9.77358e-06
1.02704e-05
1.03473e-05
1.0312e-05
1.03656e-05
1.03446e-05
1.03613e-05
1.03335e-05
9.58645e-06
7.9119e-06
8.21229e-06
9.86963e-06
1.03513e-05
1.03421e-05
9.72113e-06
1.03451e-05
4.06935e-07
1.03715e-05
1.0312e-05
1.02201e-05
8.7058e-06
9.85552e-06
1.0382e-05
9.92412e-06
5.95443e-07
1.03341e-05
1.03412e-05
1.03388e-05
1.03348e-05
1.01491e-05
1.00127e-05
1.02187e-05
9.85398e-06
5.85753e-06
5.39332e-06
4.74847e-06
4.70517e-06
5.06692e-06
4.18317e-06
4.1576e-06
4.09839e-06
4.50669e-06
4.77004e-06
4.80386e-06
4.30612e-06
3.9951e-06
4.90858e-06
3.88072e-06
3.93219e-06
5.47782e-06
5.36707e-06
5.33083e-06
5.28391e-06
5.47423e-06
5.37798e-06
3.66336e-06
5.11684e-06
5.46425e-06
5.85062e-06
3.37099e-06
5.87427e-06
3.14219e-06
5.77893e-06
3.18209e-06
2.91979e-06
3.01196e-06
3.08183e-06
5.85328e-06
2.81944e-06
6.4771e-06
2.70088e-06
6.25054e-06
2.95159e-06
2.93305e-06
6.61581e-06
6.62487e-06
6.98974e-06
2.20131e-06
2.2351e-06
1.97777e-06
6.31975e-06
1.62268e-06
7.09183e-06
1.70729e-06
1.7203e-06
1.67964e-06
7.48836e-06
1.73134e-06
1.50024e-06
1.16588e-06
9.91506e-07
7.3078e-06
9.91637e-07
7.13932e-06
7.88977e-06
4.60727e-06
4.67796e-06
4.4904e-06
5.76204e-06
3.24922e-06
3.46705e-06
3.44653e-06
4.27355e-06
3.41864e-06
3.38938e-06
3.71104e-06
1.26375e-06
1.50536e-06
5.31497e-06
6.02305e-06
1.76231e-06
9.65395e-07
3.20024e-06
2.40109e-06
6.93238e-06
1.63615e-06
6.43027e-06
5.86779e-06
2.37584e-06
2.52587e-06
1.01568e-06
5.99156e-06
9.99165e-07
1.0197e-06
1.01425e-06
7.70941e-06
4.33243e-06
4.45873e-06
3.77015e-06
4.54093e-06
4.91399e-06
8.09731e-06
8.10665e-06
7.70146e-07
7.33432e-07
7.59798e-07
7.71346e-07
7.75547e-07
8.20513e-06
6.75354e-06
6.34147e-06
1.04483e-05
1.01319e-06
8.01767e-06
1.03628e-05
1.03484e-05
7.29516e-06
1.03441e-05
6.21138e-07
1.03039e-05
1.03292e-05
1.03419e-05
7.69303e-06
7.1696e-06
5.35686e-07
1.03507e-05
6.46223e-07
8.64769e-06
7.55097e-06
1.0169e-05
5.615e-07
8.13763e-06
1.033e-05
1.03695e-05
1.00169e-05
1.03506e-05
1.0368e-05
1.0194e-05
7.58925e-06
1.03522e-05
1.03589e-05
1.03296e-05
1.02064e-05
9.8558e-06
9.88877e-06
9.94556e-06
8.00529e-06
4.30679e-07
4.14785e-07
9.85453e-06
1.02861e-05
9.63921e-06
1.02039e-05
1.00343e-05
1.0374e-05
1.02376e-05
9.96144e-06
9.20302e-06
1.01357e-05
1.0029e-05
9.79905e-06
9.65277e-06
1.00061e-05
1.02637e-05
7.39457e-06
1.03382e-05
1.00824e-05
1.02096e-05
9.91712e-06
9.96506e-06
1.03733e-05
9.23027e-06
1.01988e-05
1.03257e-05
1.04513e-05
9.90364e-06
9.59909e-06
1.01918e-05
1.01028e-05
1.02569e-05
2.42384e-07
2.28492e-07
1.02305e-05
7.88454e-06
7.49205e-06
1.0356e-05
9.3443e-06
1.02473e-05
9.70187e-06
9.97165e-06
1.03338e-05
9.05105e-06
9.64567e-06
1.03685e-05
1.02195e-05
1.0194e-05
8.57169e-06
1.08125e-05
1.03439e-05
1.03547e-05
8.82933e-06
1.03574e-05
1.03194e-05
1.00381e-05
9.8351e-06
8.35153e-06
1.03813e-05
8.52806e-06
1.03614e-05
9.847e-06
1.0028e-05
9.82487e-06
9.98794e-06
1.03191e-05
9.93385e-06
1.02101e-05
9.96589e-06
9.98722e-06
1.03241e-05
1.03573e-05
1.04356e-05
1.01524e-05
1.03643e-05
1.01657e-05
9.95609e-06
8.31171e-06
7.56237e-06
1.02469e-05
7.73175e-06
8.08224e-06
1.0343e-05
7.61744e-06
1.02898e-05
1.01199e-05
8.22001e-06
7.24694e-06
8.0466e-06
8.11324e-06
8.01216e-06
2.81741e-06
7.85343e-06
8.42571e-06
7.30472e-06
8.08641e-06
7.7683e-06
6.8592e-06
7.25203e-06
7.73062e-06
6.82158e-06
6.38595e-06
4.81736e-06
4.52459e-06
4.41507e-06
4.38773e-06
6.74362e-06
5.60269e-06
5.9695e-06
4.85825e-06
2.25884e-06
3.79633e-06
3.97988e-06
5.19993e-06
6.80466e-06
7.36902e-06
4.85496e-06
2.1939e-06
2.63304e-06
2.49059e-06
2.43149e-06
3.36852e-06
1.80659e-06
2.26048e-06
6.94602e-06
4.21022e-06
1.98853e-06
2.2717e-06
1.8136e-06
2.41569e-06
2.03332e-06
1.76382e-06
1.79417e-06
1.6943e-06
6.40003e-06
3.93056e-06
2.04723e-06
2.02778e-06
6.9316e-06
2.28571e-06
5.30681e-06
6.3022e-06
7.14124e-06
3.68648e-06
6.04176e-06
3.5662e-06
3.95326e-06
2.78076e-06
5.36463e-06
1.55228e-06
5.77933e-06
2.60571e-06
4.16778e-06
6.63288e-06
3.12222e-06
3.03842e-06
1.39674e-06
4.19126e-06
1.20482e-06
5.542e-06
9.93515e-07
7.8889e-06
1.0011e-06
9.79523e-07
9.9523e-07
9.492e-07
3.00696e-06
6.41328e-06
4.22759e-06
1.26789e-06
3.89893e-06
2.82653e-06
2.86159e-06
2.84432e-06
1.14249e-06
3.25591e-06
5.07704e-06
2.12222e-06
4.38104e-06
5.0324e-06
7.06817e-06
1.8825e-06
4.34093e-06
5.01814e-06
6.60251e-06
2.08292e-06
3.28912e-06
5.91414e-06
2.81144e-06
6.04381e-06
6.12115e-06
3.3937e-06
4.19453e-06
5.50428e-06
6.24062e-06
4.71062e-06
3.03724e-06
3.14666e-06
3.17539e-06
5.04606e-06
3.18892e-06
4.44591e-06
5.81346e-06
4.64484e-06
4.57e-06
4.62378e-06
4.53636e-06
4.62233e-06
4.30618e-06
4.33305e-06
4.57827e-06
6.57038e-06
7.46506e-06
7.00388e-06
6.3475e-06
6.60033e-06
7.5123e-06
7.05311e-06
7.58146e-06
6.97612e-06
7.33836e-06
7.46666e-06
7.83164e-06
1.03926e-05
6.63307e-06
1.03547e-05
6.97891e-06
9.97596e-06
1.03735e-05
1.03572e-05
1.03375e-05
1.02637e-05
8.25684e-06
1.03083e-05
9.96548e-06
9.7711e-06
1.00849e-05
1.0069e-05
9.49563e-06
9.90807e-06
1.01405e-05
9.84055e-06
1.03843e-05
1.03555e-05
1.03536e-05
1.03534e-05
9.65281e-06
8.7133e-06
9.83262e-06
4.53606e-06
4.68005e-06
9.38736e-06
)
;

boundaryField
{
    back
    {
        type            empty;
    }
    front
    {
        type            empty;
    }
    ingreso
    {
        type            zeroGradient;
    }
    salida
    {
        type            fixedValue;
        value           uniform 0;
    }
    defaultFaces
    {
        type            zeroGradient;
    }
}


// ************************************************************************* //
