/*--------------------------------*- C++ -*----------------------------------*\
  =========                 |
  \\      /  F ield         | OpenFOAM: The Open Source CFD Toolbox
   \\    /   O peration     | Website:  https://openfoam.org
    \\  /    A nd           | Version:  8
     \\/     M anipulation  |
\*---------------------------------------------------------------------------*/
FoamFile
{
    version     2.0;
    format      ascii;
    class       volVectorField;
    location    "8.8";
    object      U;
}
// * * * * * * * * * * * * * * * * * * * * * * * * * * * * * * * * * * * * * //

dimensions      [0 1 -1 0 0 0 0];

internalField   nonuniform List<vector> 
1642
(
(4.14298e-06 -4.81313e-06 1.41998e-26)
(0.00196012 0.00515264 9.33746e-21)
(0.00230321 0.00479718 5.40824e-21)
(0.0021817 0.00357971 2.95619e-20)
(0.000860184 1.34686e-05 1.36541e-21)
(0.000704592 0.000138608 3.49135e-20)
(0.00104572 0.000160278 8.50679e-21)
(0.00103973 0.000228737 -2.72115e-24)
(0.000694069 0.000478011 8.28314e-21)
(0.000855692 0.000239496 2.20155e-20)
(0.00256268 0.00312298 -1.62417e-20)
(0.000335244 0.000934372 -1.78958e-20)
(0.000766192 0.000359806 2.16986e-20)
(0.000891302 0.000187889 -1.47703e-20)
(0.000487468 0.000399636 0)
(0.000706711 0.000533456 0)
(2.37776e-05 0.000243347 -1.16549e-20)
(8.65126e-07 0.000205948 1.93079e-20)
(1.47328e-05 1.96316e-05 3.7348e-25)
(2.72352e-05 1.09631e-05 3.98794e-21)
(0.00090715 0.000153706 -5.6493e-21)
(0.000960504 0.000241757 6.48049e-21)
(0.000896644 0.000161686 0)
(0.00221579 5.72386e-05 -1.91797e-20)
(0.000344476 0.00024272 -3.22386e-20)
(4.3123e-05 0.000517445 -4.137e-21)
(0.000836323 -8.19357e-05 1.26657e-20)
(0.000113003 0.000236376 0)
(0.00427836 0.00449409 4.20424e-22)
(0.00430488 0.00451346 1.55031e-22)
(0.00444627 0.00465848 -1.78234e-22)
(0.00100462 8.78626e-05 -9.87564e-21)
(0.000308304 0.00120666 0)
(4.20972e-05 -4.46792e-05 -4.2143e-21)
(0.00036568 0.000216294 9.80181e-21)
(0.000406871 0.000438489 -1.83694e-21)
(0.000895168 0.000442975 -3.209e-20)
(0.000933257 3.21635e-05 3.06062e-22)
(0.000415035 0.000317217 -7.5687e-25)
(0.000905156 0.000255016 -9.67176e-21)
(0.000854673 0.000169361 0)
(1.83834e-05 4.51037e-05 -2.26874e-21)
(3.42983e-05 8.29618e-06 0)
(0.000917831 0.00505508 -1.98352e-20)
(-0.00176083 -1.13802e-05 -1.8817e-21)
(0.000767477 3.46184e-05 -2.12512e-21)
(0.000866293 1.86341e-05 6.31903e-22)
(0.000489794 0.000106431 -4.41077e-21)
(0.000357064 0.000124496 -1.24144e-20)
(0.000677226 0.000392831 -1.90002e-20)
(3.28549e-05 8.56814e-05 -4.66716e-21)
(0.000751548 0.000396638 -6.05711e-21)
(1.52055e-05 -5.722e-06 3.30791e-21)
(9.70044e-05 0.00468547 0)
(0.00253139 0.00374159 -1.45515e-20)
(0.000571116 0.000487833 9.5636e-22)
(0.00104184 0.000192715 -4.30136e-21)
(0.000195609 9.48245e-06 -6.42983e-21)
(0.00120823 0.000394182 -2.57241e-20)
(0.000358945 -0.000343363 0)
(0.000274125 0.000142942 0)
(0.000926917 5.93222e-05 -1.20758e-21)
(9.09634e-05 -6.99674e-05 3.54379e-21)
(0.00137264 0.000159315 -1.80539e-20)
(7.66144e-05 0.000422749 1.48724e-20)
(5.5689e-05 9.74384e-06 1.10492e-21)
(0.000110613 0.00012607 0)
(4.87928e-05 1.73723e-05 -4.4972e-21)
(0.000451745 0.000531461 4.99055e-21)
(6.21651e-06 6.00926e-05 -4.19754e-21)
(0.00031414 9.30778e-05 -1.19807e-20)
(7.20079e-05 0.000281289 -1.32095e-20)
(0.000252858 7.20125e-05 1.58834e-20)
(0.000897632 3.94536e-05 1.2319e-21)
(0.000476387 0.00062052 7.83713e-21)
(0.00130466 0.00154151 -2.03628e-21)
(0.00432211 0.00449442 4.88567e-25)
(0.00417767 0.00435502 0)
(0.00414247 0.00433258 -2.18053e-22)
(0.000434959 0.000182734 5.63483e-21)
(5.77627e-05 3.1918e-08 2.26448e-21)
(3.4542e-05 2.0158e-05 1.56239e-20)
(0.00110177 0.000373843 -1.67055e-20)
(0.000982696 0.000448764 1.036e-20)
(-0.0020911 0.00042372 0)
(0.000475703 0.000646083 -3.76912e-21)
(0.000424947 0.000528219 -1.44092e-20)
(7.2589e-06 -9.38912e-05 0)
(0.000560512 0.000590663 3.67704e-21)
(3.24305e-05 -3.23838e-05 -1.70024e-21)
(0.00102004 0.00012186 -6.77014e-21)
(0.00012451 0.000330859 2.73614e-20)
(0.000754097 0.000560581 -1.72502e-20)
(0.000460408 0.000473362 -7.46694e-21)
(0.000547511 0.000394102 -2.9494e-20)
(6.41222e-05 -0.000188715 -9.86898e-22)
(0.000790156 0.000169007 -2.39025e-20)
(0.000580878 0.000337271 2.53439e-20)
(0.000356705 0.000320827 1.49513e-20)
(0.000457779 0.000522264 -9.94029e-21)
(0.000422332 0.000623689 1.85125e-20)
(0.000507819 0.000763153 0)
(2.15005e-05 -0.000167471 8.27521e-21)
(0.00494453 0.00483112 -1.21011e-22)
(0.00478261 0.00467582 1.64414e-20)
(0.00474951 0.00464824 4.44016e-21)
(0.00433525 0.00412452 1.77066e-20)
(0.0043164 0.00410701 1.93023e-22)
(0.00448581 0.00425457 3.32143e-21)
(0.00434626 0.00411875 -1.11822e-22)
(0.00430615 0.00409983 5.55595e-21)
(0.00432479 0.00409488 -6.81708e-21)
(0.00447926 0.00426506 0)
(0.00448912 0.00425399 5.34881e-21)
(0.00434901 0.00411942 1.52204e-21)
(0.00434778 0.00411924 3.09569e-21)
(0.00448744 0.00425502 -9.84518e-22)
(0.00431792 0.00413761 0)
(0.00403245 0.00329513 0)
(0.00398326 0.0037108 7.86084e-21)
(0.00432425 0.00410117 -8.64687e-22)
(0.00346887 0.00310305 -2.20639e-20)
(0.00378218 0.00338654 0)
(0.00040734 0.000623209 3.65683e-21)
(0.000559629 0.00059004 0)
(0.000317804 -8.64174e-05 2.37941e-21)
(0.000952944 0.000209334 1.37351e-20)
(7.03488e-06 -5.65807e-05 0)
(0.000560236 0.000280886 4.66895e-21)
(0.000611364 0.000325879 -1.3755e-20)
(0.000419216 1.83165e-05 0)
(0.000209929 -0.000111341 -2.32253e-21)
(2.16336e-05 -4.33774e-05 -9.96596e-22)
(0.000764716 7.76052e-05 8.56802e-21)
(5.66062e-05 -1.0351e-05 -1.03746e-25)
(3.33379e-05 -5.60622e-05 1.04412e-21)
(0.000622673 0.000273685 -2.57245e-21)
(0.000314144 -6.55532e-06 2.55996e-21)
(0.000632809 0.000205903 0)
(0.000729575 0.000457711 0)
(2.00839e-05 0.000386624 7.96192e-21)
(5.83891e-05 1.95244e-05 -1.50166e-21)
(9.65908e-05 7.44064e-05 0)
(0.00034031 5.95876e-05 1.08372e-20)
(0.000621042 0.000449154 3.74041e-20)
(6.65569e-05 0.000223002 1.40259e-20)
(0.000847961 9.42138e-05 0)
(4.72658e-05 0.000131523 1.93304e-20)
(0.000872047 0.000132282 -2.44056e-21)
(0.000711627 0.000176517 4.04135e-20)
(0.00028189 0.000184852 1.62411e-20)
(0.000858708 4.79746e-05 3.67287e-21)
(6.55343e-05 -1.69565e-05 -2.12361e-21)
(0.000320847 0.000236848 0)
(0.00103271 -8.1425e-05 1.16542e-20)
(0.000873705 0.000134585 0)
(0.000906677 9.77081e-05 -2.00569e-21)
(4.76358e-06 2.18613e-05 -1.33566e-20)
(5.74312e-06 -4.41957e-05 -6.33556e-23)
(-1.23512e-05 0.000294904 0)
(8.77653e-05 7.66468e-05 3.66143e-20)
(6.52522e-05 5.00355e-05 -3.89433e-21)
(0.000135657 -4.72137e-05 1.05631e-21)
(0.000920696 0.000173579 0)
(4.96069e-06 -2.79842e-05 0)
(0.000859673 6.73252e-05 0)
(0.000912283 6.51107e-05 0)
(5.20236e-05 -1.88716e-05 -2.34893e-21)
(0.000869865 1.21891e-05 -5.32783e-21)
(1.2669e-05 -0.000182176 -1.96078e-21)
(-1.11784e-05 0.000298033 -1.97358e-20)
(-1.34324e-06 0.000171458 -1.70565e-20)
(5.24723e-06 4.65967e-05 4.13535e-21)
(2.85789e-06 0.000144031 1.73257e-20)
(0.000684013 -1.16556e-05 -6.25742e-21)
(1.86128e-05 -9.92123e-05 1.87213e-21)
(0.000801615 0.00023173 9.92396e-21)
(0.000356637 0.000138889 1.45803e-20)
(0.000604506 0.00022292 0)
(0.000563737 0.000422287 -3.76926e-21)
(0.000985734 0.000354873 8.65919e-21)
(3.9371e-05 2.0219e-05 1.39762e-20)
(0.000762619 0.00082821 3.75308e-21)
(4.3672e-06 3.17716e-05 6.68851e-21)
(5.03133e-06 0.000118555 0)
(0.000549679 0.000312588 1.02916e-20)
(0.000627799 7.9788e-05 9.13494e-22)
(4.9476e-05 -9.74303e-06 -9.28148e-21)
(0.000200473 -0.000197923 1.2658e-21)
(0.000925648 0.000351031 1.83802e-24)
(0.000468051 0.000480653 2.73356e-25)
(0.000383105 0.000128524 -1.18564e-20)
(4.85236e-05 3.14433e-05 1.77889e-21)
(0.000308502 0.000278704 -7.81834e-21)
(0.000187294 -8.23242e-05 -2.23054e-21)
(0.000720448 -3.79176e-05 1.8771e-24)
(0.000406103 0.000626411 -8.82498e-22)
(5.0142e-05 -2.609e-06 7.37115e-21)
(0.000301283 0.000425916 -1.85678e-20)
(0.000600604 0.000216337 3.15965e-20)
(6.27251e-05 9.80434e-06 -4.21995e-21)
(8.0583e-05 1.56127e-06 -2.64481e-22)
(0.000537002 0.000685527 -3.84257e-21)
(0.000626427 0.000437294 1.14915e-20)
(0.00103866 0.000129723 0)
(4.22144e-05 8.16861e-06 1.16868e-20)
(0.000402986 0.000216925 -8.80126e-21)
(0.00449456 0.00427153 -1.64578e-20)
(0.0043309 0.00410944 -7.20383e-21)
(0.00435455 0.00413373 -6.60799e-21)
(0.00449207 0.00427387 -9.92586e-21)
(0.00448831 0.00427438 0)
(0.00227505 0.00226955 4.02236e-21)
(0.0022741 0.00226778 -2.20321e-23)
(0.00432838 0.00410759 -7.30323e-21)
(0.00449216 0.00427342 5.84629e-21)
(0.00435203 0.00413235 -8.33384e-21)
(0.00448996 0.00427589 -5.7239e-21)
(0.00435394 0.00413283 6.76282e-21)
(0.00226236 0.00226098 0)
(0.00449504 0.00427476 0)
(0.00227378 0.00225642 -3.21952e-21)
(0.00449229 0.00427097 -5.10768e-21)
(0.0043384 0.00410801 -4.36231e-21)
(0.004496 0.00427643 -1.3229e-20)
(0.00433193 0.00410957 0)
(0.00221912 0.00221147 -3.28699e-21)
(0.0053241 0.0044679 -2.79512e-20)
(0.002282 0.00225182 1.45603e-20)
(0.00220734 0.00220236 -6.24163e-21)
(0.00227419 0.00226646 -1.17454e-20)
(0.0022049 0.0022045 -8.47118e-21)
(0.00227517 0.00226901 9.56691e-21)
(0.00228026 0.00225731 -1.01335e-20)
(0.00227819 0.00227071 -1.00655e-22)
(0.00226174 0.00226033 7.59142e-21)
(0.00219869 0.00219819 1.20196e-20)
(0.00227143 0.00226634 2.00538e-20)
(0.004458 0.00427267 -6.30573e-21)
(0.00435485 0.00413519 -2.97273e-21)
(0.00545884 0.00457852 2.11544e-20)
(0.00435655 0.00413589 -1.18584e-22)
(0.00447125 0.0042779 5.95294e-21)
(0.00542957 0.00483667 -1.48546e-20)
(0.00449718 0.00427661 2.95673e-21)
(0.00434762 0.00413049 9.69647e-22)
(0.00225713 0.00225782 6.17439e-21)
(0.0030941 0.00283819 -1.44943e-20)
(0.0044903 0.00414737 0)
(0.00448734 0.00426416 -9.28471e-22)
(0.00227138 0.00226826 1.95644e-21)
(0.00449081 0.00426951 -1.05392e-20)
(0.00466076 0.00421116 0)
(0.00518856 0.00445425 6.90748e-21)
(0.00449626 0.00426635 1.53732e-21)
(0.00435582 0.00413317 1.61011e-21)
(0.00433806 0.00411158 -1.89078e-21)
(0.00474213 0.00438353 1.54888e-20)
(0.00432823 0.00411099 9.35843e-21)
(0.00435581 0.00413105 -1.58887e-21)
(0.00432285 0.00411513 0)
(0.0043768 0.00422766 0)
(0.00441627 0.00424866 -1.3031e-20)
(0.00221253 0.00221008 2.0407e-21)
(0.00274263 0.00250967 -1.40457e-20)
(0.00437569 0.00422342 6.30662e-21)
(0.00433305 0.0041093 0)
(0.00435658 0.00414245 -9.92058e-21)
(0.00353292 0.00333652 -2.57988e-22)
(0.00442228 0.00419072 5.87002e-21)
(0.00221778 0.00223573 -6.39012e-21)
(0.00449602 0.00426795 -1.55787e-21)
(0.00222401 0.00222414 3.81864e-21)
(0.00432863 0.00411956 6.35013e-21)
(0.00484721 0.00429962 6.66578e-21)
(0.00468907 0.00437542 0)
(0.00227709 0.00225049 -2.40147e-20)
(0.00438124 0.00415022 1.10589e-20)
(0.00449175 0.00427087 5.39985e-21)
(0.00221964 0.00220896 1.27508e-22)
(0.00228646 0.00226715 -6.05669e-21)
(0.00220051 0.00219885 1.86626e-21)
(0.00226611 0.00225917 -5.38874e-21)
(0.00337866 0.00329595 -1.58238e-20)
(0.0044791 0.00426574 -1.51389e-21)
(0.0043598 0.00413555 0)
(0.00221203 0.00221037 4.34534e-21)
(0.00437098 0.00411634 0)
(0.00221832 0.00221629 -2.16626e-21)
(0.00221326 0.00220992 1.48764e-20)
(0.00450056 0.00427246 0)
(0.00433868 0.0041167 5.84621e-21)
(0.00433165 0.0041134 5.73133e-21)
(0.00450032 0.00427625 5.51134e-21)
(0.00226106 0.00225789 1.80992e-21)
(0.00221687 0.00221152 0)
(0.0022526 0.00225481 3.67018e-21)
(0.0028563 0.00275602 1.66897e-20)
(0.00284623 0.0027957 0)
(0.00436055 0.0041459 1.05506e-20)
(0.00433477 0.00411072 3.09299e-21)
(0.00225575 0.00225581 -1.18513e-21)
(0.00435422 0.00413286 -2.75376e-21)
(0.00222609 0.00222408 4.72966e-21)
(0.00219648 0.00219685 -3.57489e-21)
(0.00432802 0.00410886 -9.21034e-21)
(0.00214648 0.00202314 0)
(0.00220944 0.0022055 -1.16062e-20)
(0.00227062 0.00226675 1.17236e-21)
(0.00449439 0.00426741 -2.65716e-21)
(0.00221024 0.00220742 1.21856e-21)
(0.00221527 0.00220629 0)
(0.00222272 0.00223443 6.56907e-21)
(0.00358417 0.00344031 0)
(0.00224988 0.00223103 -1.71231e-20)
(0.00228037 0.00227567 -2.10625e-21)
(0.00221337 0.00221101 5.02028e-25)
(0.00221213 0.00221167 -6.14559e-21)
(0.00432969 0.00410791 -6.7249e-21)
(0.00445604 0.00426729 -1.06963e-21)
(0.0031269 0.00330783 -8.45006e-21)
(0.00227101 0.0022455 -3.6452e-21)
(0.00216735 0.00216329 0)
(0.00221512 0.00219301 1.32709e-20)
(0.00525743 0.00472958 -1.50921e-20)
(0.00447552 0.00472689 8.2655e-21)
(0.00220404 0.00220429 0)
(0.00500157 0.00432814 6.60141e-21)
(0.00220446 0.00207507 2.37973e-22)
(0.00432754 0.00411169 0)
(0.00226353 0.00225875 -1.2062e-20)
(0.00221841 0.00221392 -2.5502e-20)
(0.00432574 0.00410773 -1.20246e-21)
(0.00435766 0.00413599 5.58944e-21)
(0.0044963 0.00427528 4.39571e-21)
(0.00450054 0.00427294 3.96358e-21)
(0.00222231 0.00222133 -1.31988e-21)
(0.00221804 0.00221926 2.24465e-21)
(0.00220437 0.00219468 0)
(0.00222736 0.00221796 3.0301e-21)
(0.00433819 0.00411363 0)
(0.00434562 0.00413907 -4.62029e-24)
(0.00473426 0.00424927 0)
(0.00221529 0.00218762 1.22726e-20)
(0.00449824 0.00427192 5.4224e-21)
(0.00256012 0.00246283 0)
(0.00332912 0.00336687 8.53659e-21)
(0.00357186 0.00350129 -2.46603e-20)
(0.00228802 0.00227204 0)
(0.00228149 0.00227484 0)
(0.00223785 0.00222287 -5.5935e-21)
(0.00220152 0.00220146 -6.85215e-21)
(0.00433185 0.0041103 2.81168e-21)
(0.00438403 0.0043959 0)
(0.00435983 0.00413626 4.08113e-21)
(0.0044246 0.00425214 3.70868e-22)
(0.00221985 0.0022155 0)
(0.00428614 0.00411628 -1.42203e-21)
(0.00339211 0.00347796 4.1409e-23)
(0.00435725 0.00413877 5.19658e-21)
(0.0022251 0.00220758 -3.95969e-21)
(0.00222107 0.00220312 7.2104e-21)
(0.00448927 0.00427385 6.80824e-21)
(0.00434969 0.00413976 1.24109e-22)
(0.00434869 0.00413897 -3.50638e-21)
(0.00221029 0.00220216 2.79683e-21)
(0.00432557 0.00411325 4.06579e-21)
(0.00227263 0.00226347 1.10398e-20)
(0.00432486 0.00411323 -7.76712e-21)
(0.00413549 0.00489018 0)
(0.00215185 0.00202681 -4.59419e-22)
(0.00221395 0.00220804 -5.21167e-21)
(0.00436918 0.00414743 -5.20539e-21)
(0.00436016 0.00414098 7.10791e-21)
(0.00220199 0.00219097 0)
(0.00507287 0.00492048 -1.55135e-20)
(0.00432756 0.004111 -1.03598e-20)
(0.00219665 0.00221637 1.30201e-20)
(0.00220592 0.00220516 -6.71886e-21)
(0.00442067 0.00420812 1.1993e-20)
(0.00221105 0.00220591 0)
(0.00221283 0.00220912 1.13038e-20)
(0.00222245 0.00222489 8.62386e-21)
(0.00220914 0.00218922 0)
(0.00435948 0.0041414 5.09895e-21)
(0.0045015 0.00427691 -9.14098e-21)
(0.00449294 0.00427016 -3.95713e-21)
(0.00448868 0.00426764 9.51328e-22)
(0.00449512 0.00427531 8.57257e-21)
(0.00448267 0.0042717 -1.08841e-20)
(0.00227237 0.00226344 0)
(0.00243072 0.00236608 -1.54418e-20)
(0.00221151 0.00219153 4.01412e-21)
(0.00435018 0.00413338 -9.92338e-22)
(0.00252273 0.00238136 -2.00118e-20)
(0.0021722 0.00217491 1.13923e-21)
(0.00280302 0.00268874 -8.19303e-21)
(0.00227238 0.00225585 -5.92426e-21)
(0.00435642 0.00414236 4.56152e-21)
(0.00450202 0.00427739 2.41165e-21)
(0.00220035 0.00220181 -7.08066e-21)
(0.00432758 0.00411189 0)
(0.00433228 0.00411418 3.46243e-20)
(0.00432541 0.00410832 2.05074e-21)
(0.00225358 0.00225589 -1.26438e-21)
(0.00221039 0.00221183 -1.88251e-21)
(0.00220677 0.00220987 1.73436e-21)
(0.00227303 0.00226664 2.32539e-20)
(0.00432579 0.00411892 1.281e-20)
(0.00228587 0.00227756 4.60793e-21)
(0.00221088 0.00220466 5.00902e-21)
(0.00226746 0.00226168 -2.31235e-20)
(0.00220798 0.0022077 6.5445e-21)
(0.00433903 0.00411381 2.34821e-21)
(0.00222763 0.0022238 2.16992e-20)
(0.00442327 0.00412759 -1.44874e-20)
(0.00238712 0.00232105 -6.24743e-21)
(0.00225558 0.00225615 0)
(0.00234102 0.00230206 2.22182e-20)
(0.00435383 0.00413245 -4.41884e-21)
(0.00219669 0.00219762 0)
(0.00220881 0.00220749 -4.72072e-21)
(0.00220917 0.00220637 3.50672e-24)
(0.00431465 0.0041069 0)
(0.00433883 0.00411067 -2.00812e-21)
(0.00223335 0.00223395 2.70882e-21)
(0.00449328 0.00427373 4.91155e-21)
(0.00433778 0.00411045 -3.73166e-21)
(0.00435744 0.00414239 5.09718e-21)
(0.00221328 0.00220611 -6.43916e-21)
(0.00433164 0.00411602 -1.20274e-20)
(0.00438287 0.00422344 -2.4335e-20)
(0.00440217 0.00422342 1.21872e-20)
(0.00221124 0.00220186 2.46448e-21)
(0.00227406 0.00226536 0)
(0.00432925 0.00411241 -2.16247e-20)
(0.00303219 0.0027383 0)
(0.00220752 0.00220431 5.271e-21)
(0.00509837 0.00437396 6.81243e-21)
(0.00220816 0.00220142 3.624e-21)
(0.00221768 0.00220665 5.20135e-21)
(0.00337897 0.00311849 7.28815e-21)
(0.00226878 0.00226459 1.01825e-22)
(0.00221662 0.0022093 -6.0446e-21)
(0.00221313 0.00221336 -4.13503e-21)
(0.00222275 0.00221092 -5.22673e-21)
(0.00449886 0.00427036 -1.8132e-21)
(0.00221045 0.00220264 2.97601e-21)
(0.00219378 0.00220336 -6.40259e-21)
(0.00435847 0.00413464 -1.86994e-21)
(0.00449564 0.0042765 -9.25942e-21)
(0.00475773 0.00434192 0)
(0.00439666 0.00415951 1.11852e-20)
(0.00221598 0.00221002 1.09432e-20)
(0.00227069 0.00226362 2.64351e-20)
(0.00219596 0.00221644 -2.59607e-20)
(0.00425992 0.00409314 -2.03757e-21)
(0.00222428 0.00221609 -7.16718e-21)
(0.0045239 0.00429096 6.21217e-21)
(0.00433981 0.0041155 0)
(0.00221106 0.00220888 1.38631e-20)
(0.00222559 0.00221991 -3.63191e-22)
(0.00432844 0.00411179 0)
(0.00226528 0.00224991 -2.28489e-24)
(0.00453113 0.00426159 -1.96605e-20)
(0.0052907 0.0045516 -7.3273e-21)
(0.00514424 0.00476603 7.55398e-21)
(0.00449133 0.00427103 0)
(0.0043205 0.00411564 6.45144e-21)
(0.00221783 0.00221129 4.91499e-21)
(0.00491231 0.00475873 0)
(0.00228427 0.0022647 0)
(0.00288366 0.00279094 -2.56268e-20)
(0.00222283 0.00221569 0)
(0.00477001 0.00429606 0)
(0.00220068 0.00220105 0)
(0.00221786 0.00221273 0)
(0.00220172 0.00220374 -1.21878e-21)
(0.00218806 0.00219032 1.23653e-21)
(0.00227463 0.00225512 1.33489e-20)
(0.00227635 0.00226919 1.77672e-20)
(0.00449256 0.00427101 -5.37773e-21)
(0.0022215 0.00222282 1.57423e-21)
(0.00440188 0.0042376 -1.11419e-22)
(0.00220862 0.00220025 6.59238e-21)
(0.00449335 0.00427523 3.0702e-21)
(0.00218312 0.00219496 -1.00428e-20)
(0.0043529 0.00413288 2.5872e-21)
(0.00433086 0.00411199 0)
(0.00527668 0.00487795 -7.60582e-21)
(0.00219984 0.0022037 0)
(0.00225936 0.00223863 5.85201e-21)
(0.00227166 0.0022469 -6.25612e-21)
(0.00227364 0.00226143 0)
(0.00218833 0.00220092 -9.70536e-23)
(0.00221414 0.00221037 4.81558e-21)
(0.00222568 0.0022258 6.40974e-21)
(0.0022205 0.00219634 -7.68873e-21)
(0.00226632 0.00226141 1.04032e-20)
(0.00266447 0.00304362 3.71319e-20)
(0.00426476 0.00410397 -3.31629e-23)
(0.00448262 0.00428049 -6.0096e-21)
(0.00220647 0.00221355 -1.94928e-20)
(0.00219636 0.0021988 6.13017e-22)
(0.00312433 0.00324292 -8.81975e-21)
(0.00220313 0.00218267 1.39026e-20)
(0.00465223 0.00426959 6.55086e-21)
(0.00220386 0.00220078 6.84467e-21)
(0.0022649 0.00226031 6.65672e-21)
(0.00226313 0.00223668 4.2242e-21)
(0.00276396 0.0025934 -7.25946e-21)
(0.00221943 0.00220943 0)
(0.0022236 0.00220972 1.07313e-20)
(0.00220502 0.00220217 3.07931e-21)
(0.00220767 0.00214025 2.21413e-20)
(0.00228545 0.00227499 0)
(0.00222081 0.00219848 -1.25179e-20)
(0.00435406 0.00413724 0)
(0.00223907 0.00225013 -3.7159e-21)
(0.00323052 0.00297638 7.66406e-21)
(0.00435338 0.00413298 0)
(0.00220895 0.00220509 -2.78451e-24)
(0.00227055 0.00226405 -2.94113e-24)
(0.00268389 0.00256809 0)
(0.00334169 0.00316092 -7.58226e-21)
(0.00457588 0.00438963 -1.6624e-20)
(0.00218694 0.00216829 -7.68977e-24)
(0.0021963 0.00220329 0)
(0.00433216 0.004118 6.03919e-21)
(0.00449309 0.00426747 -2.49267e-21)
(0.00219265 0.00217506 7.97332e-22)
(0.00223435 0.00224608 -6.21106e-21)
(0.00221528 0.00221103 0)
(0.00221395 0.00221063 -1.153e-20)
(0.00269187 0.00270522 1.71408e-20)
(0.00433928 0.00413209 -2.31851e-21)
(0.00222108 0.00221592 -1.17258e-20)
(0.00225584 0.00225527 0)
(0.00432881 0.00413218 -6.04384e-22)
(0.00231425 0.0022955 -2.02274e-20)
(0.00435618 0.00413605 -2.77474e-21)
(0.00219111 0.00219293 -7.29539e-21)
(0.0043381 0.00411479 0)
(0.00219721 0.0021992 -4.08776e-21)
(0.00224607 0.0022249 1.01494e-22)
(0.00227272 0.0022423 3.84056e-21)
(0.00226934 0.00226546 2.66899e-21)
(0.00188253 0.00199621 0)
(0.00222027 0.00221345 3.67798e-21)
(0.00226075 0.00224546 -1.2667e-20)
(0.00447061 0.00426528 2.59606e-20)
(0.00226536 0.00226134 2.97677e-21)
(0.00424153 0.00408098 4.97298e-22)
(0.00433251 0.00411413 -5.90573e-21)
(0.00470472 0.00494581 7.78187e-21)
(0.00250432 0.00242073 -6.765e-21)
(0.00220235 0.00217424 -4.38012e-21)
(0.00450147 0.00427551 6.86539e-21)
(0.00225204 0.00222813 4.41339e-21)
(0.00431825 0.00413287 5.27033e-22)
(0.00223879 0.00224803 -2.52724e-23)
(0.00236878 0.00243171 -1.93172e-20)
(0.00219458 0.00219479 0)
(0.00446143 0.00427641 0)
(0.00432035 0.00411195 1.22966e-20)
(0.00227682 0.00227301 1.63512e-21)
(0.00433258 0.00410869 1.22295e-21)
(0.00219553 0.00219748 3.83492e-21)
(0.0022427 0.00225311 0)
(0.00219814 0.00219845 -8.32726e-21)
(0.00432938 0.00411218 0)
(0.00225821 0.00223022 -8.19675e-21)
(0.00457444 0.00417779 -1.48405e-20)
(0.00219542 0.00217421 4.68175e-21)
(0.00220002 0.00220387 -4.31296e-21)
(0.0021803 0.00219157 -3.82939e-21)
(0.00531069 0.0046684 1.50702e-20)
(0.00432235 0.00411653 -1.30685e-20)
(0.00450045 0.00427581 0)
(0.00490587 0.00437424 1.08561e-20)
(0.00226593 0.00223544 -4.37805e-25)
(0.00219489 0.00219508 -4.00262e-21)
(0.00220718 0.00218483 4.30771e-21)
(0.00449729 0.0042766 0)
(0.00435549 0.00414282 0)
(0.00435617 0.00413844 -4.62277e-21)
(0.00225953 0.00223624 8.81459e-21)
(0.00220403 0.00220587 -8.96207e-21)
(0.00226855 0.00226584 0)
(0.00441037 0.00417418 2.253e-20)
(0.00220482 0.00220681 1.29568e-20)
(0.00225558 0.00225507 0)
(0.00550016 0.00472664 0)
(0.00219838 0.00220231 -7.58537e-21)
(0.00449434 0.00426667 -2.30522e-21)
(0.00220794 0.00218204 3.98896e-21)
(0.00226344 0.00223345 0)
(0.00218727 0.00218946 -1.51991e-21)
(0.00218615 0.00219729 4.68421e-21)
(0.002216 0.00221357 1.68798e-21)
(0.00435464 0.0041322 2.34108e-21)
(0.00432722 0.00411172 1.00723e-20)
(0.00219191 0.00219381 -7.03001e-21)
(0.00223673 0.00224528 -1.22928e-22)
(0.00449353 0.00427374 3.17773e-21)
(0.00220248 0.00217612 0)
(0.00219735 0.00220145 0)
(0.00449275 0.00427292 0)
(0.00126543 0.0015188 0)
(0.00446814 0.00426534 0)
(0.00222414 0.00222199 -2.6165e-21)
(0.00219859 0.00217722 9.99575e-21)
(0.00225494 0.00212306 -6.97646e-21)
(0.00433495 0.0041105 3.34396e-21)
(0.00221245 0.00219216 2.03711e-20)
(0.0021827 0.00219429 -2.87442e-21)
(0.00224598 0.00227909 0)
(0.00436076 0.00413906 -2.30906e-21)
(0.00219276 0.00217057 0)
(0.00218142 0.00219774 1.06013e-22)
(0.00221602 0.00220679 -6.67974e-21)
(0.00218559 0.00219606 7.80877e-21)
(0.00224637 0.00225644 3.06097e-21)
(0.00209671 0.00189257 -1.42025e-20)
(0.00224013 0.00224581 -2.51026e-23)
(0.00222417 0.00220919 -1.36486e-20)
(0.00189583 0.0016516 7.04084e-21)
(0.00219484 0.00220093 0)
(0.00220582 0.00218309 0)
(0.00218447 0.00221967 0)
(0.0011444 0.00207548 2.26951e-20)
(0.00225203 0.00222924 -7.90448e-24)
(0.00218226 0.00219259 4.16196e-21)
(0.00229413 0.00228592 -1.93615e-20)
(0.00218101 0.00219087 -2.58272e-23)
(0.00219764 0.00217824 -2.39767e-20)
(0.00224148 0.00227217 0)
(0.00435494 0.00413294 6.2472e-21)
(0.00218116 0.00219446 0)
(0.00219737 0.0021775 -1.25566e-20)
(0.00224057 0.00224345 0)
(0.00218097 0.0021901 7.63936e-21)
(0.00223948 0.00224427 2.58818e-21)
(0.00218027 0.00218987 5.30162e-21)
(0.00225362 0.0023377 4.65585e-22)
(0.00219158 0.00227687 -3.72667e-22)
(0.00226721 0.00223779 -6.05434e-21)
(0.00219522 0.00217499 -5.9005e-21)
(0.00229515 0.00250593 5.51313e-22)
(0.00225642 0.00222817 -1.18976e-20)
(0.00224052 0.00225075 4.0437e-21)
(0.00219056 0.00217093 4.88653e-21)
(0.00218319 0.00219419 0)
(0.00217836 0.00218846 4.70675e-21)
(0.00223687 0.00224777 -2.21658e-21)
(0.00217906 0.00219014 -2.27914e-21)
(0.00220408 0.00220853 -6.1338e-21)
(0.00220092 0.00217962 -1.30798e-20)
(0.00228558 0.00226824 -1.86752e-20)
(0.00228395 0.00233421 -6.30349e-21)
(0.00233851 0.00258444 4.55002e-21)
(0.00226077 0.00223712 -5.26591e-21)
(0.00220772 0.00218626 1.06323e-20)
(0.00219593 0.00216423 -1.09214e-20)
(0.00218143 0.00219353 0)
(0.00193369 0.00175049 -2.11572e-20)
(0.00430725 0.00410631 0)
(0.00224466 0.00224517 -5.88342e-21)
(0.0016609 0.00143271 -2.1456e-20)
(0.00224442 0.00224471 -3.18337e-21)
(0.00220735 0.00218607 1.26305e-20)
(0.00192033 0.00220534 2.70651e-20)
(0.0021848 0.00219673 9.10276e-21)
(0.0022409 0.00225223 0)
(0.00224203 0.00224514 -5.42274e-21)
(0.0021681 0.00207159 6.39574e-21)
(0.00226996 0.00224779 2.05138e-20)
(0.002205 0.00218466 -1.2097e-20)
(0.00215069 0.00203991 0)
(0.00223128 0.00243971 9.98639e-22)
(0.00225964 0.00223756 2.03475e-20)
(0.00226256 0.0022389 0)
(0.00226739 0.00224421 -6.99547e-24)
(0.00196781 0.00183378 -3.35034e-24)
(0.00216611 0.00216225 5.62378e-24)
(0.00226664 0.00224102 -6.28606e-21)
(0.00225664 0.00223324 -7.72609e-24)
(0.0022111 0.00221 1.38515e-20)
(0.00208168 0.00193965 -1.52649e-20)
(0.00222136 0.00218934 -7.45829e-21)
(0.00220596 0.00220818 -7.15277e-21)
(0.00225202 0.00217447 4.99416e-24)
(0.00220903 0.00219161 -1.35983e-20)
(0.00218346 0.00219705 -3.72326e-21)
(0.00244318 0.00254162 -6.72497e-21)
(0.00434051 0.00411215 -2.43721e-21)
(0.0024675 0.00263812 -2.20391e-20)
(0.00225587 0.00230651 -5.45724e-22)
(0.00219424 0.00224663 -8.64903e-23)
(0.00221214 0.00219218 0)
(0.00222541 0.00221053 0)
(0.00218453 0.00220066 -1.66023e-21)
(0.00218503 0.00219653 -1.33324e-22)
(0.00218353 0.00219543 -2.0599e-21)
(0.00218419 0.00219574 -4.6533e-21)
(0.00218192 0.00219447 4.67518e-21)
(0.00428632 0.00410385 1.83365e-21)
(0.00223268 0.00221638 -1.42292e-20)
(3.02264e-05 2.25295e-05 -9.59048e-21)
(4.49682e-05 -1.6382e-05 4.73613e-21)
(9.17361e-05 0.000119049 1.32874e-21)
(0.000188614 -3.74171e-05 2.07155e-21)
(0.000974232 9.75442e-05 0)
(6.86919e-05 7.18927e-05 -8.56577e-22)
(0.000624728 0.000377538 3.55984e-20)
(5.92941e-05 0.000147353 0)
(0.000213032 -4.83412e-05 0)
(7.93511e-05 -1.63708e-05 -1.39076e-22)
(0.00063835 0.000112842 -1.36494e-20)
(0.00475005 0.00464882 -8.8517e-21)
(0.00474737 0.00464813 4.18856e-21)
(0.00494595 0.00483503 6.17967e-23)
(0.00434577 0.00412206 1.077e-20)
(0.00432424 0.0040988 1.15234e-20)
(0.00478026 0.00467671 0)
(0.00494538 0.00483319 -4.03948e-21)
(0.00474194 0.00465028 -7.63789e-21)
(0.00477872 0.00468388 0)
(0.00478787 0.00468166 0)
(0.00431679 0.00411164 -1.01822e-20)
(0.00478886 0.00468197 -9.07273e-21)
(0.00432025 0.00411088 5.47447e-21)
(0.00474141 0.00465248 3.86402e-21)
(0.00494565 0.00483639 0)
(0.00478964 0.00467876 5.13228e-21)
(0.00475158 0.0046478 1.66561e-20)
(0.00478728 0.00468134 9.75867e-21)
(0.00494594 0.00483701 0)
(0.00494615 0.00483667 0)
(0.0047938 0.00467584 -1.56084e-20)
(0.00494387 0.00483526 4.58108e-21)
(0.00473788 0.00465689 0)
(0.00474182 0.00465083 0)
(0.00493843 0.00483967 0)
(0.00493819 0.00483792 -5.41871e-21)
(0.00477696 0.00468402 0)
(0.00473834 0.00465625 -2.71856e-21)
(0.0047748 0.00468509 -5.08275e-21)
(0.00494029 0.00483867 3.19138e-21)
(0.00494433 0.00483618 -4.66808e-21)
(0.00493912 0.00483826 1.19723e-20)
(0.00473978 0.00465187 0)
(0.00493818 0.00483786 -5.72173e-21)
(0.00493832 0.00483827 0)
(0.0049426 0.00483145 -7.39885e-21)
(0.00473765 0.00465528 2.7576e-21)
(0.00477388 0.00468668 -7.21059e-21)
(0.00448223 0.00426709 0)
(0.00475095 0.00464774 -1.17019e-20)
(0.00481737 0.0046387 -5.77862e-21)
(0.0049355 0.00484532 -9.13116e-21)
(0.00475059 0.0046466 -1.18644e-20)
(0.00493766 0.0048427 0)
(0.00474922 0.00464719 0)
(0.00494381 0.00483535 9.59582e-21)
(0.00447506 0.00427049 1.13013e-20)
(0.00477231 0.00468891 2.35051e-21)
(0.00447918 0.00426783 -5.17693e-21)
(0.00477406 0.00468958 4.19816e-21)
(0.00493499 0.00484587 4.07128e-21)
(0.00474668 0.00464741 -6.35135e-21)
(0.00474471 0.00465028 6.56825e-21)
(0.00473667 0.00465862 4.56349e-21)
(0.00477329 0.00469013 -4.39741e-21)
(0.00493496 0.00484618 -4.26768e-21)
(0.00474795 0.0046459 0)
(0.00474504 0.00464944 6.24205e-21)
(0.00473634 0.00465789 -4.8217e-21)
(0.00493459 0.00484511 -3.72666e-21)
(0.00479569 0.00463603 -1.20969e-20)
(0.00477406 0.0046891 -3.81401e-21)
(0.00469462 0.00459258 0)
(0.004758 0.00463227 -6.10711e-21)
(0.00473862 0.00465777 -5.14774e-21)
(0.00494099 0.00483701 -1.14795e-20)
(0.00474495 0.00465033 -1.99908e-20)
(0.00472046 0.00461886 1.24178e-20)
(0.00475604 0.00463128 -6.9774e-21)
(0.00473791 0.00465777 7.84572e-21)
(0.00477368 0.00468922 0)
(0.00493329 0.00484501 0)
(0.00477257 0.00460622 1.421e-20)
(0.00468411 0.00455526 0)
(0.00493318 0.00484522 1.60679e-21)
(0.00477349 0.00468916 1.64892e-21)
(0.00473829 0.00465766 3.18358e-21)
(0.00493017 0.00484269 0)
(0.00480014 0.00430344 -1.2144e-20)
(0.00482527 0.00454859 0)
(0.00468643 0.00450179 1.33135e-20)
(0.00493243 0.00484247 -5.91455e-21)
(0.00473796 0.00465802 3.5404e-21)
(0.00493608 0.00483922 0)
(0.00472496 0.00442169 6.73225e-21)
(0.00511981 0.00462279 1.33628e-20)
(0.00493092 0.00484382 6.20036e-21)
(0.00434523 0.00361872 1.51862e-20)
(0.00417933 0.00375563 7.72532e-21)
(0.00479589 0.00457708 -7.17728e-21)
(0.00473781 0.00465815 -6.29799e-21)
(0.00423285 0.00335985 7.10983e-21)
(0.00524093 0.00453824 0)
(0.00475773 0.00470374 1.44282e-21)
(0.00409627 0.00372139 -1.57898e-20)
(0.004918 0.00486112 1.36571e-21)
(0.00472116 0.00471554 1.48908e-21)
(0.00474398 0.00470478 6.62072e-22)
(0.00490462 0.00486173 -6.22437e-22)
(0.0040322 0.00339897 1.44228e-20)
(0.00488126 0.00487212 0)
(0.00484982 0.0048637 6.9571e-22)
(0.00460668 0.00455636 8.25668e-21)
(0.00469066 0.00470694 1.15236e-21)
(0.00443588 0.00457673 1.6777e-20)
(0.00472941 0.00473793 2.98961e-20)
(0.000798683 0.000576724 -7.75448e-21)
(-3.33476e-05 0.00116065 3.40216e-24)
(3.54238e-05 2.82148e-05 -7.971e-21)
(5.06485e-05 4.43676e-06 -1.87082e-21)
(6.43334e-05 0.00026099 0)
(0.000118891 -2.48487e-05 -6.49011e-21)
(6.70251e-05 -3.2438e-06 2.73367e-22)
(0.000725527 0.000645377 -7.90531e-24)
(0.00221252 0.00219146 -1.50442e-20)
(0.00478743 0.00468224 4.42778e-21)
(0.00220668 0.00218305 0)
(0.00219378 0.00219687 3.15851e-21)
(0.00224989 0.00224872 6.478e-21)
(0.00218523 0.00219401 -2.78439e-21)
(0.00226429 0.00223493 1.68651e-20)
(0.00219008 0.00220086 0)
(0.00219506 0.00215857 5.73514e-21)
(0.00224684 0.00225715 -3.42914e-21)
(0.00218524 0.00219827 -1.25273e-22)
(0.002319 0.00226848 -6.98406e-21)
(0.00476389 0.00469901 1.7229e-21)
(0.00472298 0.00467155 0)
(0.0021875 0.00220714 2.36718e-21)
(0.00492458 0.00485618 -7.55445e-22)
(0.00182952 0.00185468 1.64164e-20)
(0.00223161 0.00243663 7.25113e-22)
(0.00129345 0.00132654 1.44945e-20)
(0.00134641 0.00128174 -8.04304e-23)
(0.00108495 0.00171284 1.45385e-20)
(8.67122e-05 1.71273e-05 0)
(0.00431513 0.00411123 2.46689e-20)
(0.00433532 0.00412548 0)
(0.00431128 0.00410882 -1.68868e-20)
(0.0043433 0.00411315 2.85908e-21)
(0.00434514 0.00411979 -6.26637e-21)
(0.00448055 0.00425178 0)
(0.00447454 0.00426931 -1.11977e-20)
(0.00432174 0.00408934 0)
(0.00425345 0.00407868 0)
(0.00448674 0.0042519 4.3283e-21)
(0.00434595 0.00411623 2.19999e-21)
(0.00446722 0.00405624 -3.22397e-23)
(0.0043428 0.00412308 -7.84786e-22)
(0.00376837 0.00377888 -3.26481e-20)
(0.00448376 0.00425903 8.80708e-22)
(0.00432497 0.00409294 -1.01482e-21)
(0.00359897 0.00312902 -5.53765e-23)
(0.00432373 0.00410776 0)
(0.0035193 0.00356303 -3.2741e-22)
(0.00320982 0.00339387 -7.73431e-21)
(7.58756e-05 1.54176e-05 0)
(5.40739e-05 -8.61889e-05 0)
(0.000155114 0.000180039 -2.16378e-21)
(0.000124546 2.71497e-05 4.18667e-21)
(6.36466e-05 -3.00327e-05 2.42393e-21)
(6.42146e-05 9.03317e-05 -2.03931e-20)
(0.000776053 0.000203771 2.01978e-20)
(0.000809162 -0.000162147 2.63129e-20)
(5.62986e-05 5.78733e-05 5.05213e-22)
(0.000109509 2.36778e-05 0)
(0.00083265 0.000836761 4.18852e-21)
(0.000771899 0.000106914 -1.283e-20)
(0.000236097 0.000194571 4.16624e-21)
(7.54101e-05 5.70504e-05 0)
(0.000157294 7.58855e-05 0)
(0.000636398 0.000370215 1.08536e-20)
(6.81608e-05 2.75601e-05 -5.15047e-22)
(0.000390308 0.000537775 1.09382e-20)
(0.000428569 0.000539338 3.29415e-20)
(0.000139311 6.10063e-05 0)
(0.000309701 -2.55466e-05 -9.15535e-21)
(5.58405e-05 3.7357e-05 2.59842e-22)
(3.48567e-05 6.76419e-05 -2.66233e-21)
(0.000470401 0.000655887 3.3124e-20)
(0.000555953 0.000160072 9.27622e-21)
(0.000393044 0.000485022 0)
(0.0009076 0.000136521 5.12613e-21)
(0.000645524 0.000569782 0)
(0.000199252 6.83276e-05 -1.54926e-20)
(0.00060914 0.000432061 -3.58968e-20)
(0.000135133 -6.74187e-06 -4.18422e-21)
(0.000656914 0.00018853 0)
(0.000398844 0.000585047 -2.86805e-20)
(0.000990824 0.000269374 -2.44781e-20)
(0.000491558 0.000495532 4.77725e-21)
(0.000235038 0.00022951 -1.81994e-20)
(3.78285e-05 8.72431e-05 1.06747e-21)
(0.000808271 4.92531e-06 0)
(9.47931e-05 -4.85296e-06 4.45836e-21)
(0.000278633 9.77654e-05 0)
(3.86049e-05 -9.06099e-05 6.86108e-21)
(7.86959e-05 3.31998e-05 3.98301e-21)
(0.00100657 0.000225435 1.08128e-21)
(0.0002877 4.77703e-05 1.87293e-21)
(0.000562444 0.000328817 -5.30492e-22)
(0.00013349 0.000208212 0)
(9.26617e-05 -2.81808e-05 -1.20711e-20)
(0.000598024 0.000197134 0)
(1.78932e-05 -2.78672e-05 -1.01941e-21)
(0.000538138 0.000249748 -2.02291e-20)
(4.06165e-05 3.65671e-05 1.09985e-21)
(4.64464e-05 4.57552e-05 0)
(0.00017876 4.08163e-06 0)
(0.000795993 0.000290092 2.7258e-20)
(0.000269725 0.000303607 -3.66437e-20)
(0.000692713 0.000285057 0)
(0.000677859 0.000217448 -3.26289e-20)
(0.000215451 0.000251369 1.25553e-20)
(0.000397425 0.000586006 -8.81874e-21)
(0.00100832 5.5172e-05 -4.6885e-21)
(0.000118521 6.89808e-07 -2.63716e-22)
(0.000164741 0.000283652 4.73766e-21)
(0.000798666 0.000208514 -2.32882e-22)
(0.000287992 0.000368947 0)
(0.000247371 3.99597e-05 1.51895e-20)
(7.50058e-05 -3.09333e-05 -5.08218e-21)
(0.00138687 0.00124686 -1.44617e-20)
(0.00182823 0.00178712 2.41278e-20)
(0.00232232 0.0023148 -1.35451e-20)
(0.00218872 0.00215086 -1.13938e-20)
(0.00225689 0.00223069 5.08689e-24)
(0.00220219 0.00218043 -1.11201e-20)
(0.00220182 0.00218434 9.8382e-21)
(0.00427329 0.00421561 6.42558e-22)
(0.000102038 0.00036025 -1.59497e-20)
(0.000239985 0.000373641 1.79686e-20)
(0.000240028 0.000405198 0)
(0.000924672 0.000240273 1.46682e-20)
(0.000918006 8.63142e-05 -1.48533e-22)
(4.51035e-05 1.66739e-06 2.90525e-27)
(0.000333518 0.000250211 1.35661e-20)
(0.0021944 0.002172 -9.38349e-21)
(0.000218654 0.000213046 -1.40214e-20)
(0.00493 0.00485354 -1.84449e-21)
(0.00476898 0.00469618 -1.92774e-21)
(0.00448173 0.00427129 3.73892e-21)
(0.00521356 0.0045184 -1.43684e-20)
(0.00476539 0.00481268 1.45754e-20)
(0.00472814 0.00466778 1.87888e-21)
(0.0048578 0.00456077 -1.59468e-20)
(0.00113246 0.00131532 1.47057e-20)
(0.00218717 0.00220952 -1.12627e-21)
(0.00219754 0.00224486 -1.28303e-21)
(0.00468957 0.00468128 6.04017e-22)
(0.00174467 0.00158952 -7.2244e-21)
(0.00218061 0.0021975 -3.23986e-21)
(0.00224212 0.00225655 2.97373e-21)
(0.00509093 0.00466144 7.38179e-21)
(0.00224399 0.00225314 -2.73477e-21)
(0.00218154 0.00220026 1.4026e-21)
(0.00218377 0.00219464 -4.3642e-21)
(0.00493401 0.00484538 1.28127e-21)
(0.00477394 0.00468919 -1.32513e-21)
(0.00434905 0.00412648 2.37744e-22)
(0.00481815 0.00465215 -1.6912e-20)
(0.00474832 0.00464836 6.67836e-23)
(0.00494458 0.0048354 0)
(0.0021872 0.0021935 9.23963e-21)
(0.00477799 0.00468393 -5.85768e-21)
(0.00448982 0.0042635 3.9974e-21)
(0.00219177 0.002201 6.85108e-21)
(0.0043198 0.00411198 -4.40869e-21)
(0.00432649 0.00410607 4.65676e-21)
(0.00474223 0.0046525 3.35397e-21)
(0.00434526 0.00413859 -8.09671e-21)
(0.00218855 0.00219254 0)
(0.00478455 0.00468193 -2.26348e-20)
(0.00224967 0.00224971 -3.4574e-21)
(0.00494135 0.0048359 -3.43206e-21)
(0.000433798 0.000427509 0)
(0.000341533 0.000402383 -2.48847e-20)
(0.000832324 0.000218047 -1.56241e-20)
(0.000162218 3.44483e-05 2.03888e-21)
(0.000325167 0.000555627 -1.05216e-20)
(0.000344324 0.000347766 0)
(4.51086e-05 5.09852e-06 -6.86439e-22)
(0.000746502 0.000934275 0)
(0.000747427 0.000611737 9.69978e-22)
(0.00448255 0.00425447 -3.32337e-21)
(0.00432321 0.0040932 0)
(0.00434439 0.00412106 6.51425e-21)
(0.004318 0.00411052 -1.31313e-22)
(0.00434473 0.00411745 0)
(0.00431772 0.00410957 1.1106e-20)
(0.00432381 0.00409422 0)
(0.00433143 0.00412646 1.37791e-20)
(0.00448019 0.00426826 -1.09807e-20)
(0.0043175 0.00411595 0)
(0.00434817 0.00411925 1.29492e-21)
(0.00428977 0.00409147 0)
(0.00379085 0.00316628 -7.23513e-21)
(0.00427274 0.00416031 -3.62943e-22)
(0.00448785 0.00425439 -1.24605e-21)
(0.00447217 0.00421328 1.32794e-20)
(0.0038811 0.00373078 1.59429e-20)
(0.00363111 0.00344005 0)
(0.00434413 0.00412856 -2.3419e-21)
(0.00448437 0.00426419 1.47406e-21)
(0.00337333 0.00321805 -1.48639e-20)
(0.000438843 0.000445585 -1.65857e-20)
(9.28903e-05 -5.18218e-05 4.78396e-21)
(0.000484778 0.000365377 -4.60754e-21)
(0.000882196 1.74216e-05 -9.41785e-22)
(0.000773161 0.000318849 -8.73301e-21)
(0.000937266 0.000276336 3.75293e-21)
(0.000172852 0.000216564 7.66882e-21)
(0.00431318 0.00410478 -3.96589e-23)
(0.00434509 0.00412161 3.42398e-21)
(0.00446692 0.00428887 8.94219e-24)
(0.00432413 0.00409242 2.66833e-21)
(0.000688402 0.000346869 -1.7794e-21)
(0.00096546 0.000510066 -1.18781e-20)
(0.000760247 -2.12672e-05 4.0549e-21)
(0.000953564 0.000467169 3.35188e-21)
(0.000814214 0.000397949 0)
(0.000316014 0.000574998 8.16762e-22)
(0.00105244 0.000406851 -2.05902e-21)
(0.000264139 0.000285125 1.91541e-20)
(5.24524e-06 -1.64439e-05 -7.27556e-22)
(0.000767424 0.000368744 0)
(0.00103959 0.000253267 -2.50362e-20)
(4.26934e-05 1.06782e-05 -3.03091e-20)
(0.000415737 0.000747981 -7.64482e-21)
(0.000327853 0.00053863 -8.20848e-21)
(0.000377425 6.02231e-05 0)
(0.000180733 5.722e-05 -1.71739e-21)
(0.00107738 0.000300771 -1.04767e-21)
(3.85005e-05 2.57782e-06 1.00632e-20)
(9.7453e-05 4.30789e-05 -3.95997e-21)
(0.000115199 5.39368e-05 4.33343e-21)
(0.000381387 0.0004243 2.43979e-20)
(0.000900587 6.7899e-05 0)
(3.3191e-05 1.64283e-06 -2.98764e-20)
(0.000247216 0.00016613 -2.87384e-21)
(0.000740388 -0.000214781 -4.9699e-21)
(0.000684203 0.000399349 -1.12272e-20)
(0.000200698 0.000124347 3.58434e-21)
(3.11486e-05 1.13479e-05 0)
(0.000689694 0.000411414 -5.05295e-21)
(0.000193542 0.00017939 4.96695e-21)
(0.000117629 0.000370548 0)
(0.000513279 0.000319041 -1.67839e-20)
(4.1024e-05 -7.36283e-06 -1.09685e-20)
(0.000576907 -0.000148864 1.04392e-20)
(0.000741257 6.12162e-05 7.45851e-21)
(0.000716836 0.000385118 -7.81092e-22)
(0.000437032 -4.33918e-05 2.23147e-21)
(0.00426081 0.00406488 -2.60452e-22)
(0.00442017 0.0042213 -2.72795e-22)
(0.00428245 0.00408901 0)
(0.00473767 0.00465833 -1.31446e-21)
(0.00493934 0.004829 6.5253e-21)
(0.00477762 0.00468572 -7.00196e-21)
(0.00474987 0.00464915 -1.39224e-20)
(0.00449505 0.00486998 0)
(0.00426238 0.00348346 -7.01844e-21)
(0.00486353 0.00452882 1.47512e-20)
(0.00434916 0.00411788 0)
(0.0044891 0.00425213 -4.21367e-21)
(0.00432394 0.00409516 -3.51467e-21)
(0.00432 0.00411585 1.66244e-20)
(0.00447812 0.00426812 -2.55552e-20)
(0.00448616 0.00425452 6.93261e-21)
(0.00434062 0.00412986 -1.30782e-20)
(0.00432399 0.0040986 0)
(0.00434554 0.00412118 0)
(0.000445091 0.000341919 5.26924e-21)
(0.000999286 8.83088e-05 1.95704e-20)
(0.000955001 0.000254788 2.40491e-20)
(0.000403557 0.000385589 2.10369e-20)
(0.000287246 0.000641304 0)
(0.000755075 0.000327103 -4.83773e-21)
(0.000544719 2.82648e-06 -1.37784e-20)
(0.000129176 8.99604e-05 0)
(0.000723905 0.000543641 1.95442e-21)
(3.74588e-05 1.59553e-06 1.06211e-20)
(0.00098876 0.000168486 -3.73976e-21)
(0.000757304 7.31681e-05 0)
(0.000819037 0.000246454 0)
(0.000186433 0.000292446 0)
(0.000325722 0.000612037 1.57793e-20)
(0.000848812 0.000314571 -2.19756e-21)
(0.000836286 0.00026531 -6.97459e-21)
(0.000900069 0.000249143 0)
(0.00089781 0.000341912 2.78029e-21)
(0.00474812 0.00456246 0)
(0.00512652 0.00461829 7.37789e-21)
(0.00219816 0.00223351 -2.38934e-21)
(0.00450258 0.00499125 1.47259e-20)
(0.00473596 0.00466134 -1.14785e-21)
(0.00488339 0.00468758 -7.21539e-21)
(0.00466009 0.00467594 -8.59708e-22)
(0.00224651 0.00227018 9.06136e-23)
(0.00218523 0.0022103 2.3125e-21)
(0.00477399 0.00469119 -1.28517e-21)
(0.00493451 0.00484756 3.5455e-21)
(0.00502623 0.00471529 -1.31635e-20)
(0.0049453 0.00483538 -5.49432e-21)
(0.00474266 0.00465122 0)
(0.00482218 0.00464497 -1.117e-20)
(0.00477794 0.004684 0)
(0.00475064 0.00464844 -5.48429e-21)
(0.00477825 0.00468524 3.24879e-21)
(0.00474973 0.00464792 4.75405e-21)
(0.00494166 0.00483764 -3.18886e-21)
(0.00219219 0.00217054 4.46895e-21)
(0.00408149 0.0053199 0)
(0.00104852 0.00141682 0)
(0.00496663 0.00470411 0)
(0.00364054 0.00386366 8.19799e-21)
(0.00443238 0.00432226 -1.0712e-22)
(0.0049327 0.00485039 -2.12239e-21)
(0.00433687 0.00416025 -1.04045e-21)
(0.00429432 0.00418439 -4.44303e-22)
(0.00447615 0.00429705 -5.84468e-22)
(0.00477173 0.00469343 -2.2085e-21)
(0.00148705 0.00131165 0)
(0.00218966 0.00221498 1.69404e-21)
(0.00521078 0.00445529 2.09695e-20)
(0.00528772 0.00457567 -1.43379e-20)
(0.00447764 0.00427574 0)
(0.00188872 0.00179778 7.66994e-21)
(0.00492126 0.00452413 0)
(0.00224401 0.00226014 -9.75349e-22)
(0.00508383 0.00442515 -2.14817e-20)
(0.00150511 0.00140335 -7.18083e-21)
(0.00432103 0.00408939 0)
(0.00433821 0.00413982 -1.87139e-21)
(0.00218355 0.00220072 8.8982e-22)
(0.00491975 0.00453992 0)
(0.00219993 0.00228334 -9.87166e-22)
(0.00473386 0.00466384 1.13669e-21)
(0.00471138 0.00467362 -1.91171e-21)
(0.00324945 0.00278768 0)
(0.00446857 0.003846 -6.87168e-21)
(0.00432264 0.00409091 1.20036e-22)
(0.00432129 0.00409038 0)
(0.00427294 0.00398823 7.49075e-21)
(0.00382851 0.00368012 5.65059e-21)
(0.00431978 0.00408877 0)
(0.00218681 0.0022042 0)
(0.00432138 0.00408859 0)
(0.00218672 0.00219787 3.91024e-21)
(0.00391345 0.00384838 -1.5085e-20)
(0.00224747 0.00225651 3.76412e-21)
(0.00232509 0.00232394 -1.2962e-20)
(0.00494504 0.00483581 2.78933e-20)
(0.00446637 0.00430956 6.19903e-21)
(0.00400287 0.00395552 1.37971e-20)
(0.00428309 0.004057 0)
(0.0043438 0.00411369 -4.21143e-21)
(0.00448644 0.00425028 0)
(0.00434724 0.00411666 -1.66182e-21)
(0.00405125 0.00402559 0)
(0.00448535 0.00424943 3.71276e-21)
(0.00434674 0.00411588 3.81293e-21)
(0.00429665 0.00410114 -7.03841e-21)
(0.00448146 0.00424759 -4.09157e-21)
(0.00431973 0.00408762 0)
(0.00446908 0.00430151 1.23614e-20)
(0.00432101 0.00408786 -4.55925e-21)
(0.00431967 0.00408752 -5.20604e-21)
(0.00448316 0.00424854 0)
(0.00408938 0.00406012 -6.3274e-21)
(0.00430136 0.00411814 6.92604e-21)
(0.00432171 0.00409011 4.2936e-21)
(0.00447115 0.00428656 5.99165e-21)
(0.00432213 0.00408792 0)
(0.00412888 0.00406993 6.21454e-21)
(0.00434516 0.00411477 0)
(0.0043096 0.0041231 0)
(0.00434278 0.00411291 8.86278e-21)
(0.00448037 0.00424654 8.61619e-21)
(0.00417403 0.00407204 1.82386e-20)
(0.00432185 0.00408903 9.77868e-21)
(0.00447377 0.00427793 1.19141e-20)
(0.00422215 0.00407222 -5.92056e-21)
(0.00431255 0.00411595 6.61337e-21)
(0.00447994 0.00424556 4.53163e-21)
(0.00434226 0.00411216 -1.11579e-22)
(0.0043431 0.00411295 -2.6108e-21)
(0.00227236 0.00224751 1.20529e-22)
(0.00430803 0.0041189 -6.48546e-21)
(0.00448013 0.00424682 -2.60936e-21)
(0.00494433 0.00483479 0)
(0.00430914 0.00411056 -6.37261e-21)
(0.00434179 0.00411132 0)
(0.00431222 0.00410534 5.85375e-21)
(0.00220556 0.0021698 -1.62489e-20)
(0.0043132 0.00410907 -9.50692e-24)
(0.00430968 0.00410564 1.82633e-20)
(0.00447969 0.00424508 4.8639e-21)
(0.00431233 0.00410703 1.79283e-20)
(0.00221513 0.00219362 2.12951e-20)
(0.00475011 0.00464773 -1.97078e-20)
(0.00218804 0.00219464 2.87648e-21)
(0.00448018 0.00424841 7.98577e-21)
(0.00448072 0.00425017 0)
(0.00474837 0.00464705 -5.31645e-21)
(0.00432934 0.00412509 9.8885e-21)
(0.00477771 0.0046843 0)
(0.00433117 0.00412643 -5.10051e-21)
(0.00474858 0.00464725 5.12601e-21)
(0.0021929 0.00220157 0)
(0.00494422 0.00483507 0)
(0.00448007 0.00425106 1.16349e-20)
(0.004325 0.00410314 -4.33227e-21)
(0.00433308 0.00412681 -1.98935e-20)
(0.00431491 0.00410956 4.45804e-21)
(0.00432855 0.00412574 9.48169e-21)
(0.00448131 0.004253 -6.02868e-21)
(0.00220628 0.00218173 -8.8227e-21)
(0.00219151 0.00219447 -6.53287e-21)
(0.00447359 0.00426704 4.77253e-21)
(0.00221263 0.00219494 -4.7519e-21)
(0.00447161 0.00426537 -1.22835e-22)
(0.00447415 0.00426547 3.93167e-21)
(0.00432358 0.00409729 7.48859e-21)
(0.00447095 0.00426265 4.28593e-21)
(0.00447199 0.00426465 4.52262e-21)
(0.00225218 0.00225018 1.23006e-22)
(0.00447701 0.00426439 2.03053e-20)
(0.00447519 0.00426219 -1.21791e-22)
(0.00434807 0.00412495 -3.97548e-21)
(0.00447062 0.00426045 -4.24428e-21)
(0.00448931 0.00426098 -7.5483e-21)
(8.13949e-05 0.000472202 1.42224e-20)
(0.00110503 -4.91056e-06 0)
(0.00473641 0.00465987 -1.27643e-21)
(0.00496885 0.00478808 -6.66988e-21)
(0.00477776 0.00468573 -3.21001e-21)
(0.00474903 0.00464905 -9.77537e-21)
(3.44983e-05 -8.22584e-06 -1.02503e-20)
(0.000827728 8.18944e-05 -1.15658e-21)
(0.000392259 0.000512234 -1.061e-20)
(0.000812855 0.000489044 7.66957e-22)
(0.000300496 0.00069794 0)
(0.00124221 0.000203813 -2.10428e-21)
(0.000593955 0.000264462 -3.74746e-21)
(0.000806409 0.0001097 -2.81839e-21)
(0.000133747 0.000156546 -1.68313e-20)
(0.000292457 0.000410201 0)
(0.000710962 0.000492758 -9.19867e-25)
(0.000235967 0.000368414 7.63466e-21)
(0.000846345 1.95007e-05 -1.24345e-21)
(0.00130447 0.000545081 1.40105e-20)
(0.000185777 -0.00012602 1.14719e-21)
(0.000526922 0.000429405 2.2259e-20)
(4.31224e-05 3.06997e-06 2.35692e-20)
(0.00477963 0.00467866 3.79469e-21)
(0.00474488 0.00464806 -2.07756e-20)
(0.0047836 0.00467626 8.42497e-21)
(0.00437363 0.00357576 -1.35583e-20)
(0.00479899 0.00466913 1.05529e-20)
(0.00423135 0.00381985 7.73263e-21)
(0.00530436 0.00450787 0)
(0.00494411 0.00483504 -1.46141e-20)
(0.00494209 0.0048324 3.71146e-21)
(0.00493355 0.00484447 -4.65301e-21)
(0.00477375 0.00468836 3.04788e-21)
(0.00474179 0.00465288 7.12266e-21)
(0.00318194 0.00405872 8.24503e-21)
(0.000899719 0.000479408 0)
(0.000486204 6.43089e-05 2.58394e-21)
(0.000893728 0.000147025 0)
(1.97668e-05 8.98687e-07 0)
(4.45986e-05 -3.00567e-06 9.81099e-21)
(0.000674663 0.000339796 -3.43401e-21)
(2.81088e-05 3.6194e-06 3.46396e-20)
(0.000533178 0.000466772 1.97356e-21)
(0.00234447 0.0048635 4.6648e-21)
(3.90676e-05 -6.10859e-06 1.05151e-20)
(0.000820387 0.000217055 0)
(0.000439404 0.000490602 6.2004e-21)
(0.000186403 0.000136741 5.01257e-21)
(4.30077e-05 -9.81761e-07 -1.02485e-20)
(0.000173254 0.000558838 -1.49826e-20)
(0.000914879 6.18001e-05 -1.42691e-22)
(0.000198088 0.000588378 0)
(0.000309144 0.000798901 0)
(0.0043236 0.00408889 -2.94916e-21)
(0.0044663 0.00431299 6.49198e-21)
(0.00434451 0.0041186 7.09574e-21)
(0.00431693 0.00410864 -9.31802e-21)
(0.00337477 0.00376647 -7.45671e-21)
(0.00532803 0.00450982 -1.41584e-20)
(0.0042549 0.00390188 -3.66704e-20)
(0.00485355 0.00417678 2.29086e-21)
(0.00477351 0.00468859 -1.49899e-21)
(0.00493339 0.00484464 2.79494e-21)
(0.00480848 0.00466142 -5.49697e-21)
(0.00494446 0.00483539 1.51492e-20)
(0.00474159 0.00465288 -3.33188e-21)
(0.00494103 0.00483433 -3.55983e-21)
(0.0047835 0.004679 1.75168e-20)
(0.00474323 0.00464835 3.96636e-21)
(0.00477919 0.00468103 -3.73858e-21)
(0.000587471 0.000493234 5.55066e-21)
(0.000889439 2.77728e-05 0)
(0.000452378 0.000144345 1.3e-24)
(0.00114633 0.000805692 -7.62389e-21)
(0.000993669 0.000330422 3.03992e-21)
(0.00407992 0.00506454 -7.28997e-21)
(0.00441243 0.00364469 7.01124e-21)
(0.00501535 0.00454381 8.52882e-21)
(0.00490508 0.00452246 0)
(0.00448781 0.0042517 3.13641e-21)
(0.00434775 0.00411767 -1.54955e-21)
(0.00432507 0.00412267 -1.05346e-20)
(0.00447529 0.00426737 1.95112e-20)
(0.00434669 0.00412298 0)
(0.00432483 0.00410109 8.31094e-21)
(0.00432408 0.0040964 -1.31694e-22)
(0.00433953 0.00413454 1.24754e-22)
(0.0044879 0.00425737 0)
(0.000652882 0.000409621 0)
(0.000731673 2.70335e-05 5.20143e-21)
(0.00259386 0.00315392 -1.03716e-22)
(0.00208055 0.00242089 -1.63423e-22)
(0.00271139 0.0032814 -8.21913e-23)
(0.00262984 0.00318622 -9.1703e-23)
(0.00213051 0.0024857 -1.2528e-22)
(0.00207531 0.00242263 0)
(4.28968e-05 -3.46265e-06 -3.0591e-22)
(0.000180901 0.000104041 0)
(0.000303498 0.000660826 0)
(3.1202e-05 2.03108e-06 -3.96606e-20)
(0.000189478 0.000407129 3.11738e-20)
(0.000643093 0.000377136 -2.56987e-20)
(9.80458e-05 0.000865822 5.67585e-21)
(3.72407e-05 3.19984e-06 2.13378e-25)
(0.000737518 0.000528387 -3.54923e-21)
(5.05583e-06 9.67018e-05 -8.35373e-21)
(2.17697e-05 3.22704e-05 -6.85697e-21)
(0.000889445 0.000217571 -5.55399e-21)
(7.62152e-05 0.000645958 1.07565e-21)
(0.000752063 0.000327882 5.86157e-21)
(0.000414611 0.000151299 2.93783e-23)
(0.000722554 0.000444083 8.37646e-21)
(0.0011057 0.00016672 0)
(0.000101242 0.000483195 -6.26527e-21)
(0.000100155 -0.000132838 -1.01937e-21)
(0.000111034 0.000105867 -2.56074e-20)
(9.06856e-05 0.000126899 0)
(2.1695e-05 5.45928e-05 2.32743e-21)
(0.00478509 0.0048699 -8.54744e-24)
(0.00462916 0.00471412 6.25087e-23)
(0.000810083 3.3373e-05 -3.63268e-21)
(0.00333219 0.0032834 -1.62744e-20)
(3.4266e-05 -1.25014e-05 4.68199e-21)
(0.000475457 0.000158232 -1.34745e-20)
(0.00253518 0.00263438 2.93287e-20)
(2.17401e-05 -3.16312e-06 -5.40667e-21)
(0.000113827 0.000224187 -1.62585e-20)
(0.0044324 0.00437856 -5.75337e-22)
(0.00429388 0.00423917 -3.3253e-22)
(0.000258602 1.73292e-05 2.13134e-20)
(0.000144185 0.000133375 1.06695e-20)
(0.00170029 0.000469616 0)
(4.57361e-05 0.000120619 -2.42982e-21)
(0.00108705 0.000417045 0)
(6.75524e-05 0.000726574 0)
(0.000639771 0.000528655 1.87124e-21)
(3.59999e-05 4.52372e-06 -3.13312e-20)
(0.000273049 0.000492056 2.00009e-20)
(0.000449907 -0.000271665 2.71077e-20)
(0.000875338 -4.54995e-05 -4.11073e-20)
(3.93824e-05 4.94303e-06 -1.10538e-20)
(0.000106598 -5.39804e-05 8.87631e-21)
(0.000129579 0.000276993 0)
(0.0045984 0.00467864 3.35542e-22)
(0.00068536 0.000363884 -4.59965e-22)
(0.000939837 0.000403384 -1.12434e-20)
(0.000551627 0.000131915 -3.29615e-21)
(0.000647863 0.000384872 1.45996e-21)
(0.00016317 0.000354453 -4.41081e-20)
(0.00121048 0.000254233 1.36571e-20)
(5.61131e-05 -0.000362735 8.49447e-21)
(0.000134318 0.00014815 0)
(0.000590513 -5.35831e-05 -4.40546e-21)
(2.78137e-05 4.44062e-05 -2.36557e-21)
(0.000558057 0.000152924 2.25436e-20)
(5.08622e-05 -4.11641e-05 0)
(0.000860697 0.00011143 4.58416e-21)
(0.000258758 0.000453497 0)
(4.02373e-05 1.20503e-05 7.92741e-21)
(0.000542198 4.16812e-05 6.12177e-25)
(0.000320639 0.000522946 -1.01671e-20)
(0.00133244 0.000187617 0)
(0.000766684 0.000115212 -4.17648e-21)
(0.00101014 0.000476004 5.05871e-21)
(0.00258748 0.00257004 3.57468e-22)
(0.00257035 0.00256496 0)
(0.00264493 0.00263831 -6.93676e-22)
(7.0822e-05 -7.85065e-05 0)
(0.000867047 0.00016027 5.04693e-21)
(0.00405598 0.00435423 -2.58622e-20)
(0.000899161 0.000101974 7.49139e-22)
(2.95817e-05 0.000396551 -1.43851e-24)
(0.00141979 0.000637474 3.01198e-20)
(0.000714125 0.000272023 1.43517e-20)
(2.60161e-05 0.000532583 -6.51722e-21)
(0.000594456 0.000420686 -7.95346e-21)
(4.32755e-06 4.26255e-06 0)
(0.000644047 0.000468128 -4.00486e-21)
(2.55541e-05 -1.19136e-05 2.19793e-20)
(0.00339377 0.00392079 -2.66008e-20)
(2.47235e-05 6.98543e-05 4.34962e-21)
(0.000246621 0.000549891 -6.31189e-24)
(0.000893666 2.50101e-05 3.32371e-21)
(0.000441859 0.00135406 -2.98344e-22)
(0.000135537 9.24489e-05 0)
(0.000753655 0.000887687 -4.15036e-21)
(1.72381e-05 2.99741e-05 2.09263e-20)
(0.000644583 0.00111543 1.31924e-20)
(0.000136513 0.000569333 2.54995e-21)
(2.27348e-05 -1.08952e-05 -3.11397e-20)
(0.000147971 0.000464003 0)
(-0.000901542 0.000157026 -1.11896e-21)
(2.12177e-05 -3.3081e-07 1.29567e-20)
(0.000678876 0.0014989 2.55951e-21)
(0.000109393 0.000617121 9.67579e-22)
(0.0002167 0.000432558 -1.31783e-20)
(0.000985155 0.000564839 1.24093e-20)
(0.000458417 0.000231427 5.6483e-21)
(0.00208043 0.00279979 -1.14688e-20)
(0.000664816 0.000299963 3.38449e-21)
(1.74707e-05 2.74959e-05 5.63251e-21)
(0.000154374 0.000306192 -3.91133e-21)
(0.000502738 0.00112999 -8.27538e-21)
(3.27468e-05 0.00056962 0)
(0.000241993 0.000515179 0)
(1.96831e-05 8.5471e-06 -6.66162e-26)
(0.000917446 5.18483e-05 -3.45137e-21)
(0.000468497 0.000324291 -1.00956e-20)
(0.000651655 0.000412335 1.1609e-20)
(0.00086748 4.63778e-05 2.47587e-21)
(0.00151568 -0.000287893 0)
(0.000858316 0.000231683 2.56769e-22)
(0.00388357 0.0047641 8.50648e-21)
(3.5927e-05 0.000106452 -8.69689e-21)
(5.35075e-05 0.00015773 -8.93104e-21)
(0.000150724 0.000455886 0)
(-0.000640354 -0.000266921 0)
(0.000145336 0.000397355 1.89987e-20)
(0.000826566 0.000161633 -1.67937e-20)
(0.00197456 0.00241401 4.88361e-23)
(0.000357736 0.000600809 1.25429e-20)
(0.000942192 0.00190211 0)
(0.000295673 0.000615508 -2.77395e-20)
(0.00281751 0.0027535 1.85845e-20)
(0.000753518 0.000618729 9.49411e-21)
(0.00223802 0.00161401 0)
(0.000690503 0.00012896 -1.38835e-20)
(1.67321e-05 -1.4711e-05 -6.05611e-21)
(0.00118181 0.000823742 1.71971e-20)
(0.000694524 0.000297354 0)
(0.000684952 0.000476484 0)
(0.000773006 0.000271354 -1.28053e-20)
(0.00434527 0.00412946 8.49999e-22)
(0.00420437 0.00400036 -3.06513e-22)
(0.00418843 0.00398699 -6.11764e-22)
(0.00105979 0.000514828 -5.15552e-21)
(3.89114e-06 1.27938e-05 0)
(4.49603e-05 0.000100165 0)
(0.0011204 0.00262487 -1.46928e-21)
(4.55373e-05 -5.03947e-05 -5.66376e-21)
(0.00420378 0.00464904 8.26293e-21)
(0.000123944 0.000248708 7.88028e-21)
(2.83483e-05 -2.51595e-05 5.23587e-21)
(0.000522318 0.00028434 1.04876e-20)
(0.00113857 0.000405218 9.93758e-21)
(0.00120689 0.00210216 5.56735e-21)
(0.00365844 0.00462582 -2.33901e-20)
(0.000923623 0.000161151 -1.07064e-20)
(0.000178025 0.000713593 0)
(0.00244145 0.00198146 -1.29173e-20)
(0.00053142 0.000513405 -3.91464e-21)
(0.000902416 0.000131327 -1.20876e-21)
(0.000575224 0.00044547 9.65673e-21)
(0.000450462 0.00024168 -1.17265e-21)
(3.04496e-05 5.41697e-05 2.10931e-21)
(0.000918141 -5.89208e-05 0)
(0.000230779 0.000776418 2.8273e-21)
(0.000912091 0.000394958 0)
(3.17689e-05 -3.18848e-06 3.50582e-20)
(0.000538794 0.000227377 -8.80573e-21)
(6.45992e-05 -5.36917e-05 7.46898e-21)
(0.000122922 -0.000179187 1.11011e-21)
(0.000697424 6.22061e-05 0)
(3.75737e-05 -2.21338e-05 -9.17415e-21)
(0.000649034 0.000453293 -1.95568e-21)
(0.000575617 0.000471591 1.02524e-20)
(0.00311543 0.00389944 6.58418e-21)
(0.000416026 8.29216e-05 2.79915e-21)
(0.00105328 9.56361e-05 0)
(0.000125194 -9.04414e-05 -4.29174e-21)
(0.000617387 0.000376408 -3.83879e-21)
(0.00103491 0.000226694 7.0084e-21)
(0.000164579 0.000354297 1.78772e-20)
(6.95257e-06 7.77978e-05 8.41716e-21)
(0.000504472 0.000621461 1.24792e-20)
(0.00100608 7.56182e-05 -2.31195e-21)
(0.00100668 4.92738e-05 6.03847e-21)
(0.00103867 7.7645e-05 0)
(0.000364102 -4.67952e-05 5.44436e-26)
(0.000553848 0.000162982 0)
(0.000149735 0.000698401 -1.2898e-21)
(0.000918619 4.45473e-05 0)
(0.000367715 -0.000193004 -9.30452e-21)
(-5.86693e-05 0.00036278 -6.11069e-21)
(0.000849453 0.000184715 0)
(4.15015e-05 0.00075454 -1.1198e-21)
(0.000910778 0.000107444 -2.39716e-21)
(0.00400084 0.00409575 -3.34073e-22)
(0.00222141 0.00253065 -9.57672e-21)
(-0.000430145 0.000704746 -1.49716e-20)
(5.34205e-05 0.000201839 -2.12946e-20)
(0.000905037 0.000314814 -1.67599e-20)
(0.000674835 0.00048866 -5.14206e-21)
(-0.000226508 0.000497523 -3.76095e-21)
(0.000914359 0.000263327 1.62194e-20)
(0.000879721 0.000232516 6.839e-21)
(0.000418656 -0.000219309 0)
(0.00402248 0.00413023 0)
(0.00414989 0.00426707 2.99623e-22)
(0.000408474 0.000831647 -2.0357e-23)
(0.000621781 6.05114e-06 3.44961e-21)
(0.000736527 0.000113125 -2.62591e-20)
(0.00109642 8.34298e-05 -6.63918e-22)
(0.000731237 0.000273694 0)
(0.00281844 0.00234302 2.51455e-21)
(4.27985e-05 -3.04773e-05 1.19314e-21)
(1.30079e-05 1.12996e-05 2.24633e-21)
(0.00454588 0.00462607 -6.98433e-22)
(0.00071641 0.000336535 3.36601e-21)
(0.00105634 8.22551e-05 3.79809e-21)
(0.00457765 0.00465655 6.59343e-22)
(0.00473306 0.00481276 3.29966e-22)
(0.000967066 1.92514e-05 -1.02763e-24)
(0.000999534 0.00102083 8.49647e-21)
(0.000461233 0.000843034 -1.02947e-20)
(1.17178e-05 3.36728e-06 0)
(0.00355048 0.00427167 5.47505e-23)
(0.00124846 0.00279388 7.89548e-21)
(0.00208365 0.00165739 0)
(0.00214197 0.00169735 -1.27237e-22)
(0.0021059 0.0016921 -5.56098e-23)
(-6.5327e-05 0.00222704 2.64827e-22)
(2.43115e-05 1.51797e-05 -1.00481e-20)
(0.00090539 0.000142762 0)
(0.00179833 0.00173343 3.1615e-20)
(0.000951963 0.00265247 0)
(0.00212075 0.00212198 2.01951e-20)
(0.00266995 0.00228791 -8.62385e-21)
(-2.64035e-05 0.00378409 -1.127e-20)
(0.000676056 -0.000595606 -4.02815e-20)
(0.000779384 0.000165618 3.49906e-20)
(0.00277572 0.00454939 -1.22636e-20)
(0.000304979 0.000756423 -1.83706e-21)
(0.000658686 0.0004292 0)
(0.00186686 0.0011012 -1.48849e-20)
(8.62425e-05 0.000168362 0)
(0.00280252 0.0023305 2.16523e-20)
(0.00134924 0.00116203 -1.36964e-20)
(0.00329 0.00468001 0)
(0.000769051 0.000966444 1.45832e-20)
(9.71504e-05 -0.000373584 -1.3076e-21)
(0.00445116 0.00474451 1.89378e-23)
(0.00430833 0.00459242 1.50704e-22)
(0.000622311 0.000471151 -7.16375e-21)
(0.000977895 0.000556805 -7.50547e-21)
(0.000611501 0.000610175 -2.76702e-20)
(0.00264686 0.00326671 8.148e-21)
(0.0029293 0.00440082 8.22219e-22)
(6.32805e-05 0.000165468 0)
(0.00427403 0.0045605 1.37348e-22)
(0.00217343 0.0015718 4.85235e-20)
(0.00217149 0.0018999 0)
(8.50852e-05 0.000194704 1.16249e-20)
(0.000105003 0.000202156 0)
(0.000942806 0.00167482 -3.29686e-20)
(0.000649046 0.000469925 2.01262e-21)
(0.0026504 0.0019971 -2.60558e-20)
(0.00109813 0.000219588 0)
(0.00234086 0.00116153 1.53795e-20)
(0.00320292 0.00568563 0)
(0.00338361 0.00517802 -7.78391e-21)
(0.00232775 0.00227472 1.18317e-22)
(0.00240565 0.00234519 1.15778e-22)
(0.00232167 0.00227522 -1.78491e-22)
(0.000649481 0.00050553 0)
(0.000665559 0.000513862 4.35508e-21)
(0.00318263 0.00462857 6.13961e-21)
(0.00269302 0.00273292 1.25912e-20)
(0.00263232 0.00399565 1.6903e-20)
(0.00237225 0.00423992 2.23082e-20)
(0.00141578 0.00422073 0)
(0.00217557 0.00364908 7.76634e-21)
(0.000639372 0.0019196 1.69906e-20)
(0.00374718 0.00411983 4.91918e-23)
(0.00377569 0.0041322 0)
(0.00389986 0.00425087 -2.06972e-25)
(0.00292901 0.00285092 2.32882e-22)
(0.00296319 0.00286785 0)
(0.00307885 0.00296685 0)
(0.00016474 0.00349383 -8.71594e-21)
(0.00313034 0.00367863 -7.47997e-23)
(0.00314081 0.00368743 -3.53182e-23)
(0.0019212 0.000180374 4.00689e-21)
(0.00323883 0.00380354 -4.37807e-23)
(0.00168241 0.00203406 -1.15796e-21)
(0.00226479 0.00245939 2.83903e-22)
(0.00168934 0.00203546 -6.04202e-22)
(0.00227044 0.00245899 2.5374e-22)
(0.00175717 0.00210519 -6.37603e-22)
(0.00235032 0.00253358 2.34405e-22)
)
;

boundaryField
{
    back
    {
        type            empty;
    }
    front
    {
        type            empty;
    }
    ingreso
    {
        type            fixedValue;
        value           uniform (0.000970309 0 0);
    }
    salida
    {
        type            zeroGradient;
    }
    defaultFaces
    {
        type            noSlip;
    }
}


// ************************************************************************* //
