/*--------------------------------*- C++ -*----------------------------------*\
  =========                 |
  \\      /  F ield         | OpenFOAM: The Open Source CFD Toolbox
   \\    /   O peration     | Website:  https://openfoam.org
    \\  /    A nd           | Version:  8
     \\/     M anipulation  |
\*---------------------------------------------------------------------------*/
FoamFile
{
    version     2.0;
    format      ascii;
    class       surfaceScalarField;
    location    "7.4";
    object      phi;
}
// * * * * * * * * * * * * * * * * * * * * * * * * * * * * * * * * * * * * * //

dimensions      [0 3 -1 0 0 0 0];

internalField   nonuniform List<scalar> 
5897
(
4.47096e-10
-1.59796e-10
8.24035e-10
-1.11133e-09
-1.12227e-08
1.26082e-08
-1.23462e-08
1.09606e-08
9.52192e-09
-9.44341e-09
1.31179e-10
-2.09686e-10
1.59288e-10
-1.27716e-09
1.16722e-09
-4.93385e-11
1.24038e-08
-1.06672e-08
2.47731e-11
-1.76137e-09
-7.84244e-09
-2.68872e-09
6.54428e-09
3.98689e-09
-4.84636e-09
3.98577e-10
-6.36308e-10
5.08409e-09
1.34142e-08
7.2977e-09
1.19255e-10
-2.08311e-08
-8.72675e-09
1.89368e-09
-7.09019e-10
7.54209e-09
2.84772e-09
9.34095e-09
-9.93218e-09
-2.25649e-09
-1.38223e-11
6.61759e-10
-7.36264e-10
8.83274e-11
-1.43863e-09
8.99138e-09
1.80394e-09
1.76103e-08
8.26259e-10
-1.50933e-08
-3.34327e-09
1.36407e-08
7.99878e-10
-2.03684e-09
1.60088e-09
1.74575e-10
-3.51633e-10
-1.42383e-09
-1.94169e-08
1.51663e-08
1.17763e-08
-7.52575e-09
4.30815e-09
5.07228e-09
-5.68008e-09
-3.70036e-09
-1.10791e-10
5.38501e-10
1.23593e-10
-5.51303e-10
6.4731e-11
-3.85698e-10
-9.85923e-11
4.1956e-10
9.98353e-09
-2.56322e-09
-1.00696e-08
2.64929e-09
-1.65365e-08
1.98806e-08
-5.86133e-09
2.51715e-09
4.76178e-09
-9.33711e-09
-3.26712e-09
1.10066e-08
-4.36638e-09
-8.09986e-09
1.45969e-09
2.10785e-10
1.81435e-10
-1.85465e-08
1.81543e-08
6.91251e-09
-2.70514e-09
-9.90685e-09
5.69948e-09
-9.42476e-09
-7.07748e-09
5.62327e-09
1.0879e-08
-5.45948e-10
2.44545e-09
1.10012e-09
-2.99963e-09
-1.46161e-08
1.9748e-08
-9.80675e-09
4.67483e-09
2.71412e-10
-1.17898e-10
-2.12791e-10
5.92774e-11
-1.57036e-08
3.23328e-09
-6.9465e-09
-9.17949e-09
1.76019e-08
2.88828e-09
-1.13107e-08
-8.93616e-09
1.21195e-08
-1.47246e-08
1.15413e-08
-1.16621e-08
5.68964e-10
1.32743e-09
9.76568e-09
1.29824e-08
8.98934e-09
-5.78711e-10
-2.1393e-08
-9.44865e-09
-1.36236e-08
6.05648e-09
1.70158e-08
-8.63249e-09
4.48036e-10
8.18445e-09
4.0424e-09
-5.40811e-09
-3.24226e-09
4.60797e-09
1.74151e-08
-1.59097e-08
-7.29162e-09
5.78623e-09
5.84233e-09
-6.10192e-09
8.64349e-10
-6.0476e-10
9.3452e-09
-1.24206e-08
-8.9344e-09
1.20098e-08
-1.14467e-09
9.66334e-10
2.06298e-09
-1.88464e-09
4.19497e-10
-5.66749e-09
-2.03626e-10
5.45162e-09
2.76474e-09
-3.8274e-09
1.04194e-08
-2.32996e-09
3.60853e-09
-3.84156e-09
2.56299e-09
-1.49327e-08
1.63691e-08
-2.90558e-09
1.46917e-09
1.59007e-10
-1.85214e-09
-3.22104e-10
2.01524e-09
8.33335e-09
1.15436e-09
-1.73203e-09
-7.75567e-09
4.45198e-11
4.52431e-11
-8.97629e-11
-1.51795e-10
7.32233e-11
3.74522e-10
-2.9595e-10
-1.24662e-09
3.34283e-09
-1.88794e-08
1.67832e-08
-6.32689e-09
4.49347e-09
-4.96539e-10
-6.81527e-09
-2.19071e-08
5.48772e-09
2.32346e-08
1.75849e-09
-3.95233e-09
9.69262e-09
-7.49878e-09
6.80109e-09
-7.56194e-09
-1.92788e-09
-2.55488e-09
1.26295e-09
1.65299e-10
7.91671e-09
-8.08201e-09
5.9643e-10
7.1106e-09
-7.70703e-09
-9.29786e-09
2.40247e-11
9.27384e-09
5.73217e-10
-1.45279e-08
-1.28219e-10
1.40829e-08
8.35238e-09
-5.92077e-09
4.16114e-10
-9.76336e-09
9.84349e-12
9.75351e-09
-9.59285e-09
1.01778e-11
9.58268e-09
-9.31316e-09
6.74785e-12
9.30641e-09
1.09674e-08
-6.76739e-09
-4.19996e-09
-3.9457e-11
-1.71689e-08
1.7218e-08
-9.61222e-12
-3.90156e-11
-1.67539e-08
1.68018e-08
-8.84932e-12
-1.36382e-10
2.9132e-10
-1.27085e-09
1.11591e-09
6.29968e-10
6.08194e-09
-1.45117e-10
-6.56679e-09
-3.09782e-11
1.6515e-08
-2.49881e-12
-1.64815e-08
-9.29413e-09
5.28377e-13
9.29361e-09
4.66328e-10
-1.66804e-09
1.44568e-09
-2.43973e-10
-4.74735e-11
1.65205e-08
5.45581e-12
-1.64785e-08
1.58531e-08
-1.51005e-08
-1.25923e-09
5.06631e-10
-9.26315e-09
-2.60015e-12
9.26575e-09
1.59618e-09
-2.99824e-09
3.50545e-09
-2.1034e-09
3.21991e-10
1.64373e-08
-9.06194e-10
-1.51603e-09
4.7013e-10
2.64208e-09
-3.05937e-11
1.65054e-08
-1.34153e-11
-1.64614e-08
2.09685e-09
5.15577e-09
-4.27321e-09
-2.97941e-09
2.55558e-09
-2.32357e-09
1.92672e-09
-2.15872e-09
1.6661e-08
3.06276e-09
-3.35467e-09
6.01917e-10
-1.6184e-09
1.48281e-09
-9.2309e-09
-2.54335e-12
9.23344e-09
2.33261e-10
-1.64636e-08
1.6316e-08
-8.56819e-11
-3.50473e-09
-8.7095e-09
3.24901e-09
8.96522e-09
-2.13303e-11
1.64758e-08
-2.38113e-11
-1.64306e-08
-7.82192e-09
5.41521e-09
-4.22044e-09
6.62715e-09
-1.72163e-11
1.70801e-08
-2.90409e-11
-1.70339e-08
-1.68807e-11
1.66675e-08
-2.83195e-11
-1.66223e-08
-2.6813e-09
-1.00598e-08
4.9192e-09
-1.75489e-11
1.64459e-08
-2.46516e-11
-1.64037e-08
-9.19402e-09
-4.76893e-12
9.19878e-09
-1.65634e-08
-9.28265e-10
6.02552e-10
1.68891e-08
-9.64532e-09
-3.76578e-12
9.64908e-09
-9.47836e-09
-3.53556e-12
9.48189e-09
1.3916e-09
-1.68773e-11
1.64037e-08
-2.82529e-11
-1.63586e-08
-2.00318e-11
1.70352e-08
-2.21486e-11
-1.6993e-08
-1.96475e-11
1.66236e-08
-2.17481e-11
-1.65822e-08
2.94832e-09
3.69149e-09
-4.54296e-09
5.14923e-09
4.11506e-09
-6.31597e-09
-7.53769e-12
1.72992e-08
-7.18016e-11
-1.72198e-08
-9.86363e-12
1.68804e-08
-6.69405e-11
-1.68036e-08
-3.53711e-09
1.61258e-09
-1.46119e-08
1.923e-09
7.89026e-09
-2.64679e-09
-7.16647e-09
-1.29009e-08
3.71161e-09
-6.51434e-09
1.17168e-10
3.56149e-10
-4.17072e-10
-5.62453e-11
-9.15905e-12
-1.63166e-08
1.63601e-08
-3.43693e-11
-9.6083e-09
-1.07482e-12
9.60938e-09
-9.44216e-09
-1.04109e-12
9.44321e-09
-1.64144e-11
-1.69581e-08
1.70062e-08
-3.1681e-11
-1.61978e-11
-1.6547e-08
1.65946e-08
-3.14048e-11
6.50688e-11
-5.61002e-09
-2.81199e-10
5.82615e-09
-2.84574e-11
1.71989e-08
-1.71478e-08
-2.26301e-11
-2.78998e-11
1.67834e-08
-1.67335e-08
-2.19924e-11
7.18981e-09
1.15281e-08
-1.89852e-08
2.67297e-10
-8.69232e-09
-5.95356e-09
1.11412e-08
3.28154e-10
1.8052e-08
-1.7467e-08
-9.13129e-10
3.12489e-10
1.76108e-08
-1.70433e-08
-8.79987e-10
-9.57824e-09
-3.90021e-13
9.57863e-09
-9.41289e-09
-3.20492e-13
9.41321e-09
9.19509e-09
7.74717e-10
-6.28852e-10
6.12749e-09
-7.73726e-09
7.31312e-09
-5.70335e-09
-2.1899e-11
1.71709e-08
-1.7122e-08
-2.7031e-11
-2.13404e-11
1.67562e-08
-1.67083e-08
-2.65548e-11
3.6775e-09
-3.45033e-09
-4.87406e-10
2.60242e-10
5.02388e-10
2.1997e-09
-2.14456e-09
-5.57532e-10
-8.13896e-12
1.69409e-08
-2.00578e-11
-1.69127e-08
-9.20488e-12
1.65254e-08
-2.32073e-11
-1.6493e-08
-1.42288e-08
-4.51114e-09
1.58344e-08
-2.46716e-11
1.71461e-08
-1.70992e-08
-2.22844e-11
-2.41125e-11
1.6732e-08
-1.66861e-08
-2.18132e-11
4.436e-09
3.87944e-09
-3.16621e-09
-1.92662e-11
1.71232e-08
-1.70926e-08
-1.13085e-11
-1.88559e-11
1.67096e-08
-1.66796e-08
-1.11154e-11
-6.24283e-10
-4.74081e-10
3.17958e-10
7.80406e-10
-5.24938e-09
4.12425e-09
5.12327e-09
-3.99814e-09
1.0008e-09
-3.98328e-10
-5.80541e-10
-2.19279e-11
-1.95044e-11
1.69392e-08
2.31032e-11
-1.69428e-08
-1.65066e-11
1.64973e-08
-5.4996e-12
-1.64753e-08
-8.66461e-12
1.6233e-08
-2.10839e-11
-1.62033e-08
-9.05128e-09
-7.29904e-12
9.05858e-09
3.47693e-09
2.41607e-09
-3.2732e-09
-2.61979e-09
-2.08362e-11
1.71173e-08
-1.57265e-11
-1.70808e-08
-2.0391e-11
1.67038e-08
-1.53037e-11
-1.66681e-08
-1.02178e-08
-1.29059e-08
1.1901e-08
2.85065e-10
-3.02287e-09
-2.84727e-11
2.76628e-09
-9.49608e-09
-1.20993e-11
9.50818e-09
-9.33475e-09
-1.07821e-11
9.34553e-09
-9.80282e-09
-9.63187e-09
8.6499e-10
1.91862e-09
-2.28122e-09
9.15068e-09
-8.59676e-09
-1.24719e-09
6.93269e-10
-4.50433e-09
-4.14037e-09
4.95505e-09
3.68966e-09
2.56915e-09
4.94271e-10
-2.77836e-09
-4.06694e-11
-1.70104e-08
1.70228e-08
2.82715e-11
-1.83881e-11
-1.64664e-08
1.64911e-08
-6.32145e-12
5.05722e-10
-1.12028e-09
-1.4486e-08
-9.34534e-09
-2.01444e-09
1.94611e-09
-8.35943e-12
1.62124e-08
-1.34062e-11
-1.61906e-08
-9.50482e-09
9.52054e-09
-1.57192e-11
-9.35736e-09
9.32827e-09
2.90906e-11
-1.32664e-08
-3.51728e-09
-9.27533e-09
9.24435e-09
-9.01406e-09
-1.13533e-11
9.02541e-09
-9.80413e-10
8.07489e-10
4.56393e-10
-2.83468e-10
-4.07697e-09
-6.29992e-09
3.5072e-09
6.86969e-09
-9.34375e-09
-9.46579e-09
-2.07233e-13
9.466e-09
-9.31078e-09
1.1887e-12
9.30959e-09
8.57902e-09
1.5562e-09
-1.80187e-09
1.59401e-08
-1.57493e-08
3.11718e-10
-5.02549e-10
-1.52208e-11
1.621e-08
2.72509e-11
-1.6222e-08
-2.06887e-08
1.18132e-08
-9.31546e-09
-9.17767e-09
9.32198e-09
-1.4431e-10
-8.85954e-09
9.33478e-09
-4.75247e-10
7.3181e-10
1.72242e-09
-1.58924e-09
-1.79342e-08
5.37128e-09
-1.37564e-08
-1.74644e-08
5.12266e-09
-1.33218e-08
-1.68197e-08
4.93641e-09
-1.31633e-08
-7.20296e-12
1.63273e-08
-1.6288e-08
-3.2104e-11
-8.99264e-09
-1.98209e-12
8.99463e-09
9.98353e-09
-9.66154e-09
1.05101e-08
1.08704e-09
-2.4465e-09
-6.51835e-11
1.63435e-08
7.56643e-11
-1.6354e-08
-9.28069e-09
-9.4908e-09
2.02991e-11
9.4705e-09
-9.30702e-09
6.57395e-12
9.30044e-09
-4.23209e-11
1.80601e-09
-1.16178e-09
-1.03145e-11
1.63033e-08
-1.62711e-08
-2.19159e-11
-3.71705e-09
6.16942e-09
3.0316e-09
-5.48397e-09
1.63128e-08
-1.70021e-08
1.09973e-10
5.79278e-10
3.67445e-10
-1.67503e-10
-4.16445e-10
2.16503e-10
-9.6622e-12
1.69814e-08
-3.1081e-11
-1.69407e-08
-9.62783e-12
1.65691e-08
-3.08775e-11
-1.65286e-08
3.93763e-09
-5.76814e-10
3.16679e-10
-3.30136e-11
-9.47181e-09
2.54027e-11
-9.38276e-09
-9.79616e-09
9.78862e-09
-9.62267e-09
9.61281e-09
-9.24778e-09
-7.72028e-09
8.36272e-09
-6.42439e-10
-3.39788e-12
1.62816e-08
-1.6252e-08
-2.62344e-11
-2.15192e-11
-1.6998e-08
1.69865e-08
-5.69326e-11
-1.64168e-08
1.64991e-08
-9.05515e-09
3.76974e-11
9.01745e-09
1.3879e-10
1.61679e-08
-3.66605e-10
-2.67819e-11
6.64051e-11
1.04474e-10
-1.44097e-10
-9.66253e-09
-9.49524e-09
-2.2996e-09
3.98046e-09
8.30267e-09
6.24928e-10
1.46783e-09
-1.36095e-09
1.21909e-08
-1.30635e-08
2.78577e-09
-2.44873e-09
-7.63528e-09
7.29824e-09
-6.43337e-12
1.62613e-08
-2.38205e-11
-1.6231e-08
-3.12749e-10
-8.86492e-09
-8.5348e-09
-3.24739e-10
-9.20317e-09
9.75263e-09
-9.78109e-09
9.58313e-09
-9.61103e-09
-5.02821e-10
-1.59008e-08
1.60909e-08
-9.62833e-09
-9.46181e-09
-4.27521e-09
-8.72772e-09
8.04384e-09
4.95908e-09
-1.9222e-09
4.97989e-09
7.94887e-09
2.46534e-09
5.77472e-09
-5.83359e-09
-2.40647e-09
-9.75397e-09
9.73207e-09
-9.58447e-09
9.56313e-09
1.69432e-08
-1.68091e-08
-2.02072e-10
6.79828e-11
-3.67961e-09
7.6466e-09
-6.53542e-09
2.56843e-09
-5.7796e-10
-7.14232e-09
-9.16575e-09
1.00546e-11
9.15569e-09
4.15265e-09
-4.7119e-09
-8.13307e-09
-1.79511e-10
1.59144e-08
-1.68409e-08
1.66983e-08
-2.74074e-10
4.16669e-10
9.70539e-09
-9.73006e-09
9.53683e-09
-9.56094e-09
-1.69853e-10
1.48628e-10
1.21499e-09
-1.19377e-09
-9.59465e-09
-9.42909e-09
2.854e-10
-7.55651e-09
6.68918e-09
5.81932e-10
-2.78712e-10
1.78187e-08
3.49513e-10
-1.78895e-08
1.55498e-08
-1.22062e-08
-2.08118e-08
1.74682e-08
1.65321e-08
-1.20262e-08
-2.31675e-08
1.86616e-08
1.60609e-08
-1.16942e-08
-2.2592e-08
1.82253e-08
-1.65228e-08
-1.43255e-10
3.1403e-10
1.6352e-08
5.35181e-09
-7.31502e-09
-1.55611e-09
3.51932e-09
9.68817e-09
-9.70744e-09
9.52003e-09
-9.53888e-09
-1.51723e-08
1.56094e-08
-2.03897e-10
1.67687e-08
6.29215e-11
-5.04715e-11
-1.67812e-08
1.02441e-08
-9.91597e-09
1.00455e-08
-9.73306e-09
-9.47736e-09
1.15698e-08
-1.29717e-08
1.08793e-08
1.67504e-08
2.34276e-11
-5.13913e-12
-9.69133e-09
9.6705e-09
-9.52315e-09
9.50276e-09
3.83506e-10
-2.81231e-10
1.63432e-10
-9.58472e-11
-3.22294e-10
2.54709e-10
-2.30385e-11
1.70271e-08
-1.29652e-11
-1.69911e-08
-2.24105e-11
1.64906e-08
1.03334e-11
-1.64786e-08
-1.61914e-08
1.62261e-08
5.73971e-12
-4.04514e-11
-1.67343e-08
1.67346e-08
-2.28992e-11
2.25873e-11
1.24492e-13
2.19704e-11
-1.62135e-08
1.9152e-11
-2.99773e-12
2.49491e-10
3.06337e-10
-1.88383e-10
-1.62271e-08
1.624e-08
-3.41977e-12
-9.46908e-12
-1.67203e-08
1.67192e-08
-1.90506e-11
2.01097e-11
-6.90597e-09
7.15556e-09
2.53619e-09
-9.50422e-09
-9.34395e-09
-9.05995e-09
6.43517e-11
-1.78231e-08
-7.97378e-11
1.78385e-08
-2.32212e-09
8.08179e-09
-1.00349e-08
-1.62252e-08
1.62342e-08
-1.26849e-11
3.61912e-12
-1.66841e-08
1.6676e-08
-1.86241e-11
2.66818e-11
1.41243e-09
-1.21594e-09
-3.66342e-10
-1.62163e-08
1.62255e-08
-1.07528e-11
1.5168e-12
-1.66434e-08
1.66395e-08
-1.34183e-11
1.73664e-11
4.03319e-10
-2.27821e-10
1.62129e-08
-1.62115e-08
-1.66098e-11
1.52245e-11
1.66118e-08
-1.66162e-08
-1.92491e-11
2.36584e-11
2.11487e-08
-8.1466e-09
-1.97177e-11
-2.49401e-11
2.3976e-11
2.2823e-11
-8.50856e-12
1.56826e-08
-4.98786e-12
-1.56132e-08
-9.16646e-09
9.15925e-09
-1.61705e-08
1.61776e-08
-2.73453e-11
2.0203e-11
-1.65646e-08
1.65713e-08
-2.85652e-11
2.18693e-11
1.57868e-08
2.87901e-11
-1.33004e-10
-9.4853e-09
-9.32729e-09
-9.02242e-09
-1.61492e-08
1.61562e-08
-2.23112e-11
1.52914e-11
-1.65419e-08
1.6549e-08
-2.26921e-11
1.55809e-11
2.32716e-08
1.36482e-11
-2.34146e-09
-2.09438e-08
-1.15001e-08
2.22874e-08
-1.7231e-08
6.44364e-09
-1.34971e-08
2.26742e-08
-1.60232e-08
6.84607e-09
-1.31956e-08
2.2064e-08
-1.56624e-08
6.79398e-09
1.58531e-08
4.07063e-11
-1.07004e-10
-1.58811e-08
1.5902e-08
-3.01209e-11
9.17726e-12
-1.61237e-08
1.61355e-08
-2.26255e-11
1.07796e-11
-1.65163e-08
1.65286e-08
-2.29896e-11
1.06885e-11
9.13087e-09
-9.14119e-09
-1.61042e-08
1.61166e-08
-2.20064e-11
9.55274e-12
-1.64968e-08
1.65095e-08
-2.19532e-11
9.32809e-12
2.06464e-12
1.27548e-11
3.22525e-11
2.8637e-12
1.58869e-08
-1.58825e-08
7.07825e-12
-1.14457e-11
-2.12061e-09
-7.67511e-09
7.34699e-09
-1.60867e-08
1.60947e-08
-3.16133e-11
2.3616e-11
-1.64789e-08
1.64868e-08
-3.19418e-11
2.40675e-11
4.38994e-10
-1.59775e-08
1.58577e-08
-1.58565e-08
1.45777e-11
-1.58574e-11
-4.86133e-09
4.00665e-09
2.07353e-08
3.25303e-11
-6.05217e-11
-1.60206e-08
1.60599e-08
-3.96657e-11
3.62535e-13
-1.64106e-08
1.64506e-08
-4.03023e-11
3.41823e-13
1.58967e-08
4.62169e-12
6.62817e-13
-9.53147e-09
-9.3254e-09
-3.35376e-09
-2.35403e-10
1.38828e-10
-9.00786e-09
9.1065e-09
-9.1099e-09
-1.58197e-08
1.58303e-08
1.44754e-11
-2.50779e-11
-1.60053e-08
1.60461e-08
-2.53336e-11
-1.54343e-11
-1.63952e-08
1.64372e-08
-2.58218e-11
-1.61793e-11
1.62002e-08
-8.76474e-12
2.14957e-11
1.65959e-08
-8.87057e-12
2.47287e-11
9.46751e-12
8.51272e-12
2.46935e-11
7.9144e-12
-1.60042e-08
1.60261e-08
-2.3039e-11
1.09453e-12
-1.63947e-08
1.64171e-08
-2.30793e-11
7.32555e-13
-1.57788e-08
1.57979e-08
-1.26158e-12
-1.78134e-11
-1.5981e-08
1.60029e-08
-3.37927e-11
1.19117e-11
-1.6371e-08
1.63929e-08
-3.4157e-11
1.22595e-11
-1.57679e-08
1.57796e-08
1.53801e-11
-2.70692e-11
-9.08454e-09
9.07811e-09
1.58766e-08
-6.36975e-12
1.66786e-11
9.54322e-09
-9.55288e-09
9.37881e-09
-9.38844e-09
-1.59302e-08
1.5973e-08
-2.95395e-11
-1.32463e-11
-1.6318e-08
1.63614e-08
-3.02158e-11
-1.32216e-11
-1.65566e-09
1.54745e-09
8.33277e-09
-8.22456e-09
-1.57188e-08
1.5739e-08
9.78104e-12
-2.99973e-11
-9.12033e-09
-1.5928e-08
1.596e-08
-2.12087e-11
-1.07354e-11
-1.63155e-08
1.63481e-08
-2.14838e-11
-1.1112e-11
-2.40099e-09
1.13125e-09
-1.32581e-08
1.10192e-11
2.9616e-12
2.41021e-11
-7.85491e-13
-2.70091e-12
1.6874e-11
-5.75505e-10
5.95889e-10
-1.56759e-08
1.57003e-08
5.05801e-13
-2.49398e-11
-3.6588e-09
-2.18569e-09
2.84625e-09
-1.6204e-08
1.60246e-08
1.54649e-10
2.47918e-11
-1.58203e-08
1.56455e-08
1.53019e-10
2.18266e-11
-1.47802e-08
-7.04158e-09
7.37334e-09
1.44484e-08
1.68837e-09
-7.92936e-09
-6.28395e-10
6.86939e-09
1.58477e-08
-1.13304e-11
2.13179e-11
-1.56385e-08
1.56757e-08
-1.25102e-11
-2.47639e-11
-1.56126e-08
1.56472e-08
-6.15888e-12
-2.84942e-11
-9.02696e-09
-1.55809e-08
1.56288e-08
-2.33792e-11
-2.4546e-11
-1.51686e-09
-5.84975e-09
1.34721e-09
6.0194e-09
-1.55688e-08
1.5627e-08
-5.35909e-11
-4.61739e-12
3.4941e-11
-5.26058e-12
3.81018e-11
-6.78567e-12
-7.63399e-09
7.20174e-09
-5.82387e-12
2.59721e-11
8.71056e-09
-1.06147e-08
1.45124e-08
-1.82999e-08
-6.24722e-09
1.56109e-08
-1.57999e-08
3.15937e-11
-1.05418e-11
5.74379e-09
2.71787e-09
-5.97815e-09
-2.48352e-09
1.25931e-08
7.29913e-09
-5.37213e-09
-1.45201e-08
3.11509e-11
-2.70201e-12
3.2787e-11
-3.37913e-12
-1.04559e-09
-8.11604e-09
5.64869e-10
5.16592e-09
-1.40261e-08
1.6447e-08
-7.5868e-09
1.44116e-10
-1.70543e-10
-1.79651e-10
2.06077e-10
1.91244e-10
-8.99348e-10
8.3821e-11
-1.60504e-08
4.04749e-11
-1.07138e-11
-1.64412e-08
4.16097e-11
-1.10649e-11
-7.03613e-12
3.50643e-11
-1.66292e-10
1.17864e-10
-1.57409e-08
3.60056e-11
-1.39317e-11
2.87617e-11
3.73642e-12
2.9462e-11
3.25546e-12
4.40933e-10
-3.15659e-10
-2.77069e-10
-9.54511e-09
9.52207e-09
-9.3238e-09
9.30138e-09
1.40696e-09
-1.76167e-08
-7.92368e-10
-1.60164e-08
1.31851e-11
-2.14248e-12
-1.64061e-08
1.34062e-11
-2.47151e-12
3.99371e-10
-4.41299e-09
-8.32748e-10
-3.06079e-12
3.35183e-11
-1.81568e-08
1.07797e-10
1.81268e-08
-7.77284e-11
4.7926e-10
4.98455e-09
-1.42583e-08
8.79452e-09
1.20311e-09
-1.59752e-09
-5.06064e-09
5.45506e-09
-1.56993e-08
3.595e-11
-1.25564e-11
-1.77984e-08
1.96473e-11
-4.42733e-11
3.7199e-10
-4.22325e-10
2.48409e-11
6.52669e-12
2.5263e-11
6.47962e-12
-1.48346e-08
-6.88327e-10
1.87562e-08
-1.56625e-08
3.4392e-11
-1.03259e-11
2.95975e-12
2.6999e-11
3.0266e-11
-3.21665e-13
3.10414e-11
-4.86153e-13
7.79892e-09
-1.90121e-09
1.85008e-10
3.03212e-09
1.79315e-08
-1.59456e-08
2.22305e-11
-6.88829e-12
-1.63339e-08
2.30857e-11
-7.14439e-12
1.31574e-08
-1.3952e-08
-3.76541e-09
4.56009e-09
-1.5636e-08
3.61751e-11
-1.27722e-11
1.65488e-12
3.70953e-11
5.04947e-11
-6.17327e-12
5.18951e-11
-6.29254e-12
3.24582e-10
3.37513e-10
-4.12604e-10
7.45043e-09
-1.09865e-09
-1.14111e-09
-5.21068e-09
-1.56053e-08
2.87582e-11
-4.37623e-12
-5.40519e-09
4.00308e-09
-5.27981e-09
3.87623e-09
-5.01472e-09
3.74482e-09
3.07265e-10
-1.93916e-10
1.04299e-09
-1.15634e-09
-1.54376e-09
6.00104e-10
1.85545e-08
-1.60337e-09
6.34642e-10
1.90207e-08
-4.42205e-10
-1.06578e-09
2.72609e-10
1.23538e-09
2.96693e-12
3.67784e-11
2.76163e-11
1.59171e-11
2.84466e-11
1.59917e-11
-1.58849e-08
2.13626e-11
4.32356e-11
-1.62711e-08
2.37874e-11
4.32994e-11
1.78296e-09
-1.75808e-09
-7.42957e-10
7.18078e-10
-1.19857e-08
8.23102e-09
9.9948e-09
-9.11912e-09
-8.75688e-10
-8.21323e-09
7.67487e-09
-1.43135e-09
7.03393e-10
1.13729e-08
-1.06449e-08
-2.832e-10
1.20249e-10
-2.95171e-10
1.27351e-10
-4.94854e-11
-8.37864e-09
4.18023e-10
8.0101e-09
-1.55932e-08
1.91252e-11
5.27742e-12
-2.0196e-11
5.01812e-11
-1.93004e-11
4.87391e-11
1.3915e-08
-2.24238e-08
3.89085e-09
4.61801e-09
1.35801e-08
-2.187e-08
3.81671e-09
4.4732e-09
1.19684e-08
-1.66298e-08
1.14608e-10
4.54683e-09
-8.80175e-10
2.52743e-10
1.12611e-09
-4.98676e-10
-2.59306e-11
4.90174e-11
-2.51576e-11
4.78972e-11
-2.44162e-11
4.85828e-11
-2.39255e-11
4.76449e-11
-1.79042e-11
4.18915e-11
-1.74141e-11
4.09133e-11
-1.21984e-11
3.69382e-11
-1.1953e-11
3.61247e-11
7.8665e-12
2.98927e-11
2.52521e-11
1.66896e-11
2.60495e-11
1.64593e-11
1.67621e-08
-1.12424e-08
7.15024e-09
-1.26699e-08
1.63425e-08
-1.09753e-08
6.99873e-09
-1.23659e-08
-1.17379e-08
-1.16083e-08
-1.13097e-08
-3.29608e-09
-2.24051e-08
2.72967e-08
-1.59549e-09
5.14303e-11
-2.81112e-11
5.02768e-11
-2.81726e-11
-1.81395e-08
6.57193e-09
1.49837e-08
-3.41614e-09
2.71902e-09
8.64784e-09
-6.8283e-09
-4.53856e-09
1.42689e-09
-1.18886e-09
3.86893e-10
3.77548e-11
7.32511e-12
3.83749e-11
7.64209e-12
3.8318e-10
5.38839e-10
-5.97436e-10
1.57005e-08
-1.69471e-08
1.49238e-08
7.76642e-10
1.48419e-10
1.74146e-09
-2.88998e-10
9.40356e-12
7.33121e-12
2.40189e-11
1.84487e-13
1.11486e-11
2.86366e-11
-3.84609e-09
3.81543e-09
-7.2179e-09
7.24856e-09
-8.05673e-09
-1.51725e-10
-1.58642e-09
9.79487e-09
-5.90851e-09
2.5681e-09
6.05944e-09
-1.90609e-08
-4.96631e-09
-1.85866e-08
-4.82711e-09
-3.3151e-11
4.3921e-11
-2.02485e-11
3.55829e-11
-4.78339e-09
7.06116e-09
-6.64416e-09
4.24626e-11
1.4883e-11
4.3947e-11
1.50929e-11
-2.4165e-11
3.46846e-11
-1.83497e-08
1.84298e-08
1.32681e-09
3.17904e-11
-2.25158e-11
-1.61025e-09
2.53153e-09
1.39408e-09
-2.31536e-09
-1.17924e-11
2.44987e-09
7.90813e-10
7.33488e-10
-1.15957e-09
-3.64729e-10
5.29025e-10
-5.22905e-10
-4.32787e-10
4.26667e-10
1.19645e-09
-1.46672e-09
-2.47265e-09
2.74292e-09
-1.05701e-08
-2.40347e-09
-4.27297e-09
-7.15173e-09
4.63065e-09
6.79405e-09
-8.21822e-09
1.31433e-11
2.87672e-11
-1.76547e-08
9.6642e-11
1.01205e-09
-4.7746e-09
-6.12791e-10
4.37534e-09
1.03592e-08
-2.60544e-09
-9.54568e-09
1.79187e-09
-4.93989e-09
6.67633e-09
1.72764e-08
-1.90128e-08
-2.90132e-10
3.75112e-10
2.52532e-10
3.42752e-10
1.79645e-08
-1.81258e-08
-7.24577e-10
8.67655e-10
-7.69959e-09
2.55032e-11
1.94832e-11
2.7075e-11
1.87857e-11
-7.86917e-09
-1.6947e-10
-1.80854e-11
-1.64129e-08
1.76992e-08
-2.98075e-09
1.69442e-09
3.48746e-10
-4.86341e-09
3.77641e-09
7.38253e-10
-1.55927e-08
-9.61525e-11
1.55678e-08
1.21077e-10
-7.72199e-09
-5.34202e-09
5.68332e-09
7.38069e-09
-1.74464e-09
1.0355e-09
-1.71033e-10
-1.66419e-09
-2.35975e-10
1.55519e-10
2.08094e-09
-1.80497e-08
-1.64789e-09
2.27596e-09
-7.25109e-09
-3.74672e-10
5.3498e-09
-1.20797e-11
1.72399e-08
-1.10864e-11
1.6823e-08
2.14735e-11
1.41991e-11
-1.12206e-08
-4.67964e-09
2.99932e-09
-4.29018e-09
7.08628e-09
-7.06907e-09
2.72193e-11
4.78141e-11
2.86435e-11
4.83458e-11
4.32611e-11
1.24498e-09
-8.32069e-09
-1.32476e-09
8.39826e-09
-4.2531e-09
7.12172e-09
-7.1588e-09
-7.65783e-12
1.65198e-08
-1.65286e-09
2.56583e-11
1.65189e-08
-3.56549e-09
5.37047e-09
1.1693e-08
-1.34979e-08
9.62296e-09
6.24125e-10
-7.97113e-09
-1.82606e-11
1.64946e-08
-3.04513e-11
1.71068e-08
-2.96885e-11
1.66936e-08
-1.12792e-08
-3.32102e-09
1.10347e-08
2.73812e-09
8.70344e-10
-2.41201e-09
-2.47128e-11
1.66473e-08
-2.5196e-11
1.70593e-08
-2.22025e-11
1.64655e-08
-2.04987e-11
1.66148e-08
-2.06483e-11
1.70265e-08
5.2328e-09
-4.78776e-09
7.58066e-10
-2.98449e-11
1.65445e-08
-2.95928e-11
1.69584e-08
-9.92141e-12
1.65085e-08
1.84403e-12
1.69372e-08
-2.12819e-12
1.64998e-08
4.58359e-11
1.69972e-08
-2.46406e-11
1.64258e-08
-4.09951e-09
6.67266e-09
-6.82625e-09
4.37838e-11
-4.15579e-10
-5.20917e-10
-2.87842e-10
4.82718e-10
3.26041e-10
-1.6542e-09
1.08474e-08
-1.06245e-08
-2.77908e-11
1.63831e-08
3.32314e-10
-1.20451e-10
5.95487e-11
3.81767e-09
1.23361e-09
-4.03923e-09
-1.79157e-08
9.46825e-11
-1.52713e-08
-4.12471e-10
1.54051e-08
-1.88792e-08
-1.09476e-09
-1.84079e-08
-1.05871e-09
1.20555e-10
-8.88851e-09
9.20993e-09
-4.41969e-10
1.51117e-09
8.06231e-09
-1.00635e-08
1.21193e-08
9.48516e-09
-1.1541e-08
1.95706e-10
-3.04179e-10
-1.21724e-10
2.30197e-10
-1.72874e-11
1.6243e-08
-2.09091e-11
1.62219e-08
-3.64126e-12
1.62116e-08
7.5987e-11
-1.6583e-09
2.89848e-10
1.29246e-09
-1.37826e-10
1.63158e-08
9.80321e-11
1.62832e-08
1.29827e-08
-1.28331e-08
-7.86213e-09
7.71251e-09
8.98692e-09
9.49139e-09
-6.35885e-09
1.04876e-08
-1.06807e-08
8.96492e-10
-3.22225e-10
1.84488e-10
-7.99431e-09
-2.29938e-09
2.08852e-09
8.20517e-09
8.06358e-09
-1.02585e-08
9.97091e-09
-7.776e-09
-7.78844e-09
9.75179e-12
9.50904e-10
4.55764e-11
-1.00623e-09
-2.55498e-09
1.68365e-09
2.74572e-09
-1.8744e-09
-6.96475e-09
1.79607e-09
3.20099e-11
5.13667e-09
3.27559e-09
-3.046e-09
-3.28409e-09
3.05449e-09
-2.12134e-08
1.83753e-08
2.83808e-09
6.3279e-09
3.80823e-09
-3.08837e-09
-7.04776e-09
-1.72092e-09
-1.7539e-08
1.80007e-08
2.11911e-10
3.08818e-09
1.8022e-09
-1.63103e-09
-3.25934e-09
8.35409e-09
6.4025e-09
-1.05077e-08
-9.41783e-09
7.602e-09
1.23235e-08
2.11924e-09
-1.32422e-08
2.45002e-10
1.20601e-10
-1.53692e-10
8.26371e-09
-8.87108e-09
1.57737e-08
-7.11991e-09
6.66641e-09
5.80865e-09
-5.35515e-09
2.79945e-10
-7.80164e-09
-4.60272e-10
7.98197e-09
-9.48876e-09
1.8055e-09
-2.30862e-09
9.99187e-09
-4.7082e-10
7.68687e-09
-7.85256e-09
6.36513e-10
-1.20573e-10
5.79902e-09
-7.3518e-09
-6.16921e-09
-1.00273e-08
9.82524e-09
5.04175e-09
-4.39596e-09
-4.74529e-09
2.78636e-10
-6.3823e-10
5.43921e-10
-1.84328e-10
-1.79542e-08
1.00712e-09
3.22997e-09
-4.20587e-10
-4.1369e-09
1.32752e-09
1.96464e-09
-2.00444e-09
8.40173e-10
-8.00375e-10
-1.26369e-08
1.69877e-08
-9.8073e-09
5.45654e-09
1.9393e-10
4.16353e-10
7.07106e-09
-7.68134e-09
-1.72825e-09
5.54112e-09
2.18725e-09
-6.00012e-09
4.01111e-09
2.80946e-09
-3.16344e-09
-3.65713e-09
8.07676e-10
3.88448e-09
-8.74482e-10
-3.37385e-09
-8.64855e-09
2.53364e-09
4.21404e-11
-1.79604e-08
-1.06943e-10
1.59823e-10
-5.28791e-11
6.38112e-11
-2.95275e-11
-3.32958e-09
-3.57095e-10
4.24069e-10
3.2626e-09
2.54682e-09
-1.35587e-08
1.58708e-09
-1.79896e-08
2.62143e-10
-1.82331e-08
-1.85915e-10
-5.52832e-10
-1.13389e-08
1.14382e-08
4.53509e-10
-7.5977e-10
4.35753e-10
6.02653e-10
8.00521e-09
-4.32437e-10
6.30006e-10
-8.20278e-09
1.2985e-09
-1.14012e-09
1.80627e-09
7.89528e-10
3.80275e-09
-7.05564e-09
2.46336e-09
-2.2212e-10
2.52147e-10
-3.00272e-11
-9.68484e-11
1.44753e-10
3.27208e-10
-2.37529e-09
-1.78994e-09
-2.02817e-09
9.97154e-11
-1.46306e-09
-6.137e-10
5.16494e-09
-4.22922e-09
8.64297e-09
-1.15337e-08
-4.15407e-10
6.03735e-10
-3.66271e-10
1.77942e-10
-8.33761e-09
8.03614e-09
7.74188e-10
-4.72717e-10
-5.88252e-10
-1.11825e-09
-9.46467e-09
-1.19238e-09
1.24626e-08
9.26994e-09
-9.54401e-09
-3.34785e-10
-7.3622e-10
2.03015e-10
-1.05025e-10
-4.70339e-10
-3.33158e-10
-7.70696e-09
6.49799e-10
8.98214e-11
2.62025e-11
-8.52243e-10
-1.30586e-08
7.28436e-09
4.87486e-09
-4.25887e-09
9.77562e-09
-1.03916e-08
-2.47227e-08
1.79074e-08
-1.06797e-09
2.52526e-09
5.87967e-09
-7.33696e-09
-5.85027e-11
-4.84407e-11
-7.42496e-09
9.64893e-09
-2.22396e-09
-6.15035e-10
7.23068e-10
9.54368e-10
-1.0624e-09
-7.85646e-09
7.90587e-09
-1.7995e-10
1.30546e-10
2.22278e-09
2.73164e-09
-2.28284e-09
-2.67158e-09
-7.04023e-10
1.09802e-08
-6.82044e-10
-9.59415e-09
-1.04724e-09
9.25912e-10
-4.93711e-10
1.21296e-09
-1.94599e-09
5.04803e-09
-4.7568e-09
8.16869e-09
-8.45992e-09
-3.00368e-09
1.03475e-08
-7.34387e-09
-4.24004e-10
1.51736e-09
3.7341e-10
-1.46677e-09
-7.87441e-09
-1.3368e-09
1.21689e-09
1.77375e-09
-1.93086e-09
-7.88614e-11
-1.84236e-08
-2.67453e-10
-1.88968e-08
-2.7766e-10
3.96055e-09
4.22044e-09
-4.06594e-09
1.3482e-09
-1.24115e-08
1.31825e-08
-7.85831e-09
4.00252e-10
8.75909e-09
-7.06078e-09
-8.25885e-09
6.56054e-09
-6.70011e-11
7.7737e-10
-4.96536e-10
-2.13834e-10
3.46711e-09
-1.24333e-09
5.14344e-10
3.82474e-09
-3.97562e-09
6.61363e-09
-6.46275e-09
6.06405e-09
-7.30572e-09
-8.69051e-09
5.15182e-10
-1.84462e-08
1.83343e-08
9.04054e-10
-9.85891e-10
8.04905e-10
-3.29373e-10
-7.94171e-09
8.10161e-09
2.74846e-09
-2.18877e-09
5.9914e-10
2.45997e-09
3.71645e-10
3.455e-09
-1.60386e-09
-4.52022e-10
-1.63028e-09
2.84204e-09
-2.94385e-09
2.34834e-09
-2.24653e-09
1.56426e-09
3.84521e-11
-3.18118e-09
4.25735e-09
-3.02686e-09
1.95069e-09
4.86921e-10
2.58235e-10
-2.01234e-10
4.26951e-10
7.24183e-09
-8.12883e-09
3.74317e-10
2.8781e-09
1.94359e-09
-1.35457e-09
-3.47984e-10
2.5475e-10
3.16915e-09
-3.07592e-09
-9.80844e-10
7.75923e-10
-1.98385e-09
-7.89351e-09
-5.64696e-10
4.30426e-09
1.03362e-09
-1.09894e-09
-4.23893e-09
5.00443e-10
-2.97547e-09
2.30778e-09
1.67247e-10
4.73162e-10
-3.84907e-10
6.13135e-10
-7.0139e-10
-4.50784e-09
4.68367e-09
4.40846e-10
5.45082e-09
-2.08891e-09
6.49303e-11
6.4356e-09
-1.26774e-09
3.37507e-10
-7.87894e-09
-3.5207e-10
1.88606e-09
2.02814e-09
-3.07403e-09
-8.27707e-09
-1.0892e-09
-2.01867e-09
-1.25275e-08
7.99682e-09
1.35157e-09
4.55639e-10
1.07736e-08
-1.27156e-08
1.3892e-09
-1.26025e-09
3.2456e-09
-2.33333e-09
-6.90118e-09
7.21056e-09
5.48965e-09
-2.63388e-09
2.34498e-10
-6.04318e-09
-4.54992e-09
1.03586e-08
-8.17977e-10
2.61222e-10
-2.07118e-09
1.98897e-09
-1.79675e-08
-9.79838e-10
8.96573e-09
1.37061e-09
-1.44311e-09
1.0526e-08
1.69072e-09
-7.68903e-09
7.39504e-09
8.46797e-10
-3.3687e-09
-8.56739e-09
-4.32086e-11
3.88071e-10
8.22253e-09
7.11623e-10
4.63381e-10
-7.27907e-10
-2.19009e-10
-2.07341e-09
-6.83047e-10
1.82103e-09
-1.77698e-09
2.70167e-09
-8.45855e-10
1.17699e-10
8.50429e-10
-6.97554e-10
-5.51203e-10
-7.62346e-09
-1.51276e-09
1.02018e-09
-3.85379e-10
4.07613e-10
1.70018e-09
-1.01311e-08
7.3205e-10
7.91603e-09
1.48303e-09
9.0553e-09
-4.15658e-09
-9.12794e-09
2.85088e-10
-5.18071e-11
1.96642e-09
-6.98283e-10
-1.41841e-10
4.24717e-10
2.88018e-09
1.30781e-10
-8.86188e-09
-3.76497e-09
1.19228e-08
5.35959e-09
3.69962e-09
1.63013e-10
5.72727e-10
-8.02741e-10
-9.51325e-09
8.41827e-09
9.85407e-09
-6.27617e-09
-2.28033e-09
2.17576e-09
6.38075e-09
9.28458e-09
-9.07824e-10
-7.04163e-10
4.26543e-12
-1.45957e-10
-7.72438e-09
1.47865e-10
3.78361e-09
1.00061e-10
-4.44862e-09
-5.02011e-09
4.6436e-09
4.82514e-09
8.41001e-09
1.41623e-10
-5.21307e-11
-8.94925e-11
-1.08031e-10
2.63715e-10
-6.10085e-10
-1.14156e-09
7.04409e-10
-6.98846e-09
-2.70005e-09
7.62369e-09
2.06482e-09
-2.59618e-09
4.70808e-09
8.25026e-10
-2.93692e-09
2.3429e-10
-2.64469e-10
2.62438e-10
-2.3226e-10
-1.2834e-08
1.05271e-08
2.03311e-10
2.10357e-09
-1.76138e-08
1.75598e-08
8.74517e-10
-4.89361e-10
4.31552e-10
-8.16707e-10
3.07817e-09
-8.83088e-09
-7.0813e-09
1.22057e-09
4.68101e-09
-4.95929e-09
-9.42283e-10
7.61452e-10
-6.75748e-10
-6.15052e-10
5.29348e-10
-6.77479e-09
-4.66228e-09
2.51004e-10
-9.11817e-11
-3.70359e-10
2.50682e-10
5.92839e-10
-5.2436e-10
7.06243e-10
9.1027e-09
-9.46693e-10
8.86379e-09
7.71543e-09
1.19157e-09
-8.08609e-09
-8.20911e-10
-1.43025e-09
3.67511e-09
1.97559e-09
-6.05392e-09
5.18513e-09
-5.43429e-11
1.95966e-10
-2.91338e-09
7.1226e-10
3.04791e-09
3.83217e-10
2.18489e-11
-4.05066e-10
7.09802e-09
-6.9548e-09
3.99619e-09
-4.68807e-10
7.93899e-09
-4.38605e-10
-7.93282e-09
1.79629e-10
-1.0037e-10
-2.63331e-10
1.84072e-10
1.81833e-09
1.24617e-09
-1.10179e-09
-1.44379e-10
-5.12215e-09
5.6586e-09
-5.36453e-10
-7.93553e-10
1.10722e-10
3.50739e-09
-2.82456e-09
-8.3023e-11
-1.38466e-09
6.03265e-09
2.1531e-09
2.91734e-10
1.58371e-09
-1.12275e-08
9.87845e-10
1.15879e-08
-1.79657e-08
-3.59089e-11
4.12432e-11
-1.28698e-09
5.30971e-09
-5.75098e-09
-4.32248e-10
-1.57942e-10
-7.1342e-09
-1.23238e-09
-7.15836e-09
7.39286e-09
-1.46315e-09
1.36804e-09
2.41719e-10
-1.46601e-10
-8.29298e-09
-3.0366e-09
4.26881e-09
-8.15552e-10
6.03e-10
9.56924e-09
-4.74827e-09
-3.73877e-10
4.12001e-09
4.48954e-09
-4.78482e-09
-3.07672e-09
2.58169e-10
2.81855e-09
1.06904e-09
-7.60684e-09
1.62039e-09
1.56417e-09
-3.95032e-09
4.34969e-09
-6.42746e-09
-9.97505e-10
1.39887e-08
-8.73264e-09
-1.29806e-08
7.72456e-09
-1.16993e-08
7.09108e-09
5.69807e-09
-8.39588e-09
8.08466e-09
-5.38685e-09
-8.9282e-09
8.42727e-09
-5.00184e-09
5.50277e-09
1.44367e-10
-7.21007e-10
-2.50396e-10
7.23975e-10
2.47428e-10
-1.84366e-09
1.85309e-09
-1.14956e-09
-2.33826e-09
-7.38456e-10
-1.08378e-08
8.16954e-09
1.13059e-08
-1.87948e-09
2.03369e-09
-1.54216e-10
9.65144e-09
-3.93465e-09
-8.32223e-09
-1.42075e-09
1.56917e-09
8.18957e-10
-7.9958e-09
-1.68504e-09
-1.19858e-09
-2.19427e-09
-1.72047e-09
-4.60816e-09
6.38873e-09
7.57554e-09
9.85239e-10
1.38078e-09
-5.6001e-10
2.48507e-10
8.87859e-09
1.16073e-10
7.09554e-10
-4.82571e-11
4.71831e-10
-8.86136e-11
7.37331e-10
1.01486e-09
-1.07097e-09
5.61074e-11
-5.82139e-09
-7.01298e-09
5.93318e-09
8.21356e-09
-3.96185e-10
1.24746e-10
-7.94212e-09
2.29062e-09
2.51415e-09
-1.34978e-09
3.81578e-10
1.25763e-10
-3.40122e-10
-1.6722e-10
-2.27715e-09
5.94443e-09
1.63544e-09
3.49038e-09
-1.14211e-09
1.58844e-09
2.98105e-09
1.96798e-10
2.03212e-09
-9.14271e-09
2.2361e-08
1.95878e-10
7.11483e-10
-2.95655e-10
-7.44526e-10
3.28698e-10
1.03986e-09
7.96669e-09
-7.61989e-09
-1.38667e-09
4.33452e-09
-3.87914e-09
3.58703e-09
-2.11124e-09
-4.02764e-09
-2.34697e-09
2.19172e-09
-2.78861e-09
1.17464e-09
-1.20992e-09
9.58726e-09
3.82109e-09
-5.03691e-09
-8.37145e-09
3.66091e-10
-5.12987e-11
-3.14792e-10
3.04284e-10
-8.62317e-09
6.85011e-10
-8.45304e-09
7.72482e-09
-9.4764e-10
-8.67328e-09
-2.93215e-09
4.49335e-09
-4.15738e-09
-4.29827e-09
6.11673e-09
7.53823e-09
4.76422e-09
-3.22038e-10
6.32037e-10
5.14287e-10
-5.42589e-10
-7.15909e-09
7.19635e-09
-4.01287e-09
-4.30822e-10
-9.78811e-11
5.28703e-10
-4.16026e-10
-3.5343e-09
2.57729e-09
4.70143e-10
-4.84725e-10
-3.5144e-10
1.24384e-10
7.11781e-10
-7.6886e-10
-3.64693e-09
8.39536e-09
3.19818e-09
-3.57482e-09
3.65223e-09
-3.04564e-10
8.91988e-10
-5.89593e-10
-1.9208e-09
-1.38194e-09
-8.17898e-09
8.20378e-09
1.35714e-09
-1.13789e-09
-3.08856e-09
1.40608e-09
2.82037e-09
3.69117e-10
6.27615e-09
9.56888e-10
-8.84572e-10
1.88905e-10
-1.51305e-10
7.62002e-09
-9.53792e-10
-7.78957e-09
1.12333e-09
-8.3175e-09
1.12709e-09
7.87541e-09
4.1249e-10
4.71203e-09
-3.95173e-10
3.941e-09
2.33385e-09
-5.90035e-09
7.24833e-09
-1.97579e-09
6.27815e-10
3.10621e-09
-3.30406e-09
7.44073e-09
-7.24288e-09
8.94623e-09
1.15124e-10
-8.47789e-10
-8.69302e-11
3.08802e-09
9.43755e-10
4.63367e-09
-9.66094e-09
1.07196e-08
2.01951e-09
-9.56189e-09
5.55522e-09
-1.84255e-08
-6.50972e-11
-1.88991e-08
-6.9443e-11
4.06321e-09
-1.88105e-09
4.52264e-09
7.2111e-09
-4.61202e-09
-3.46555e-09
3.25172e-09
9.80109e-09
3.86521e-09
8.50883e-09
-3.73108e-09
-1.79638e-08
2.37233e-11
-7.29248e-10
5.55727e-09
-4.76309e-09
3.4178e-09
-4.00419e-09
-2.36754e-09
2.95393e-09
-7.50662e-10
1.18282e-09
2.79469e-10
-1.81883e-10
3.47398e-10
-7.87247e-09
4.44984e-09
3.17496e-09
7.39434e-10
6.94968e-09
-2.72744e-10
5.71388e-10
-8.73401e-10
9.89788e-09
-2.35807e-09
9.013e-09
-8.80047e-09
-2.83188e-09
1.53507e-09
1.00973e-08
-3.3761e-09
9.9924e-09
-1.00818e-08
2.44256e-10
2.65735e-10
-2.75701e-10
-3.65117e-10
2.25189e-10
-6.10733e-10
2.62389e-09
-1.1893e-08
7.3469e-09
-1.1425e-08
3.2547e-09
7.90921e-09
4.04465e-09
-4.7144e-09
-7.23946e-09
-1.08695e-08
8.20833e-09
6.8543e-10
-3.58464e-09
-9.45241e-09
1.15081e-08
-2.07168e-10
-1.43931e-10
1.89721e-09
-2.54683e-09
-2.63728e-09
2.84856e-09
5.00972e-10
-9.18364e-09
-2.11018e-09
-8.26605e-09
-2.28205e-08
2.38846e-09
1.58327e-09
8.36014e-09
1.0133e-09
-5.44201e-10
-8.03334e-09
8.18136e-09
-3.24711e-09
8.92407e-09
9.25817e-10
-9.33802e-10
1.23668e-08
-9.0867e-09
2.87436e-09
9.46405e-09
1.16745e-09
1.74655e-10
1.2363e-08
-1.06729e-08
6.16027e-09
1.77439e-09
-7.8141e-09
2.09626e-09
-2.77478e-09
-7.08332e-09
-1.15057e-09
-1.14435e-08
-6.47131e-09
5.858e-09
1.20568e-08
2.54241e-09
-2.65101e-09
1.02059e-08
-8.75977e-09
-2.93102e-09
8.44368e-09
-3.43555e-09
1.63851e-09
6.0503e-10
-1.7879e-09
2.80132e-09
7.50124e-09
-3.66325e-10
-7.95122e-09
1.2783e-09
-1.64766e-09
-8.51915e-09
7.55311e-09
-7.77606e-09
-3.54203e-09
2.06754e-09
7.34741e-09
1.03531e-09
7.71999e-09
1.99553e-09
-1.11146e-08
-7.38748e-09
2.86986e-09
-2.41218e-09
6.9298e-09
2.99274e-09
-1.00507e-08
-4.83508e-09
-9.27399e-09
-5.79917e-09
7.63867e-09
9.06489e-09
-4.34056e-09
4.62039e-13
-1.79588e-08
-9.04201e-11
1.04858e-10
6.17599e-10
-5.5442e-10
-8.17504e-09
8.26919e-09
-1.84189e-08
2.05411e-11
-2.71413e-11
-1.88925e-08
2.25724e-11
-2.91397e-11
-8.24964e-09
-5.06619e-09
4.66729e-09
-1.79726e-08
1.79289e-08
-1.84356e-08
1.839e-08
8.70532e-10
1.302e-09
1.24181e-08
-1.23933e-08
6.62499e-10
-6.13285e-10
8.5484e-10
1.02006e-09
3.28668e-10
-6.86231e-10
-2.70925e-09
7.80199e-09
2.4085e-09
-5.10303e-10
8.51387e-10
-5.38052e-09
-1.125e-08
8.77659e-09
7.8539e-09
-2.78233e-09
4.81357e-09
-2.25503e-09
-5.49069e-09
5.60567e-10
1.0754e-09
-8.73457e-09
-5.6968e-09
6.18173e-09
1.14314e-10
-1.99154e-10
7.60134e-09
-4.91854e-09
-9.19654e-09
-5.33857e-09
8.00592e-09
4.02183e-09
-1.88931e-08
-1.15653e-11
-1.84192e-08
-1.07386e-11
1.28219e-08
-1.46669e-08
-2.68544e-09
3.18268e-09
8.01823e-09
-8.51547e-09
-8.25104e-09
2.95779e-09
8.04742e-09
-2.75417e-09
-7.89804e-09
7.42029e-09
-6.64502e-11
3.86691e-09
-8.42376e-09
-7.44208e-09
2.09607e-09
4.94704e-09
-9.3427e-11
2.34483e-10
-6.03134e-10
-6.85661e-09
1.3218e-08
-8.63472e-09
8.44817e-09
8.2038e-09
-1.1846e-08
1.17058e-08
-1.1564e-08
8.87083e-09
5.87583e-09
5.79191e-09
7.24253e-11
-5.86433e-09
-8.92438e-09
5.70305e-09
-5.9678e-09
2.64747e-10
1.76319e-08
-1.76123e-08
-6.19082e-09
-7.54302e-09
9.01945e-09
-1.18401e-08
-3.4631e-09
-8.43412e-09
3.16852e-09
-2.73389e-09
8.70112e-09
2.60838e-09
-2.79258e-09
-8.51692e-09
8.47319e-09
-5.64933e-09
-7.41688e-09
4.59302e-09
-1.79637e-08
-2.35073e-12
7.26309e-12
-6.91984e-09
-3.26212e-09
2.5585e-09
6.05825e-09
-2.66348e-10
8.03101e-10
-5.15012e-09
-1.84155e-08
-1.25945e-11
-1.88891e-08
-1.36152e-11
3.62996e-09
3.90699e-09
1.48691e-08
1.19254e-10
6.57129e-10
1.52277e-08
1.28064e-10
6.68802e-10
7.71745e-09
-7.53254e-09
2.91069e-09
-2.85629e-10
-2.52448e-09
-1.00585e-10
-1.00382e-08
-9.38665e-09
5.68759e-10
-2.43209e-09
-1.79638e-08
-7.48917e-12
1.38272e-09
4.04128e-10
6.77032e-11
-2.95187e-09
9.22492e-09
-5.17883e-09
8.79486e-09
2.88563e-09
-1.05935e-08
-1.88987e-08
-1.05079e-11
-1.84252e-08
-9.59409e-12
3.72722e-09
1.82204e-09
-2.33476e-11
-1.79539e-08
6.09953e-09
-3.96477e-10
-8.50376e-09
-5.83642e-09
-1.97567e-09
2.96092e-09
9.54188e-09
4.43277e-09
-4.35405e-09
-9.0031e-09
1.76217e-08
-1.76163e-08
-1.79547e-08
1.69458e-11
-1.61686e-11
9.3607e-10
-9.08483e-09
-1.84256e-08
-2.15944e-11
-1.88989e-08
-2.24447e-11
-3.74297e-10
-1.79484e-08
-2.45575e-11
-1.88921e-08
-3.28083e-11
-1.84187e-08
-3.20775e-11
-1.84684e-08
1.84691e-08
-1.80033e-08
1.80039e-08
-2.94914e-11
-1.79427e-08
-3.345e-09
-1.88839e-08
-3.51932e-11
-1.84108e-08
-3.44304e-11
1.76344e-08
-1.76278e-08
-1.7941e-08
1.48421e-11
-1.65793e-11
2.02701e-10
-1.82484e-10
-1.88744e-08
-3.38616e-11
-1.84014e-08
-3.3286e-11
-1.79395e-08
-2.36434e-11
4.55336e-10
1.85697e-08
-1.86415e-08
-1.8407e-08
-1.62209e-11
-1.888e-08
-1.67046e-11
-3.16456e-11
-1.79325e-08
-1.84097e-08
-1.47307e-11
-1.88827e-08
-1.52223e-11
1.76519e-08
-1.76491e-08
-1.79347e-08
2.51271e-11
-2.30163e-11
-1.84135e-08
-7.29818e-12
-1.88864e-08
-7.61617e-12
-1.79336e-08
-2.56969e-11
-3.31045e-11
-1.79287e-08
-1.88909e-08
-7.71648e-12
-1.84179e-08
-7.52717e-12
1.76674e-08
-1.76646e-08
-1.88868e-08
-1.98071e-11
-1.84139e-08
-1.93738e-11
-1.79243e-08
2.44998e-11
-2.89782e-11
-1.8499e-08
1.85046e-08
-1.80326e-08
1.80383e-08
-1.79164e-08
-3.5621e-11
-1.84085e-08
1.57238e-11
-2.11164e-11
-1.88811e-08
1.62001e-11
-2.18868e-11
-1.79155e-08
-3.53156e-11
-1.88693e-08
-4.22717e-11
-1.8397e-08
-4.11273e-11
-1.79131e-08
-3.556e-11
1.76826e-08
-1.76819e-08
-1.83823e-08
-4.31127e-11
-1.88543e-08
-4.40704e-11
-1.80458e-08
1.80451e-08
-1.85125e-08
1.85119e-08
-1.79142e-08
-3.09447e-11
-1.88425e-08
2.77462e-11
-3.95538e-11
-1.83707e-08
2.70583e-11
-3.85727e-11
-1.83682e-08
-2.72287e-11
-1.88399e-08
-2.77812e-11
-1.791e-08
-2.4509e-11
-1.83715e-08
-1.85158e-11
-1.8843e-08
-1.90319e-11
-1.79111e-08
-2.07906e-11
-1.83589e-08
1.60425e-11
-2.86098e-11
-1.88301e-08
1.62303e-11
-2.91303e-11
-3.03072e-11
-1.7905e-08
-1.88275e-08
-2.32636e-11
-1.83565e-08
-2.28455e-11
-4.97181e-11
9.04211e-09
6.93142e-09
-5.36838e-09
-1.56304e-09
8.97559e-09
-8.83247e-09
-1.43118e-10
-9.0337e-09
9.05713e-09
-8.79175e-09
8.77375e-09
1.80008e-11
-3.99955e-11
-4.26409e-11
-4.97043e-11
-4.86021e-11
1.77155e-08
-1.77142e-08
-8.89886e-09
1.07113e-10
-8.97078e-09
-4.89914e-11
-8.50494e-09
8.54564e-09
-1.88303e-08
-2.8841e-11
-9.71457e-09
3.86065e-10
9.3285e-09
-1.83595e-08
-2.84121e-11
-3.89267e-11
-1.00874e-08
3.72786e-10
8.57145e-09
-8.57782e-09
8.53844e-09
-8.54977e-09
1.06456e-08
1.08788e-08
-8.83977e-09
-1.3101e-10
-1.4921e-12
-5.20335e-11
-5.31586e-11
4.47592e-12
-2.45643e-11
1.35819e-10
-1.7904e-08
-2.7235e-11
-2.68488e-11
-1.4792e-11
9.15491e-09
-8.64918e-09
-4.72531e-11
-4.12558e-11
-4.22514e-11
8.48113e-09
-8.60736e-09
1.26228e-10
-5.01446e-11
-1.28298e-09
8.2144e-09
8.42188e-10
-1.09295e-08
1.83457e-08
-1.83358e-08
5.65791e-12
-1.55823e-11
1.86602e-08
-1.86149e-08
-1.70185e-11
8.59197e-09
-8.58735e-09
1.83277e-08
-1.83268e-08
-7.17713e-12
1.83341e-08
-8.53179e-12
1.87061e-08
-2.35162e-15
1.33726e-08
4.04253e-09
-8.80619e-09
8.79743e-09
-8.96237e-09
8.9535e-09
-1.83311e-08
4.4306e-12
1.78471e-08
-1.78645e-08
4.46796e-11
1.83477e-08
3.66327e-11
-3.8581e-11
2.69563e-11
9.47261e-09
-1.15438e-08
1.78359e-08
7.48998e-12
-1.85929e-08
-1.46904e-11
1.78558e-08
-1.78502e-08
-2.64581e-11
-1.88254e-08
-3.30391e-11
-2.59618e-11
1.81541e-08
-1.82618e-08
5.63078e-10
1.85785e-08
-1.85613e-08
-3.86546e-11
2.14496e-11
1.87877e-08
-1.87722e-08
-1.37174e-11
-2.73467e-11
-1.79187e-08
1.79147e-08
1.78644e-08
1.58982e-11
-2.45176e-11
1.78703e-08
-2.69887e-11
-1.79019e-08
2.83625e-12
-1.85441e-08
-4.07249e-11
2.34782e-11
-1.88232e-08
-3.32665e-11
1.83545e-08
-1.83505e-08
2.69724e-11
-3.09236e-11
1.83554e-08
-3.18021e-11
1.78426e-08
6.75833e-12
-1.33884e-11
-1.83462e-08
-3.422e-11
-1.83409e-08
-2.84364e-11
-3.23011e-11
1.87986e-08
1.37073e-11
-2.46022e-11
9.58544e-12
1.87503e-08
-3.96226e-11
-4.58713e-12
1.88173e-08
-1.88093e-08
-3.76551e-11
-2.10362e-11
1.78916e-08
1.21151e-10
-1.7877e-08
1.78855e-08
1.39663e-11
-2.24777e-11
-7.03235e-09
-5.02197e-10
2.70317e-11
-3.28954e-11
-8.62928e-09
8.47034e-09
1.58941e-10
9.77994e-11
-7.07505e-11
3.53633e-11
-1.83395e-08
1.89352e-11
-2.03493e-11
-3.45334e-11
-4.29098e-11
-4.47073e-11
-1.83386e-08
-1.08396e-11
-1.8285e-08
-2.40258e-11
-2.77947e-11
-1.81262e-08
1.81386e-08
1.83417e-08
2.34815e-12
-1.0002e-11
-3.43558e-11
-3.82182e-11
-3.06987e-11
-5.40163e-10
5.68028e-10
-1.7897e-08
-2.95312e-11
1.19509e-12
1.82076e-08
-4.1525e-10
3.46177e-10
-3.5242e-11
-6.07884e-11
-1.37026e-10
7.82472e-09
1.84815e-10
1.81326e-08
-2.34931e-12
-9.00746e-09
3.78183e-10
-1.78371e-08
-1.85374e-08
-2.82243e-11
3.77802e-09
1.11424e-10
1.8557e-08
-1.87189e-08
1.85089e-08
-4.08929e-10
-1.1123e-09
8.29833e-11
2.50673e-10
-8.78547e-09
6.19947e-09
-2.62099e-09
6.92619e-09
-8.63407e-09
3.72703e-11
-7.89851e-10
-8.71524e-09
1.99182e-09
5.3741e-10
-5.17469e-10
2.93086e-10
-3.13027e-10
8.45676e-09
-4.67418e-09
-1.85237e-08
1.85021e-08
-9.44015e-09
-1.55507e-09
2.49991e-10
-1.79515e-10
4.15606e-09
3.51216e-09
8.27625e-09
-7.95603e-09
-3.20221e-10
8.44961e-09
8.47615e-09
-5.74381e-09
9.90809e-10
8.67458e-09
2.60876e-09
-2.97547e-09
-8.06741e-09
1.10658e-08
-1.42876e-10
-3.5361e-09
7.32789e-09
2.36848e-09
1.44809e-08
-9.02025e-09
5.13355e-09
-6.89527e-09
-1.50126e-08
1.27356e-10
-2.57274e-10
-5.28285e-10
-7.84851e-09
-6.40158e-09
4.33778e-10
-6.1756e-09
-7.55426e-10
3.84084e-10
2.90385e-10
-1.37059e-10
-4.43741e-10
8.5935e-10
3.7781e-10
2.63175e-11
-7.58261e-09
3.84782e-09
2.43326e-09
8.87464e-09
-1.66744e-10
-5.82836e-09
-7.34483e-09
-6.91312e-09
-5.71215e-10
1.59501e-08
6.61875e-09
5.11044e-09
-8.76337e-09
-1.22668e-08
-4.51975e-09
1.32692e-08
-9.65733e-09
2.04248e-09
-7.1357e-09
-3.86212e-09
-8.78099e-09
9.82637e-09
2.62404e-09
-3.66942e-09
-8.60445e-10
5.15858e-10
-2.57709e-11
-1.78542e-08
-3.55262e-09
1.21253e-09
2.27663e-10
-4.54957e-10
-8.94803e-09
3.51957e-10
-4.68914e-10
-4.0369e-09
-2.93083e-09
-7.82941e-09
8.56294e-09
7.501e-09
-5.42552e-09
-7.12398e-09
5.0485e-09
4.18063e-09
6.68525e-09
-3.03222e-09
-7.83366e-09
6.89413e-10
-5.63318e-09
1.11082e-09
-1.19511e-09
5.15842e-10
7.27566e-09
-1.03854e-09
8.61141e-09
-8.01998e-09
7.72007e-09
-8.3115e-09
-5.69108e-09
5.66741e-09
7.52467e-09
1.65645e-09
1.03555e-08
-8.3994e-10
-1.91649e-09
-7.59518e-09
1.92905e-09
-1.46171e-09
-8.60883e-09
1.17061e-09
-8.39317e-09
7.88192e-09
-2.63632e-10
-7.77623e-09
1.26639e-09
7.42267e-09
9.96533e-09
-1.96674e-09
-7.81147e-11
8.15791e-09
-7.95505e-09
3.92163e-10
5.77813e-09
1.55453e-09
1.01093e-08
-3.22443e-09
-8.60031e-09
-1.20979e-09
-7.92412e-09
-3.39941e-09
8.44489e-09
2.75651e-09
-8.79572e-09
8.80146e-09
-9.05413e-09
9.03123e-09
1.16509e-11
-7.87488e-09
4.86345e-09
3.32406e-14
8.10531e-09
4.12274e-09
5.20049e-09
4.09887e-09
-4.4359e-09
7.14558e-09
2.40848e-10
-9.83934e-10
-6.40249e-09
-1.05471e-09
6.12475e-09
-5.35913e-09
2.89079e-10
-1.90314e-10
5.97444e-09
-7.92477e-09
1.78266e-08
6.91052e-09
-2.66471e-10
4.24165e-09
1.03437e-08
3.49574e-09
5.2482e-10
3.97236e-09
1.00912e-08
-3.95424e-09
3.5834e-10
1.94704e-11
-2.1358e-09
8.18294e-09
1.56166e-09
-1.77791e-09
-1.89208e-09
-7.89776e-09
-4.81856e-09
-7.51196e-09
2.26192e-09
8.00678e-09
-2.37844e-09
1.61155e-09
-2.66973e-09
-2.98961e-09
-5.08763e-09
8.8169e-09
-5.65272e-10
3.70595e-09
-3.36568e-09
2.37485e-09
4.18901e-09
-2.91484e-09
-2.30476e-10
3.16444e-10
2.84292e-10
-3.70261e-10
4.38497e-11
-1.86173e-08
2.43218e-09
-1.37361e-09
-3.16196e-09
1.24752e-09
9.14648e-11
-1.71537e-10
5.4659e-10
-4.25109e-10
-8.49551e-09
1.01099e-08
-5.78532e-11
-1.55655e-09
-1.43816e-09
-7.52609e-09
-1.0529e-09
-8.84728e-09
8.3242e-09
-4.47563e-09
4.29881e-09
3.44944e-09
-3.27262e-09
2.30993e-10
1.84089e-10
-1.52643e-10
-1.07706e-10
5.0855e-10
-7.23069e-10
3.3564e-09
-3.82391e-09
-8.46069e-09
-3.31342e-11
-7.84762e-09
2.64192e-10
7.61657e-09
3.80301e-09
-7.46546e-09
-3.1638e-09
-9.9546e-10
-1.33161e-09
1.72531e-09
6.01758e-10
2.18803e-09
1.01563e-09
-1.91724e-10
6.15591e-10
-2.20726e-09
-4.27616e-09
2.9086e-09
-8.0773e-09
-1.05129e-09
1.12931e-10
4.32993e-10
3.03899e-09
3.88318e-10
-2.99784e-11
-2.48814e-09
-7.56901e-09
7.41035e-09
9.82147e-09
-1.04007e-08
1.96846e-09
6.50451e-09
-7.8144e-09
-3.06463e-09
-4.25447e-12
1.00697e-10
-3.0663e-10
2.66464e-10
1.78066e-10
-1.379e-10
-6.89743e-10
-7.66154e-09
-7.67463e-09
-1.78704e-09
7.75363e-09
1.70804e-09
5.0883e-09
-7.44808e-09
7.27198e-09
4.33216e-09
-1.81287e-08
1.81308e-08
-1.8486e-08
1.84815e-08
7.63323e-09
-7.48995e-09
-1.09702e-08
-4.99304e-09
3.90469e-09
-1.83975e-08
2.98134e-10
8.44349e-10
7.05686e-09
-9.99661e-09
-1.59885e-08
4.36522e-09
6.64563e-09
-6.56575e-09
-6.85467e-09
-5.87235e-09
-1.28675e-09
8.10661e-09
2.74281e-10
3.51554e-10
-1.93059e-10
1.95287e-10
-4.06406e-10
4.04178e-10
-5.29432e-09
-1.18046e-10
5.06364e-10
3.78292e-09
-6.79579e-09
-2.32029e-09
-2.93298e-09
-1.59707e-09
8.07629e-09
2.0003e-09
-8.47951e-09
1.57925e-09
8.02395e-09
-1.40593e-09
-8.19726e-09
1.00314e-08
1.48083e-09
-3.05743e-09
3.59085e-09
-7.8907e-09
7.88603e-09
-7.09303e-09
3.73723e-09
9.29907e-09
-1.59966e-09
-8.75231e-09
1.16192e-09
-4.11728e-09
2.91898e-09
8.47028e-09
7.1423e-09
5.3364e-11
-4.89528e-09
-2.30039e-09
8.45124e-09
-8.35967e-09
-6.4599e-10
-2.563e-09
-4.48236e-10
4.53295e-10
-1.98118e-10
-1.60389e-10
-4.80094e-10
1.92247e-10
-4.32319e-09
2.00711e-09
-3.49376e-10
6.13141e-10
2.08435e-10
-4.72199e-10
6.73118e-09
-2.19703e-10
6.81088e-10
6.58834e-10
1.00581e-08
1.35593e-09
1.07596e-09
5.95425e-10
-2.27536e-10
5.47871e-10
-6.85453e-10
-1.68375e-09
1.97854e-09
-8.08436e-09
-8.43726e-09
-4.69235e-09
4.9735e-10
-2.88832e-09
-1.05569e-08
7.84955e-09
2.67419e-09
-1.53284e-09
3.39185e-10
-5.83213e-10
1.77687e-09
7.75519e-09
-8.61218e-09
-6.3383e-10
7.50503e-10
4.60703e-09
2.7677e-09
2.26209e-09
-6.07964e-09
1.1661e-09
1.02914e-08
1.43801e-09
-6.7403e-09
-7.11795e-09
6.91677e-10
5.48389e-11
-4.30072e-10
-4.28697e-09
3.22293e-09
-3.41159e-09
-8.82543e-09
8.82201e-09
-9.02272e-09
9.00367e-09
-4.23637e-09
2.12438e-09
-5.23489e-09
-6.393e-10
3.90624e-09
-1.54157e-09
-9.53264e-09
1.46182e-08
-3.54395e-09
8.57817e-09
-2.20646e-09
-1.32379e-10
-9.9505e-09
8.48581e-09
6.11179e-10
1.74235e-09
8.01356e-09
5.11175e-09
-7.76312e-09
7.649e-09
-4.99762e-09
4.14123e-10
-1.60087e-09
-4.53556e-10
1.6403e-09
1.08753e-09
1.35724e-10
-3.65887e-09
2.43561e-09
-1.4327e-09
6.79411e-09
8.47571e-10
-3.392e-10
8.91874e-09
-2.90142e-10
2.67258e-09
-2.43425e-09
2.27274e-09
6.27721e-09
-1.23231e-09
-7.31763e-09
-7.13002e-10
1.05344e-08
-7.54867e-09
1.78174e-08
-9.23903e-10
5.36995e-10
-7.81587e-09
1.25031e-09
3.3276e-09
-2.18444e-09
1.81682e-09
3.67615e-10
-2.15034e-10
6.98982e-10
-1.59053e-09
-5.73828e-10
-9.95599e-10
-7.86112e-09
6.83942e-10
-6.93588e-10
2.72742e-10
-2.63095e-10
-7.44141e-09
-2.58206e-09
2.875e-09
7.14846e-09
-9.97298e-09
-6.01158e-09
-7.45574e-09
-2.60994e-09
2.39104e-09
8.76597e-09
8.48544e-09
2.30627e-09
7.10056e-09
1.23659e-09
-1.73154e-09
5.38492e-09
-1.86899e-09
4.6308e-09
-8.26618e-09
-4.31941e-11
7.92675e-09
3.82624e-10
-1.81179e-10
3.54108e-10
-1.53365e-09
4.47823e-09
5.26731e-11
-9.03135e-09
1.01873e-08
1.71842e-09
8.71086e-09
2.6226e-09
3.93063e-09
-1.81922e-10
1.25166e-09
-2.37439e-10
-8.32298e-10
1.2258e-09
7.45475e-10
-1.1397e-09
-8.31573e-10
6.96345e-09
1.17242e-09
-1.02166e-09
1.03428e-09
1.79365e-09
-1.21808e-09
-2.66748e-10
1.3029e-09
4.26929e-09
1.20205e-09
6.68326e-09
2.87881e-09
1.40618e-09
5.97336e-10
-1.27081e-09
-7.32702e-10
-5.19292e-09
-8.55965e-10
4.51524e-09
-7.70456e-09
-4.77213e-09
-1.12761e-09
1.95905e-09
6.35078e-09
-1.94529e-09
2.27777e-09
3.82663e-09
-6.60063e-09
-4.42919e-10
3.21692e-09
2.53329e-10
5.6355e-10
-4.32795e-10
-2.59485e-10
-7.37007e-10
6.01798e-10
3.94694e-10
4.92668e-10
2.28142e-09
1.3714e-09
1.22704e-09
3.12211e-10
4.04193e-10
-3.37539e-10
-3.78865e-10
-3.7594e-09
4.21997e-09
6.63746e-09
3.93162e-09
4.62531e-09
-4.25813e-09
5.94694e-09
1.86084e-10
1.53254e-09
2.74293e-09
9.02166e-10
-2.69298e-09
1.54679e-09
9.08336e-09
-4.19546e-10
-4.0839e-10
4.7856e-10
4.59577e-09
7.70599e-09
1.37848e-10
2.48546e-09
6.94393e-09
-3.74458e-09
-4.2541e-09
1.05475e-09
6.00599e-10
-4.79046e-10
1.68832e-10
3.4859e-10
2.93297e-09
5.67125e-10
1.96175e-09
2.37405e-10
8.4803e-09
-1.56017e-09
-7.60987e-09
3.13615e-09
-5.59484e-09
-5.00677e-09
2.93705e-09
-6.89393e-09
-5.07249e-10
-3.01272e-10
3.88975e-10
2.97142e-09
7.19396e-09
-7.22833e-09
3.03489e-09
-7.19917e-09
3.18546e-09
9.45415e-09
3.80212e-09
8.77022e-09
-4.98449e-10
-5.40174e-11
5.08814e-10
4.36519e-11
9.70659e-11
5.96922e-10
3.15675e-09
-7.33976e-09
4.10295e-09
7.61331e-10
-2.72793e-09
-6.39851e-09
2.67035e-09
6.45609e-09
-1.81257e-08
1.81206e-08
-1.84869e-08
1.85021e-08
1.67279e-10
-8.10851e-09
4.70647e-09
-1.78016e-08
1.77789e-08
1.49311e-10
-8.01538e-09
-1.15339e-09
-9.05941e-09
-3.87121e-10
-3.26979e-10
5.67419e-10
1.46681e-10
-7.81133e-09
-1.97019e-09
2.34011e-09
5.30515e-10
2.86925e-10
1.13059e-10
-1.68115e-09
-7.64447e-09
-5.53512e-09
3.40953e-09
1.74547e-10
1.45893e-09
-3.8596e-10
-3.61214e-10
3.38614e-10
1.60631e-09
1.76397e-09
-3.67031e-09
4.48736e-09
-4.5643e-09
3.74724e-09
3.01747e-10
1.41405e-09
-1.52971e-09
-8.46157e-09
2.89087e-10
-7.94592e-09
-2.15635e-10
-3.05651e-10
-7.96794e-09
8.02696e-09
-8.10364e-09
2.98955e-10
-2.22276e-10
-5.79829e-09
7.06918e-09
-1.37697e-09
1.06079e-10
7.55222e-09
-8.05534e-09
-6.80261e-09
-2.36753e-10
3.17793e-10
-3.81584e-10
1.72055e-09
-1.58027e-09
-7.80195e-09
5.96229e-10
2.08567e-10
1.57953e-09
9.21067e-09
3.28608e-09
-2.64666e-10
3.29791e-10
-2.02552e-10
-8.23088e-09
1.57096e-09
-1.75716e-08
6.88653e-10
-2.60333e-10
-7.86969e-09
1.91419e-10
3.05308e-10
-7.27854e-09
8.85961e-09
-2.29407e-09
9.75488e-09
-6.02468e-09
3.82291e-09
-1.57391e-11
2.24847e-10
-1.41758e-09
2.98866e-10
2.62531e-09
-5.86856e-10
4.47991e-10
8.22807e-10
9.80261e-09
-3.04341e-10
1.74109e-09
8.25739e-09
-6.05011e-10
2.45754e-09
-7.83556e-09
7.96507e-09
-1.58079e-10
-8.04375e-09
-1.2469e-09
3.30567e-10
2.52179e-10
1.4099e-09
-3.72709e-09
1.65266e-09
2.21015e-09
1.6899e-09
6.11055e-09
1.04264e-09
-8.8431e-09
-7.7491e-09
4.57756e-10
-2.66945e-10
-5.57082e-10
7.27974e-10
-6.91433e-10
7.99641e-11
-1.16505e-10
-1.00705e-08
3.91945e-09
-4.5837e-10
6.60944e-09
-8.16849e-09
2.44525e-09
9.79557e-10
-1.55848e-11
-4.99653e-09
-6.29596e-09
7.62218e-09
4.99248e-09
6.74161e-09
-8.08048e-09
7.80615e-09
7.25268e-09
-6.97835e-09
-1.59164e-09
-1.99226e-11
6.77706e-10
9.33852e-10
2.29438e-12
-5.29749e-11
7.78655e-10
-2.48092e-10
-2.87298e-09
2.35863e-09
7.62443e-10
-7.02142e-10
1.05743e-10
-9.71889e-11
2.84614e-09
-1.91122e-09
7.98149e-09
-7.22365e-09
6.27879e-09
-8.47317e-09
8.27733e-09
-6.08295e-09
9.35933e-11
3.59159e-10
-6.94509e-09
5.40382e-09
7.81848e-09
-1.80479e-09
-3.06624e-10
1.11596e-09
1.24333e-09
-1.09063e-09
-6.12401e-11
1.74812e-09
1.17664e-09
-8.11546e-09
-9.90892e-10
-3.67271e-09
2.80354e-09
-2.70287e-10
-2.17814e-10
-2.38785e-09
8.66561e-10
-2.83506e-10
-1.84368e-09
2.05449e-10
1.79641e-09
4.24201e-09
9.05514e-10
9.83046e-09
-6.62559e-09
6.77376e-09
7.56185e-09
-7.71002e-09
7.76848e-09
1.51317e-09
3.1695e-10
-3.89523e-10
-2.77977e-11
2.57254e-09
-7.1842e-09
5.34222e-09
-7.30556e-10
5.68179e-10
-6.46528e-10
-1.47667e-10
2.26016e-10
3.1426e-10
-2.13355e-10
1.25865e-09
7.35423e-09
1.94388e-09
5.09311e-09
-4.42622e-09
5.49499e-09
2.75786e-09
5.3233e-09
-6.17284e-09
8.34069e-09
-7.49114e-09
-8.83477e-09
8.82208e-09
-9.00654e-09
8.98791e-09
-7.47039e-10
-9.12127e-11
-1.65519e-09
1.21748e-09
1.2855e-09
-8.47794e-10
-1.75719e-09
-6.26774e-09
-2.69317e-09
1.96638e-09
-9.28394e-10
7.85622e-10
-2.8924e-09
-2.13511e-10
2.04453e-10
3.05485e-09
-5.26698e-09
4.58195e-09
-1.70929e-10
-5.77626e-09
4.92121e-10
-5.97696e-09
-5.91321e-09
6.9391e-09
-1.03295e-09
-1.41878e-09
3.60355e-09
-6.17891e-09
6.49861e-09
-5.67602e-09
3.80272e-09
8.80768e-10
-1.98016e-09
-2.82131e-09
4.31406e-09
-8.36326e-09
-2.50549e-09
-5.78425e-09
-3.09672e-09
2.97943e-10
-2.24422e-10
7.86744e-10
1.06557e-09
-2.41565e-09
3.96873e-09
7.55379e-09
5.12655e-09
-9.64874e-09
-7.39577e-09
6.25804e-09
1.02121e-09
-9.9494e-09
-7.82353e-09
-1.55611e-09
9.78839e-10
-7.98388e-10
1.37566e-09
3.3807e-09
9.82688e-09
-1.19822e-08
-1.2544e-10
-6.46416e-09
1.43591e-09
-9.46953e-10
4.19947e-10
-1.58309e-10
-3.95967e-10
1.34329e-10
9.17877e-09
1.36286e-09
-2.60158e-09
8.31476e-09
8.64563e-09
-8.37369e-09
-2.07955e-09
-1.1134e-10
-4.79517e-09
-5.30425e-09
1.05375e-10
6.26782e-10
9.48429e-10
-6.28114e-10
-7.94558e-09
7.62527e-09
2.73802e-10
-5.29347e-10
9.95221e-10
8.49609e-09
6.09006e-09
3.60128e-09
4.77585e-10
-2.70286e-10
-4.66784e-10
-1.37236e-08
7.38459e-09
-8.43421e-09
-8.68561e-09
-2.5986e-10
1.0545e-08
-1.59957e-09
2.60706e-09
-4.49481e-09
2.73039e-09
1.00653e-09
-3.73691e-09
9.66082e-09
-1.16401e-09
2.83833e-10
-8.78064e-09
1.72684e-09
-3.08962e-10
6.09104e-11
-4.53984e-10
-1.81157e-08
1.81152e-08
-1.85288e-08
1.85489e-08
3.40913e-12
7.69651e-10
8.58927e-09
7.45661e-10
2.48994e-09
7.2336e-10
4.51349e-09
1.73778e-09
-2.44186e-09
5.60145e-10
-6.89431e-10
-7.55462e-09
7.40199e-09
-1.65156e-09
1.80419e-09
1.0976e-09
1.79135e-10
-1.27673e-09
-6.20965e-09
-4.09113e-09
-1.67421e-09
3.21529e-10
-5.92515e-11
-3.34416e-09
3.7378e-10
1.21649e-08
4.96178e-09
-8.02892e-09
-5.61209e-10
7.48201e-10
4.60883e-09
-1.67785e-09
1.95489e-09
-1.03874e-09
8.83879e-10
-1.00745e-08
8.67368e-09
5.16219e-10
4.2952e-09
-4.73837e-10
1.3112e-10
-6.82729e-10
1.08953e-08
2.80847e-09
-2.59313e-09
-4.69578e-09
5.12928e-09
1.51038e-09
2.02578e-09
8.04896e-09
-6.27054e-09
6.57489e-09
9.5429e-10
-4.25796e-10
9.71852e-10
-5.54564e-10
2.97958e-09
6.95465e-10
8.21218e-09
1.29971e-09
-5.11365e-10
-9.00052e-09
1.83792e-09
2.32648e-10
-2.52379e-09
-7.23949e-10
5.2072e-10
-9.60789e-10
-7.42871e-10
5.16037e-10
-8.51116e-09
-8.91304e-10
7.1685e-10
7.42968e-09
-6.59314e-09
-2.74776e-09
1.59026e-10
-2.13011e-10
5.39847e-11
7.34064e-09
1.83025e-10
-8.83059e-09
8.81984e-09
-8.99583e-09
8.98241e-09
-1.7762e-08
1.77427e-08
3.9575e-10
-3.28832e-09
2.81687e-09
9.61217e-10
4.17993e-09
-3.48124e-09
-6.99465e-09
-1.37126e-09
1.18814e-10
2.30504e-10
-6.99434e-10
-7.47797e-09
7.82355e-10
-5.63209e-10
6.75178e-10
8.67165e-10
4.78114e-09
7.62006e-10
-9.31902e-09
-9.94789e-09
-9.6778e-09
1.54473e-09
1.18876e-09
2.93406e-10
-4.73146e-10
-8.59353e-10
8.60671e-10
4.71828e-10
-1.0957e-09
-8.33957e-09
7.24855e-09
6.82295e-10
-1.63318e-09
-6.05228e-10
-5.64124e-10
1.01728e-08
6.11622e-10
-2.78924e-09
3.35115e-09
4.58232e-11
8.43079e-09
1.16055e-08
-9.72458e-09
-7.02165e-09
-5.92466e-09
-7.17521e-10
-4.07153e-09
3.61445e-09
-3.58596e-10
2.71734e-10
8.49347e-09
-2.28327e-10
2.1892e-09
-1.00454e-08
8.84948e-09
9.04466e-09
1.08497e-10
-7.95049e-09
3.43163e-09
-9.67969e-09
-1.84213e-08
1.01975e-09
7.17177e-09
-1.65028e-09
4.07834e-10
1.48416e-09
1.82752e-10
3.32011e-10
-1.81143e-08
1.81145e-08
-1.85675e-08
1.85779e-08
1.48804e-09
-7.49567e-10
3.84347e-09
1.34195e-09
8.92208e-10
6.90093e-11
3.2795e-10
5.18963e-10
-2.16469e-09
3.65528e-09
-7.94171e-09
1.55406e-09
6.386e-09
1.23671e-09
-1.0752e-08
-9.10911e-10
5.94027e-10
2.11053e-09
1.78827e-09
4.21502e-09
1.9147e-09
-1.3142e-09
2.94849e-09
-6.57744e-11
2.02745e-10
2.78527e-09
-1.24439e-08
9.37234e-09
1.08959e-09
1.14777e-09
-6.19182e-10
-1.89552e-10
-9.04273e-09
-7.25372e-09
-3.90617e-09
-4.62792e-09
-1.13281e-09
9.72973e-10
5.68742e-09
-9.68475e-10
5.25022e-11
1.99329e-09
8.56563e-09
-8.8228e-09
-8.98162e-09
-2.84757e-09
2.1352e-10
2.96332e-09
8.13612e-09
1.08971e-09
2.08112e-09
9.0196e-10
-1.08952e-10
-8.95273e-10
1.27065e-09
6.0418e-10
-3.63742e-09
6.48163e-09
4.86178e-09
2.50839e-10
6.47265e-10
8.76205e-09
-3.15682e-11
7.24606e-10
1.77662e-08
2.22695e-09
-1.36527e-09
4.54324e-09
-1.07744e-09
-1.32715e-10
-3.4746e-09
2.80581e-09
-6.8162e-09
7.48499e-09
6.71595e-10
-5.37627e-09
6.35118e-09
6.1561e-10
2.8635e-10
-5.59778e-10
-1.70744e-10
3.44455e-09
4.49242e-10
3.51947e-09
4.65866e-10
9.68917e-09
-1.77338e-08
1.77243e-08
2.126e-09
5.04819e-10
1.06282e-09
1.14159e-09
4.77598e-09
1.99062e-10
-6.09164e-09
1.1166e-09
4.58226e-09
-6.99358e-09
1.15007e-09
2.24925e-10
6.56853e-10
-8.06452e-11
8.65295e-10
4.74403e-09
-5.58606e-09
-1.32857e-10
4.35924e-10
6.88944e-11
-1.04683e-10
7.17883e-09
6.63564e-11
3.69568e-10
-7.64645e-09
1.04027e-09
1.74233e-09
1.04737e-08
7.51568e-09
-1.81024e-08
1.81032e-08
-1.8571e-08
1.85714e-08
-2.07719e-10
6.615e-10
9.04951e-10
-1.08313e-09
-1.25108e-10
-3.60616e-09
2.6177e-09
4.6407e-09
7.17525e-09
3.36472e-09
-3.13884e-09
-7.40113e-09
-8.15985e-10
1.82472e-09
-1.80901e-09
1.19861e-09
-1.58792e-10
6.73597e-09
2.24383e-11
8.53141e-09
1.37218e-09
-8.79217e-09
8.76482e-09
-8.94672e-09
8.91815e-09
7.2263e-09
2.07609e-10
4.4471e-09
-4.2935e-09
4.40801e-10
4.50173e-10
1.56038e-10
-6.24483e-10
3.60517e-10
-7.60491e-09
1.60737e-10
-1.05911e-10
1.3185e-10
-1.7723e-08
1.7708e-08
-1.80924e-08
1.80918e-08
-1.85604e-08
1.85599e-08
1.02644e-09
5.73799e-09
7.12914e-11
1.93391e-09
-8.64559e-09
-2.3663e-09
1.38804e-09
-1.17976e-09
-1.88896e-09
-5.92013e-10
-1.45785e-09
-8.50633e-09
8.50327e-09
5.37174e-09
5.38827e-09
-7.45256e-11
-6.80592e-10
-8.76212e-09
8.73981e-09
-8.91477e-09
8.89208e-09
-2.36655e-09
-7.29036e-10
-4.37091e-09
-2.11133e-10
-1.0628e-08
-1.06676e-08
8.76805e-09
1.81214e-09
-5.66278e-09
-1.01277e-09
-6.93382e-09
-1.28094e-08
1.36893e-08
-7.6902e-09
-3.96506e-09
-8.49136e-09
-3.96577e-10
-4.80028e-10
2.89749e-10
-1.80748e-08
1.80751e-08
-1.85424e-08
1.85431e-08
-4.88912e-09
1.77348e-08
-9.56048e-09
8.90342e-09
-1.28721e-10
2.09415e-09
1.76935e-08
-8.74355e-09
8.72092e-09
-8.89534e-09
8.87235e-09
-1.69942e-08
-1.65127e-08
-1.7052e-08
-1.62928e-08
6.48113e-10
-1.5835e-08
7.40215e-09
3.36456e-09
-9.53795e-10
-9.30536e-10
6.95474e-10
-8.47491e-09
8.47787e-09
-1.80631e-08
1.80593e-08
-1.85305e-08
1.85266e-08
-7.37362e-10
6.14889e-10
4.79475e-11
-4.8443e-10
2.25042e-09
2.02963e-09
-3.07904e-09
-1.63488e-09
-1.05205e-08
1.52344e-08
-1.70883e-08
4.50442e-09
-5.79984e-11
9.75795e-10
3.2135e-10
1.57412e-08
-4.94791e-10
-1.7696e-08
1.76804e-08
-5.07253e-09
-6.08701e-09
-8.72745e-09
8.70544e-09
-8.87883e-09
8.85687e-09
4.72882e-10
1.34513e-10
-1.107e-08
5.4926e-09
-5.09022e-09
1.33527e-09
-1.49794e-09
-6.35717e-10
-8.4508e-09
8.45246e-09
-1.33763e-08
6.85987e-09
-1.80503e-08
1.80534e-08
-1.85169e-08
1.85202e-08
1.06207e-09
-8.12595e-09
-2.36038e-09
2.45945e-09
-7.96971e-09
1.49767e-10
-5.50462e-09
1.23787e-08
7.33731e-10
-2.27525e-09
-6.89269e-09
1.35597e-10
-8.70512e-09
8.67351e-09
-8.85639e-09
8.82445e-09
3.57746e-09
6.87911e-09
5.30821e-09
-9.07845e-09
-8.59921e-09
-4.99715e-11
-8.26399e-10
1.9206e-10
9.07081e-10
1.81094e-08
1.85769e-08
-8.34767e-09
4.17354e-10
-2.52277e-09
1.42439e-08
1.76568e-08
-1.80384e-08
-1.85047e-08
8.03485e-09
4.35841e-10
-3.93964e-10
-4.42516e-10
4.00638e-10
-2.43888e-09
3.1169e-10
-2.11395e-09
1.10186e-10
-5.74419e-10
-8.52531e-11
-2.37704e-09
-1.16131e-08
-7.3409e-10
7.95831e-09
1.23763e-09
-8.46185e-09
2.23854e-09
5.56815e-09
-3.86402e-10
1.77232e-08
7.23219e-09
-8.40853e-09
8.4115e-09
-1.10661e-09
-4.73159e-10
-5.33757e-11
9.36221e-09
8.15115e-09
-6.85218e-09
-1.54704e-09
-8.93914e-09
1.87399e-09
-8.61779e-09
6.00813e-11
9.40871e-09
2.86803e-09
-6.82538e-09
7.37507e-09
-3.89386e-09
-5.4358e-10
1.286e-09
-1.92889e-08
-8.73319e-10
-2.50134e-09
1.0081e-09
-5.66933e-10
1.35094e-08
-5.49943e-10
-1.57078e-10
-4.47383e-09
-8.65662e-09
8.61695e-09
-8.80709e-09
8.76679e-09
-9.45516e-10
2.24172e-09
2.60894e-09
-4.04597e-10
-6.38334e-11
-8.50665e-09
-7.95002e-09
5.58849e-09
-2.05673e-09
1.76422e-08
-1.29927e-08
1.10554e-08
-6.08366e-09
-1.80244e-08
-1.84903e-08
-4.88849e-09
-6.31172e-13
7.52121e-09
-5.95516e-09
-8.26643e-09
-5.85599e-09
7.40176e-09
6.01227e-09
-8.374e-09
8.38187e-09
2.02502e-08
-5.61849e-09
-1.71545e-08
6.56493e-10
4.67152e-10
-1.45142e-09
-7.01152e-09
5.08931e-10
-4.07992e-09
4.92319e-09
6.53742e-09
-8.63073e-09
8.60539e-09
-8.78031e-09
8.75449e-09
1.03797e-09
-6.51389e-09
4.45072e-10
1.56665e-10
-8.04661e-09
-5.67189e-11
1.76157e-08
-6.97629e-10
-1.80156e-08
1.80261e-08
-1.84808e-08
1.84917e-08
1.2981e-09
1.73256e-09
3.16212e-10
-3.00404e-09
1.40998e-10
-4.68307e-09
-8.34678e-09
8.35793e-09
-8.62208e-09
8.59905e-09
-8.77094e-09
8.74787e-09
6.81965e-09
-8.17803e-09
-8.10936e-09
-5.22316e-09
8.98227e-11
-2.68253e-09
-1.8011e-08
1.80154e-08
-1.84757e-08
1.84802e-08
3.31566e-09
-2.89819e-09
8.93921e-09
-1.51836e-09
-7.84768e-09
-6.5344e-09
1.76037e-08
1.79471e-09
-8.60637e-09
8.57258e-09
-8.75551e-09
8.72135e-09
3.1036e-09
8.49273e-09
-2.97158e-09
8.68115e-09
6.79625e-10
-1.22576e-09
1.16431e-09
8.50589e-10
5.39601e-09
-5.21535e-09
7.12884e-10
-5.24009e-09
7.82619e-10
5.57842e-10
5.75246e-11
-8.31666e-09
8.3298e-09
-1.79929e-08
-1.84573e-08
2.68678e-11
3.24985e-10
7.95065e-09
-8.14148e-10
9.2285e-10
-9.57211e-09
1.75909e-08
2.32389e-09
-8.58057e-09
8.55103e-09
-8.7293e-09
8.69908e-09
5.88021e-09
-1.79811e-08
1.7994e-08
-1.84453e-08
1.84588e-08
-7.58548e-09
9.60587e-09
-8.30088e-09
8.32235e-09
-6.41129e-09
-3.93757e-10
8.95266e-10
-1.79362e-08
3.39962e-09
1.34358e-08
-9.51753e-09
-8.57052e-09
8.54931e-09
-8.71787e-09
8.69638e-09
3.82744e-10
1.73648e-08
-1.69212e-08
-2.1135e-10
8.0446e-09
-3.99776e-09
-2.93818e-10
-2.02864e-09
6.32022e-09
-1.76832e-08
1.67438e-08
-1.81371e-08
1.71704e-08
1.35268e-09
-1.79725e-08
-1.84361e-08
-2.49751e-09
-6.07834e-10
-6.12697e-09
1.04992e-09
1.76021e-08
5.19071e-09
-7.71596e-10
-9.41673e-09
8.81913e-10
4.48591e-09
-3.62548e-09
-6.35112e-09
4.22e-09
1.10335e-09
-8.64036e-09
8.79338e-09
-8.78803e-09
8.94268e-09
-2.88819e-09
9.25035e-12
-8.31949e-09
-3.79359e-09
-3.02903e-09
3.87076e-10
-1.42095e-09
4.0629e-09
2.98829e-09
1.61053e-09
1.92242e-09
-5.91519e-09
-7.57914e-09
5.86213e-10
3.21869e-10
4.30833e-09
-1.27456e-08
7.36058e-09
1.34017e-09
8.43853e-09
-4.68341e-10
8.66435e-10
-7.73395e-10
3.75301e-10
-5.39969e-10
6.8918e-10
-8.20769e-09
2.51665e-10
-8.32301e-09
8.38683e-09
1.35769e-08
7.60163e-09
2.00179e-09
-6.16174e-10
2.83438e-09
9.96477e-09
-6.06369e-09
-1.63997e-08
9.99764e-09
1.24658e-08
-5.98663e-09
-1.82757e-10
7.47138e-09
-1.05707e-08
8.97071e-09
-4.55954e-09
8.91603e-09
8.66733e-09
8.81815e-09
1.93748e-09
-2.05937e-09
2.0031e-08
-1.99091e-08
8.08612e-09
-6.45321e-09
-6.84827e-09
8.39894e-09
7.509e-09
-5.27546e-09
-9.45051e-09
1.28951e-08
-9.61148e-09
1.31309e-08
1.12216e-10
1.47547e-09
6.03544e-09
-8.30266e-09
-5.41837e-09
-2.74878e-09
4.47921e-10
1.3815e-08
7.0908e-10
-1.11614e-09
-4.92635e-10
-2.95651e-10
2.29794e-10
-5.58665e-11
1.34564e-09
8.63287e-09
8.78278e-09
1.411e-09
-1.00355e-09
8.63493e-09
-9.04238e-09
8.37154e-09
-6.03991e-09
-4.51988e-10
7.40165e-10
1.26781e-09
-1.71597e-08
-7.80402e-12
-5.30593e-09
-4.41032e-09
3.69157e-09
7.2015e-09
6.2573e-10
3.45563e-10
-8.06313e-10
-1.11011e-09
1.10924e-10
-1.48336e-10
3.7412e-11
1.42742e-09
-8.5972e-09
8.98403e-09
1.37596e-08
4.26944e-10
7.89558e-10
7.85143e-09
-8.64099e-09
6.86399e-09
2.15755e-09
-3.4461e-09
3.90975e-09
8.89304e-09
1.67637e-09
-4.27867e-09
7.9031e-10
4.4835e-09
-9.95135e-10
-1.05892e-09
8.66459e-09
8.34515e-09
-1.94037e-09
7.35293e-09
-6.69148e-09
-2.01219e-09
2.10817e-09
6.5955e-09
-1.42971e-08
-7.8166e-09
8.37408e-09
1.62732e-08
1.07585e-10
-8.7068e-09
2.76257e-09
-2.19089e-09
8.78491e-09
-2.61198e-11
1.47823e-10
6.08184e-11
-1.82522e-10
-5.79104e-10
-8.41108e-09
1.18162e-08
1.02547e-08
-9.8799e-09
-5.3374e-09
1.86664e-08
-1.8317e-08
4.98798e-09
8.32543e-09
5.18024e-09
-8.29187e-09
1.39379e-08
-2.01714e-10
-1.36286e-08
4.23344e-09
8.58746e-09
8.73644e-09
-4.66384e-09
7.82663e-10
1.20848e-10
7.08125e-09
-1.96464e-09
1.69637e-09
-1.57595e-08
8.72533e-09
1.0377e-08
5.66624e-09
1.06322e-10
-8.11608e-09
5.13025e-10
2.15562e-10
-4.1607e-10
-3.12516e-10
1.28044e-08
9.14759e-09
8.32763e-09
-7.98185e-09
8.01722e-09
-1.17647e-09
5.15699e-09
2.33129e-09
7.44053e-09
-6.47698e-09
-1.96106e-09
-3.07501e-10
2.2562e-08
-1.49876e-08
4.78415e-09
-2.22149e-09
8.67999e-09
-6.71948e-09
1.35685e-09
2.9431e-09
6.24145e-10
4.71233e-10
4.35726e-10
8.59712e-09
8.74473e-09
-1.35084e-08
-7.8698e-09
1.89791e-09
5.33654e-09
-6.76974e-09
-3.25915e-09
8.9744e-09
8.36154e-09
-9.17203e-10
-7.44138e-09
2.96116e-10
1.52071e-09
5.42255e-09
-1.6166e-09
1.10244e-09
5.8859e-09
-1.68679e-08
3.78692e-10
-4.29405e-09
4.14871e-09
-3.82018e-09
-8.02268e-09
-3.75766e-09
-7.76445e-10
-5.91435e-09
-7.47233e-09
8.83216e-09
7.36235e-10
-9.11269e-09
9.5667e-09
-4.54017e-10
-6.97735e-09
7.64034e-11
-1.87621e-08
1.5466e-08
-2.54587e-09
-1.88769e-08
1.77869e-08
5.04367e-09
-7.94316e-10
5.21609e-11
1.36762e-08
4.5332e-10
-1.55049e-08
4.26351e-10
1.54613e-08
-1.15946e-08
-1.48786e-08
1.12202e-09
1.45461e-08
5.23637e-09
4.46032e-09
-1.72556e-09
-2.15984e-09
1.51011e-09
8.5079e-09
5.66682e-10
-6.35877e-09
1.47028e-09
-8.82925e-09
-1.20665e-09
1.00359e-08
-1.12476e-08
1.85679e-08
-2.15239e-09
-5.16794e-09
-6.60702e-09
7.43197e-09
-8.24945e-10
1.05894e-08
-5.99578e-10
-9.03052e-09
-9.59263e-10
-4.15788e-09
1.18383e-08
-1.00856e-08
3.50777e-10
1.87789e-08
-7.79807e-11
7.12893e-09
-2.13144e-09
8.08193e-09
7.98623e-09
5.55564e-09
-6.01056e-10
1.0251e-11
-1.11793e-08
1.36964e-08
2.07328e-08
1.36043e-09
-7.40806e-09
1.58024e-08
1.11201e-08
9.16111e-09
1.09272e-08
8.96659e-09
-6.00745e-11
-7.3946e-10
-1.77112e-09
7.00988e-10
1.80959e-09
-8.50903e-09
6.82318e-11
-3.11709e-10
2.1181e-10
-6.08321e-09
-1.41849e-08
1.135e-08
1.10814e-08
1.05889e-08
-8.07096e-09
-1.56015e-09
1.484e-09
8.14711e-09
-1.50353e-09
2.11074e-09
-1.75188e-09
1.39278e-08
2.02018e-09
-1.7933e-09
2.25875e-09
5.92875e-09
-1.71409e-08
1.26565e-09
8.89355e-10
8.80267e-09
-5.60639e-09
-4.58295e-09
-7.62042e-10
3.55387e-09
2.0077e-08
-2.36172e-08
3.24712e-09
-3.17802e-09
-6.05965e-09
-1.93714e-09
1.99154e-09
1.97252e-09
-3.07461e-09
-2.70862e-09
3.08673e-10
2.53248e-10
-3.13323e-10
-8.85042e-09
1.75026e-09
2.94641e-09
3.34288e-09
-1.52551e-09
-3.42123e-09
8.41419e-11
3.32902e-09
-2.75331e-09
1.55313e-08
3.78359e-09
-2.70325e-09
-5.97978e-10
7.24064e-10
-2.42152e-09
1.03831e-09
-1.53271e-08
1.07018e-08
-6.62225e-09
-8.2026e-09
-1.82046e-09
3.78446e-09
-2.02416e-10
-6.07128e-10
5.46394e-10
1.77267e-09
-1.77271e-08
4.49517e-10
-1.74018e-09
1.37836e-09
-2.61984e-10
9.23864e-09
-8.25112e-09
1.92323e-09
-6.7549e-09
-2.70845e-09
9.54322e-10
2.5104e-09
-2.30924e-09
6.93286e-09
-8.58959e-09
-8.82371e-09
-2.88977e-10
1.80654e-08
-2.10757e-08
4.78294e-09
-1.91525e-09
-1.23309e-08
-8.0424e-09
7.44666e-09
-2.28093e-09
-2.95737e-09
3.21762e-09
8.48908e-09
-1.2076e-09
9.56947e-09
-1.34906e-08
7.00922e-10
-2.1026e-09
-1.30549e-09
1.09131e-09
9.09645e-09
-9.17278e-09
7.63029e-10
-7.53042e-09
-2.55243e-10
-6.17031e-10
6.69191e-10
4.45198e-11
1.25992e-09
-8.84295e-09
9.81678e-09
1.2277e-08
-1.32508e-08
1.01297e-09
7.96786e-09
7.13819e-09
1.4871e-08
-1.29302e-09
-1.6657e-08
9.47602e-10
-5.56064e-09
5.00938e-10
-2.03322e-08
1.28458e-08
4.43438e-10
5.33668e-10
-1.12255e-08
-4.71171e-09
-1.31605e-08
-8.34663e-10
6.91111e-10
1.8667e-08
-1.21041e-08
-5.90211e-10
2.87272e-09
-1.05123e-08
1.50482e-09
1.11314e-09
-1.27677e-09
1.60003e-09
9.48652e-11
-9.45948e-11
4.49727e-11
7.0108e-09
4.66792e-10
-2.33319e-09
2.31432e-09
3.81119e-09
1.96152e-09
8.51554e-10
-1.45966e-09
1.23732e-09
1.73001e-10
2.54367e-09
2.12136e-08
-2.35769e-10
-8.04664e-09
1.14431e-09
-7.53012e-10
-2.06445e-12
4.35042e-10
-3.86954e-10
-6.18364e-10
2.249e-09
-4.68508e-09
7.45755e-09
-1.68413e-08
-4.82714e-09
5.08911e-09
6.77831e-10
3.41952e-10
-5.20666e-10
2.00564e-10
3.6932e-10
2.15391e-10
-2.71877e-10
-3.12834e-10
-1.45919e-08
1.13865e-08
-1.37865e-10
-1.09053e-10
1.51788e-10
2.06495e-09
-1.7853e-09
-8.31826e-09
-8.07856e-09
-9.09514e-10
-5.47886e-11
1.64112e-08
-2.28818e-10
-1.60466e-08
2.28249e-08
-1.07447e-09
-1.27635e-08
-4.15012e-10
-9.23628e-10
9.48754e-11
-4.90458e-11
1.83964e-10
2.46409e-09
-2.30186e-09
-6.45978e-10
3.2537e-10
-7.78499e-10
-3.94297e-11
-3.37969e-09
3.23765e-09
7.24007e-09
-7.11316e-09
-1.30031e-09
2.98208e-10
-2.65718e-10
-3.13746e-11
4.15922e-10
-3.84547e-10
1.8336e-10
-4.59441e-10
1.74158e-10
9.48632e-09
-1.19059e-09
-8.29574e-09
-7.89281e-09
2.38247e-09
-8.48169e-09
3.16916e-10
-5.2407e-10
2.26625e-10
1.64452e-08
-6.83423e-09
3.30284e-10
-1.26861e-08
-1.61324e-08
6.85917e-10
2.68763e-10
2.20055e-10
-3.15902e-10
1.16748e-08
2.94771e-10
-7.91869e-10
2.94564e-09
-8.52085e-09
5.57521e-09
-4.53597e-10
1.81938e-10
-3.30077e-10
2.18733e-10
-3.18046e-10
4.05962e-10
1.85421e-09
7.50248e-09
4.37937e-10
9.54672e-10
-5.96223e-10
3.24761e-09
-8.25864e-09
5.01103e-09
6.69384e-09
-9.39897e-09
-2.86711e-10
-5.03425e-10
3.36131e-10
1.97382e-10
5.3286e-09
-7.89182e-09
-4.85472e-10
4.39547e-10
4.34899e-10
1.5568e-10
-9.63721e-11
-1.68361e-10
5.43238e-09
-5.01394e-09
-3.68319e-10
2.06412e-10
1.61907e-10
-3.75799e-09
7.04574e-10
-8.77063e-09
-6.94117e-10
-6.95318e-11
-5.35265e-11
6.23633e-10
1.41456e-10
-1.4749e-10
1.46357e-09
-7.38267e-09
7.27178e-09
2.5503e-10
-5.24143e-10
3.62707e-10
2.11979e-08
-1.15347e-10
-8.93409e-09
-2.54986e-09
3.02238e-09
-4.36623e-10
4.66159e-10
2.40405e-11
1.40682e-08
1.77563e-08
-1.7354e-08
4.76193e-09
-8.43117e-09
3.16024e-09
-8.55362e-10
-4.14415e-10
-3.9983e-10
1.1381e-09
-8.91381e-10
-1.60055e-10
1.99801e-10
2.23968e-10
9.43904e-09
7.89775e-09
-6.18401e-09
-4.98281e-11
7.23083e-10
-8.99275e-09
-5.09208e-10
6.03844e-10
-8.95193e-09
7.82068e-09
-2.42115e-09
-5.39953e-09
3.5397e-10
-9.57243e-09
8.18883e-09
1.24293e-09
-1.05725e-09
8.62111e-09
-9.25993e-09
6.38821e-10
-5.54364e-10
4.34894e-10
3.02223e-10
6.11872e-09
-1.24083e-08
-9.52625e-10
1.71381e-10
-9.80503e-11
-3.89188e-10
1.59364e-08
-1.6161e-08
-6.21217e-11
-3.52236e-10
5.43083e-10
-5.01587e-09
5.63917e-09
1.79446e-08
2.49465e-09
1.65921e-08
-1.66369e-08
1.32906e-10
-1.51428e-09
1.81914e-09
1.36783e-08
2.99322e-09
-9.35199e-09
2.28902e-11
-2.28902e-11
-8.0254e-09
-4.86507e-09
-8.67743e-09
3.24943e-10
8.02237e-09
-2.69767e-10
6.05334e-10
1.22167e-10
5.87236e-09
-1.08089e-10
-5.76427e-09
5.80157e-09
5.9448e-09
5.57419e-09
-5.48768e-10
4.40841e-10
-1.69572e-08
-2.43875e-10
-4.85301e-09
1.27907e-08
-7.07074e-09
-3.2669e-10
-8.84074e-09
5.48747e-09
-7.77255e-10
2.11275e-09
-1.81643e-08
8.66842e-09
1.64206e-08
-7.67994e-09
-1.25915e-08
-3.34108e-09
3.32699e-09
-8.13e-09
8.48681e-09
-1.61224e-09
2.27302e-09
-2.6213e-09
-1.08336e-08
1.67722e-08
-3.25278e-10
-9.27364e-11
1.73716e-08
-8.45103e-10
-1.00393e-08
1.07439e-08
-1.94611e-08
-1.78688e-10
1.78485e-10
-8.14364e-09
-1.12183e-08
2.59918e-10
2.75764e-10
1.58062e-08
-1.31113e-08
3.41914e-09
-6.11402e-09
-1.83416e-09
2.37049e-09
-8.0143e-09
2.98781e-10
-1.22871e-09
4.94494e-09
-6.54072e-09
-7.75745e-09
-1.04449e-08
8.28616e-09
-8.05219e-09
8.06269e-09
-1.91402e-09
9.22475e-09
1.12181e-08
2.74415e-09
8.0837e-09
-1.99657e-09
2.85209e-09
-6.02303e-10
6.47466e-09
-1.49804e-09
-1.07632e-08
1.69937e-08
-2.20318e-09
-1.68482e-09
-1.0039e-08
-1.0465e-09
-1.40194e-08
1.77031e-08
7.3352e-09
-8.36467e-10
-6.42631e-09
5.89862e-09
1.77021e-10
-2.34429e-10
-3.96189e-10
4.02073e-09
3.41123e-09
-7.54632e-09
8.87981e-09
-2.15843e-09
1.26961e-10
5.41896e-10
7.19889e-09
-1.3004e-10
6.95345e-09
5.34455e-09
-6.11165e-09
1.22594e-09
1.51247e-08
3.12107e-09
5.44544e-11
-8.25091e-09
9.01959e-10
-5.70372e-10
8.33683e-09
-2.13471e-08
1.48568e-09
2.60186e-10
-1.33397e-10
-1.24748e-11
-1.74166e-08
1.85194e-08
-4.66596e-10
-1.52547e-08
-1.11584e-08
3.8608e-09
-3.35585e-09
-1.64051e-08
1.96007e-08
-1.86822e-09
-4.16832e-10
3.40339e-10
2.91884e-10
-4.19596e-10
4.78571e-10
-7.09434e-09
1.97795e-08
7.71767e-10
3.30492e-10
1.00365e-10
-1.42749e-10
1.08788e-10
4.31435e-11
1.64579e-08
-5.52969e-10
1.76442e-08
2.25546e-10
2.86029e-09
-3.53742e-10
-2.30653e-10
2.54319e-10
-6.52062e-09
-1.05566e-09
6.97398e-09
9.17214e-10
-1.19184e-09
-1.07173e-08
5.46693e-09
1.61229e-08
2.50976e-09
-1.17034e-08
-6.06106e-09
2.91592e-09
5.917e-09
-1.2791e-08
-1.37617e-09
2.28623e-09
-8.93898e-09
-6.77954e-09
7.61373e-09
3.87092e-10
1.24317e-09
-9.5256e-10
1.89941e-08
8.16601e-09
-1.78666e-08
1.21278e-10
-1.81324e-09
6.22627e-09
1.20322e-08
1.2039e-10
1.05005e-10
-8.6921e-10
1.27852e-10
1.33251e-10
1.75749e-08
-1.28435e-08
7.46527e-09
5.91769e-11
-1.84183e-09
7.32266e-11
-2.1537e-09
1.30809e-08
-2.93659e-09
1.29725e-08
-2.18255e-09
1.33026e-08
-1.34194e-09
2.78585e-09
-2.09876e-09
1.98745e-09
7.75703e-10
-1.69237e-08
4.1735e-09
-7.02265e-09
-7.72789e-11
1.44664e-08
-5.16514e-09
-3.56125e-11
-7.04974e-09
6.32566e-10
-5.89938e-10
4.73151e-09
6.90601e-09
-1.44138e-08
7.36248e-09
1.17731e-08
-8.46089e-09
-7.25639e-09
1.94742e-09
-4.79673e-10
-1.10732e-08
-4.06004e-09
8.45759e-09
-8.96198e-10
-1.40175e-09
-7.54171e-09
-4.1495e-10
5.25377e-10
-6.6163e-10
-8.35346e-09
-1.74353e-09
5.06407e-09
2.58918e-09
7.51041e-09
-1.32659e-10
-9.49704e-09
1.08556e-11
-1.63494e-10
8.72199e-09
1.85327e-10
3.47281e-11
-1.33373e-09
2.03174e-10
-3.06735e-10
8.92293e-09
-8.55192e-09
1.5222e-08
3.82376e-09
-1.52977e-10
-1.14974e-08
6.55393e-09
9.48552e-10
2.9237e-09
7.8752e-09
-3.40544e-09
-8.16724e-11
1.37582e-10
2.88079e-09
1.54239e-09
1.09795e-09
-2.53633e-09
-2.72609e-09
8.65271e-09
-2.56392e-11
9.62406e-10
3.0673e-10
3.49744e-09
8.55742e-09
-2.02309e-10
-4.1905e-10
-4.50829e-10
1.96391e-10
-1.60689e-10
-5.29573e-09
-3.51145e-09
-2.50578e-09
-5.73671e-09
-4.33088e-10
-6.46651e-11
-6.92248e-09
-2.50457e-11
5.02084e-09
4.50097e-09
-4.50198e-10
-9.02875e-10
7.97789e-09
-3.21187e-09
-3.31731e-10
-2.15697e-10
-4.44812e-10
-1.0949e-10
-7.86246e-09
7.5227e-09
-7.18155e-09
3.93239e-10
1.17014e-10
-1.44698e-10
1.41012e-10
-1.57395e-10
-1.10926e-08
1.13546e-08
5.78533e-09
-3.04028e-09
9.17592e-09
-1.46134e-08
-2.91012e-10
6.23902e-10
6.74414e-09
-4.94761e-11
-1.44739e-10
)
;

boundaryField
{
    back
    {
        type            empty;
        value           nonuniform List<scalar> 0();
    }
    ingreso
    {
        type            calculated;
        value           nonuniform List<scalar> 
28
(
-9.35669e-09
-9.35669e-09
-9.3565e-09
-9.35659e-09
-9.35572e-09
-9.35669e-09
-9.35669e-09
-9.35611e-09
-9.35669e-09
-9.35659e-09
-9.35669e-09
-9.35669e-09
-9.3565e-09
-9.35669e-09
-9.35669e-09
-9.35659e-09
-9.35659e-09
-9.35669e-09
-9.35669e-09
-9.35655e-09
-9.35572e-09
-9.35669e-09
-9.35669e-09
-9.35669e-09
-9.3565e-09
-9.35669e-09
-9.35653e-09
-9.35659e-09
)
;
    }
    salida
    {
        type            calculated;
        value           nonuniform List<scalar> 
12
(
2.63194e-08
2.56636e-08
2.50466e-08
1.42554e-08
1.53192e-08
1.48005e-08
2.75794e-08
2.69675e-08
2.65923e-08
1.94161e-08
1.98749e-08
2.01487e-08
)
;
    }
    front
    {
        type            empty;
        value           nonuniform List<scalar> 0();
    }
    defaultFaces
    {
        type            calculated;
        value           uniform 0;
    }
}


// ************************************************************************* //
