/*--------------------------------*- C++ -*----------------------------------*\
  =========                 |
  \\      /  F ield         | OpenFOAM: The Open Source CFD Toolbox
   \\    /   O peration     | Website:  https://openfoam.org
    \\  /    A nd           | Version:  8
     \\/     M anipulation  |
\*---------------------------------------------------------------------------*/
FoamFile
{
    version     2.0;
    format      ascii;
    class       volVectorField;
    location    "7.4";
    object      U;
}
// * * * * * * * * * * * * * * * * * * * * * * * * * * * * * * * * * * * * * //

dimensions      [0 1 -1 0 0 0 0];

internalField   nonuniform List<vector> 
1642
(
(4.29749e-06 -5.04972e-06 1.31493e-26)
(0.00200656 0.0051008 9.59689e-21)
(0.00232182 0.00483768 5.57051e-21)
(0.00221029 0.00365324 3.03302e-20)
(0.000868887 1.36827e-05 1.39772e-21)
(0.000706385 0.000136515 3.57317e-20)
(0.00105734 0.000161119 8.70999e-21)
(0.00104964 0.000234882 -3.26301e-24)
(0.000691396 0.000475276 8.47982e-21)
(0.00085171 0.000241778 2.25392e-20)
(0.00260814 0.00313352 -1.66773e-20)
(0.000335586 0.000935732 -1.83128e-20)
(0.000771725 0.000370342 2.22195e-20)
(0.000887018 0.000191615 -1.51214e-20)
(0.000485295 0.000398345 0)
(0.000702031 0.000518854 0)
(2.32713e-05 0.000244211 -1.19269e-20)
(5.12823e-07 0.000206931 1.97586e-20)
(1.48485e-05 1.95765e-05 4.25294e-25)
(2.73005e-05 1.11499e-05 4.08129e-21)
(0.000902939 0.000145587 -5.78186e-21)
(0.000966661 0.000246498 6.63392e-21)
(0.000883131 0.000175102 0)
(0.00226986 6.36283e-05 -1.96615e-20)
(0.000343259 0.000241319 -3.29934e-20)
(3.88855e-05 0.000513771 -4.23317e-21)
(0.000831167 -8.96923e-05 1.29653e-20)
(0.000115656 0.000232535 0)
(0.00421919 0.00441428 4.62939e-22)
(0.0042632 0.00445124 1.72395e-22)
(0.00441474 0.00460494 -2.0226e-22)
(0.00101189 8.86816e-05 -1.01073e-20)
(0.000321431 0.00120952 0)
(4.16976e-05 -4.50661e-05 -4.31304e-21)
(0.000363836 0.000217615 1.00316e-20)
(0.000400559 0.000436842 -1.87998e-21)
(0.000895201 0.00042079 -3.28578e-20)
(0.000935066 3.06531e-05 3.13329e-22)
(0.000413623 0.000321087 -8.42808e-25)
(0.000906298 0.000252383 -9.89911e-21)
(0.000838998 0.000180286 0)
(1.8578e-05 4.51816e-05 -2.32183e-21)
(3.4351e-05 8.39259e-06 0)
(0.000863062 0.00503245 -2.03769e-20)
(-0.00166292 -4.82213e-06 -1.92735e-21)
(0.000759289 3.57021e-05 -2.17538e-21)
(0.000861314 1.77259e-05 6.46943e-22)
(0.000488152 0.000107611 -4.51424e-21)
(0.000357197 0.000123619 -1.27053e-20)
(0.000675126 0.000393469 -1.94507e-20)
(3.31374e-05 8.56344e-05 -4.77635e-21)
(0.000748565 0.000404916 -6.20061e-21)
(1.54332e-05 -5.91594e-06 3.3854e-21)
(0.000146428 0.00468073 0)
(0.00252635 0.0037534 -1.49202e-20)
(0.000568434 0.000486398 9.78721e-22)
(0.00105321 0.000193243 -4.40338e-21)
(0.000195527 1.02751e-05 -6.58039e-21)
(0.00121341 0.000401346 -2.63478e-20)
(0.000357171 -0.000343162 0)
(0.000271029 0.000143162 0)
(0.000927932 5.79357e-05 -1.23611e-21)
(9.09137e-05 -7.12191e-05 3.62696e-21)
(0.00138718 0.000168882 -1.84876e-20)
(7.57746e-05 0.000422976 1.52185e-20)
(5.57601e-05 9.74073e-06 1.13081e-21)
(0.000110345 0.00012586 0)
(4.88981e-05 1.75049e-05 -4.60248e-21)
(0.000446074 0.0005312 5.10682e-21)
(6.20105e-06 6.07615e-05 -4.29573e-21)
(0.000314956 9.50951e-05 -1.22614e-20)
(7.34027e-05 0.000280575 -1.35177e-20)
(0.000251223 7.18621e-05 1.62554e-20)
(0.000887837 3.73743e-05 1.26129e-21)
(0.000475211 0.000621999 8.02055e-21)
(0.00130521 0.00155922 -2.0865e-21)
(0.00428841 0.00445906 6.10703e-25)
(0.0041332 0.00431099 0)
(0.00408012 0.00427221 -2.40175e-22)
(0.000432824 0.000182186 5.76713e-21)
(5.79113e-05 -5.29866e-08 2.3175e-21)
(3.4559e-05 2.02813e-05 1.59896e-20)
(0.00110316 0.000374225 -1.71007e-20)
(0.000972417 0.000451877 1.06091e-20)
(-0.00207033 0.000388566 0)
(0.000457814 0.000639589 -3.85681e-21)
(0.000420187 0.000531074 -1.47467e-20)
(8.06922e-06 -9.45641e-05 0)
(0.000559237 0.000592596 3.76363e-21)
(3.28877e-05 -3.2434e-05 -1.74008e-21)
(0.00102965 0.000123086 -6.92938e-21)
(0.000123882 0.000329616 2.79995e-20)
(0.000750974 0.000564268 -1.76631e-20)
(0.000457557 0.000469297 -7.64196e-21)
(0.000544457 0.000396499 -3.01881e-20)
(6.76676e-05 -0.000187101 -1.01008e-21)
(0.00079104 0.000164919 -2.44667e-20)
(0.000577621 0.000336948 2.59406e-20)
(0.000355339 0.000319901 1.53006e-20)
(0.000456802 0.00052622 -1.01724e-20)
(0.000417632 0.000619062 1.89397e-20)
(0.000508845 0.000767763 0)
(2.21327e-05 -0.000178361 8.46944e-21)
(0.00484665 0.00474815 -1.24884e-22)
(0.00467626 0.00458485 1.70918e-20)
(0.00462485 0.0045391 4.67495e-21)
(0.00431378 0.00409197 1.85717e-20)
(0.00427651 0.00405739 2.00189e-22)
(0.00447341 0.00423173 3.49031e-21)
(0.00432454 0.00408121 -1.1599e-22)
(0.004299 0.00408538 5.8086e-21)
(0.00428591 0.0040408 -7.1535e-21)
(0.00446887 0.00424188 0)
(0.00447911 0.00422812 5.7084e-21)
(0.00432857 0.00408376 1.62415e-21)
(0.00432764 0.00408318 3.34521e-21)
(0.00447786 0.00422843 -1.06399e-21)
(0.00427828 0.00407845 0)
(0.00418783 0.0032512 0)
(0.00404145 0.00364433 8.18305e-21)
(0.00428537 0.00404859 -9.39757e-22)
(0.00345309 0.00310675 -2.28695e-20)
(0.00398307 0.0032926 0)
(0.000405229 0.000625997 3.74238e-21)
(0.000543907 0.000591462 0)
(0.000316696 -8.62038e-05 2.43525e-21)
(0.000951629 0.00021941 1.40622e-20)
(7.3483e-06 -5.82472e-05 0)
(0.000557421 0.000280525 4.7789e-21)
(0.000608238 0.000325695 -1.40789e-20)
(0.000418069 2.01121e-05 0)
(0.000211752 -0.000110033 -2.37703e-21)
(2.20992e-05 -4.31269e-05 -1.01995e-21)
(0.000771643 9.69477e-05 8.76925e-21)
(5.68801e-05 -1.03737e-05 -9.38134e-26)
(3.31981e-05 -5.65017e-05 1.06859e-21)
(0.000619825 0.000275032 -2.63315e-21)
(0.000315348 -5.71076e-06 2.61976e-21)
(0.000625589 0.000211267 0)
(0.000716643 0.000416258 0)
(2.25227e-05 0.000386822 8.14762e-21)
(5.8434e-05 1.97014e-05 -1.5368e-21)
(9.67305e-05 7.47376e-05 0)
(0.000336947 5.99317e-05 1.1091e-20)
(0.00061031 0.00044967 3.82891e-20)
(6.62881e-05 0.000221942 1.43536e-20)
(0.000831917 9.99835e-05 0)
(4.77548e-05 0.000131305 1.97824e-20)
(0.000850295 0.000142164 -2.49925e-21)
(0.00070812 0.000178773 4.13633e-20)
(0.000281337 0.000185703 1.66212e-20)
(0.000854269 4.72722e-05 3.75982e-21)
(6.57054e-05 -1.6582e-05 -2.17336e-21)
(0.00031986 0.0002367 0)
(0.0010437 -8.87365e-05 1.19356e-20)
(0.000858492 0.00014122 0)
(0.000895246 0.000107791 -2.05345e-21)
(4.72859e-06 2.20878e-05 -1.36692e-20)
(6.0669e-06 -4.45981e-05 -6.48404e-23)
(-1.29913e-05 0.000295286 0)
(8.79514e-05 7.58914e-05 3.74707e-20)
(6.55018e-05 5.02497e-05 -3.98549e-21)
(0.000136725 -4.62537e-05 1.08106e-21)
(0.000911768 0.000199226 0)
(5.13485e-06 -2.86982e-05 0)
(0.000854818 6.6204e-05 0)
(0.00090099 7.09598e-05 0)
(5.23552e-05 -1.90293e-05 -2.40394e-21)
(0.000870048 1.00897e-05 -5.45409e-21)
(1.57845e-05 -0.000185254 -2.00676e-21)
(-1.26506e-05 0.000299712 -2.01957e-20)
(-1.77094e-06 0.000172731 -1.7455e-20)
(5.26143e-06 4.71616e-05 4.23209e-21)
(2.62182e-06 0.000145127 1.77304e-20)
(0.00067957 -1.30279e-05 -6.40444e-21)
(1.96181e-05 -0.000103084 1.91604e-21)
(0.000798578 0.000231805 1.01588e-20)
(0.000356075 0.000140388 1.49219e-20)
(0.000604361 0.000223729 0)
(0.00055417 0.000438716 -3.85966e-21)
(0.000978845 0.000362702 8.86538e-21)
(3.94772e-05 2.02466e-05 1.43033e-20)
(0.000762621 0.000818768 3.84301e-21)
(4.25389e-06 3.20352e-05 6.84502e-21)
(4.85205e-06 0.000119627 0)
(0.000548474 0.000312027 1.05325e-20)
(0.000625341 8.19135e-05 9.35035e-22)
(4.95766e-05 -9.70958e-06 -9.49889e-21)
(0.000199374 -0.000194109 1.29542e-21)
(0.00092393 0.000346189 1.79855e-24)
(0.000469278 0.000482233 1.91361e-25)
(0.000380077 0.000127473 -1.21345e-20)
(4.86659e-05 3.15199e-05 1.82053e-21)
(0.000306487 0.000278269 -8.00135e-21)
(0.000187951 -8.19142e-05 -2.28297e-21)
(0.000720156 -3.71929e-05 1.71254e-24)
(0.000403503 0.000624634 -9.03091e-22)
(5.02693e-05 -2.49021e-06 7.54379e-21)
(0.000300051 0.000427031 -1.90009e-20)
(0.0006001 0.000214877 3.23407e-20)
(6.30667e-05 1.00677e-05 -4.31878e-21)
(8.06211e-05 1.36689e-06 -2.70676e-22)
(0.000532396 0.000681196 -3.93259e-21)
(0.00062668 0.000436881 1.17626e-20)
(0.0010356 0.000130961 0)
(4.21766e-05 8.18714e-06 1.19604e-20)
(0.000401223 0.000218222 -9.00749e-21)
(0.00448184 0.00424681 -1.72085e-20)
(0.00429039 0.0040578 -7.55517e-21)
(0.00433209 0.0040988 -6.90227e-21)
(0.00447915 0.00424904 -1.043e-20)
(0.0044761 0.00425045 0)
(0.00236183 0.002366 4.20654e-21)
(0.00236113 0.00236398 -2.24387e-23)
(0.00428771 0.00405585 -7.65705e-21)
(0.00448057 0.00424858 6.04711e-21)
(0.00432887 0.00409783 -8.74501e-21)
(0.00448058 0.0042492 -5.92119e-21)
(0.00433139 0.00409735 7.11298e-21)
(0.00234918 0.00235714 0)
(0.00448139 0.00425017 0)
(0.00235934 0.00235125 -3.37497e-21)
(0.00447944 0.00424631 -5.33669e-21)
(0.00429748 0.00405434 -4.60754e-21)
(0.00448194 0.00425214 -1.38246e-20)
(0.0042927 0.00405963 0)
(0.00228551 0.00228699 -3.45032e-21)
(0.00510323 0.00433674 -2.91006e-20)
(0.00236735 0.00234555 1.52404e-20)
(0.00228469 0.00228913 -6.57077e-21)
(0.00236138 0.00236347 -1.22529e-20)
(0.00228278 0.00229105 -8.88605e-21)
(0.00236049 0.00236382 9.98718e-21)
(0.00236606 0.00235117 -1.06165e-20)
(0.00236428 0.00236603 -1.04182e-22)
(0.00234836 0.00235594 7.9436e-21)
(0.00227583 0.00228444 1.25668e-20)
(0.00235695 0.00236112 2.09279e-20)
(0.00445267 0.00424792 -6.56979e-21)
(0.00433309 0.00410192 -3.13221e-21)
(0.00537162 0.00444513 2.20517e-20)
(0.00433267 0.00410145 -1.23131e-22)
(0.00447367 0.00425361 6.23654e-21)
(0.00558313 0.00479729 -1.53284e-20)
(0.00448473 0.00425101 3.10385e-21)
(0.00432665 0.00409378 1.04838e-21)
(0.00235439 0.00235932 6.43778e-21)
(0.00292761 0.00274246 -1.50056e-20)
(0.00437983 0.00406643 0)
(0.0044772 0.00423703 -1.00246e-21)
(0.00235644 0.00236625 2.10745e-21)
(0.00447777 0.00424468 -1.10007e-20)
(0.00454765 0.00412716 0)
(0.00508307 0.00435309 7.1975e-21)
(0.00448413 0.00423931 1.63385e-21)
(0.0043335 0.00409751 1.71581e-21)
(0.00429733 0.0040584 -2.00231e-21)
(0.00455882 0.00429391 1.62222e-20)
(0.00428681 0.00406011 9.78853e-21)
(0.00433295 0.00409521 -1.69317e-21)
(0.00427968 0.00406509 0)
(0.00434355 0.00418688 0)
(0.00434982 0.00419389 -1.3602e-20)
(0.00228872 0.00229904 2.2019e-21)
(0.00265057 0.00250533 -1.46897e-20)
(0.00435002 0.00418838 6.55363e-21)
(0.00429375 0.00405997 0)
(0.00433244 0.00410733 -1.03955e-20)
(0.00358156 0.00333341 -2.55497e-22)
(0.00437198 0.00413598 6.12391e-21)
(0.0023301 0.00234781 -6.68138e-21)
(0.00448429 0.00424145 -1.65569e-21)
(0.00228907 0.00230021 4.04312e-21)
(0.00428894 0.00406746 6.62476e-21)
(0.00463096 0.00423144 6.9833e-21)
(0.00468579 0.00434308 0)
(0.00233868 0.00231801 -2.50247e-20)
(0.00433919 0.00410929 1.15785e-20)
(0.00447856 0.00424589 5.63541e-21)
(0.00228948 0.00228932 1.30007e-22)
(0.00237242 0.00236198 -6.35394e-21)
(0.00227738 0.00228653 1.98238e-21)
(0.00235199 0.00235435 -5.62098e-21)
(0.00341291 0.00329733 -1.64548e-20)
(0.00447114 0.00423928 -1.64783e-21)
(0.00433676 0.00409795 0)
(0.00228982 0.00229712 4.557e-21)
(0.00429385 0.00405768 0)
(0.00229341 0.00230341 -2.29241e-21)
(0.00227904 0.00228435 1.55469e-20)
(0.00448825 0.00424418 0)
(0.0042992 0.00406353 6.14714e-21)
(0.00428943 0.00406246 5.98458e-21)
(0.00448898 0.00425227 5.74804e-21)
(0.00234645 0.00235547 1.91705e-21)
(0.00229421 0.00229807 0)
(0.00233897 0.00235396 3.99939e-21)
(0.00286698 0.00276572 1.72751e-20)
(0.00285978 0.00281091 0)
(0.00433236 0.00410893 1.10126e-20)
(0.00429524 0.00405749 3.29225e-21)
(0.00234112 0.00235389 -1.26925e-21)
(0.00433265 0.00409686 -2.94376e-21)
(0.00229036 0.0023 4.98805e-21)
(0.00227291 0.00228557 -3.84098e-21)
(0.00428661 0.00405908 -9.63418e-21)
(0.00223165 0.00211835 0)
(0.00227187 0.00228198 -1.22033e-20)
(0.00235565 0.00236425 1.25538e-21)
(0.00448358 0.00424093 -2.83334e-21)
(0.00228645 0.00229554 1.30766e-21)
(0.00229277 0.00229364 0)
(0.00230501 0.00232239 6.84524e-21)
(0.00367379 0.00348848 0)
(0.00230893 0.00230093 -1.79582e-20)
(0.00236464 0.00237227 -2.22196e-21)
(0.00227676 0.00228694 3.83194e-25)
(0.00227671 0.00228866 -6.5414e-21)
(0.00428979 0.00405701 -7.05699e-21)
(0.00444998 0.0042418 -1.18572e-21)
(0.00306346 0.00327454 -8.73862e-21)
(0.00235648 0.00233947 -3.81618e-21)
(0.00225144 0.00225706 0)
(0.00228116 0.00226716 1.38863e-20)
(0.00527979 0.00472721 -1.5688e-20)
(0.00442998 0.00472498 8.53452e-21)
(0.00228186 0.0022911 0)
(0.00482772 0.00419461 6.97479e-21)
(0.00229939 0.00218007 2.77154e-22)
(0.00428643 0.00406127 0)
(0.00235467 0.00235841 -1.25697e-20)
(0.00228761 0.00229038 -2.66732e-20)
(0.00428715 0.0040554 -1.28856e-21)
(0.00433467 0.00409982 5.93256e-21)
(0.00448245 0.0042512 4.59422e-21)
(0.00448817 0.00424538 4.18885e-21)
(0.00228708 0.00229855 -1.41022e-21)
(0.00228361 0.00229659 2.4101e-21)
(0.00226996 0.00226954 0)
(0.00229067 0.00229412 3.18284e-21)
(0.00429859 0.00405861 0)
(0.00432135 0.00410568 -5.1542e-24)
(0.00463614 0.00417328 0)
(0.00229251 0.00227233 1.28779e-20)
(0.00448599 0.00424464 5.73889e-21)
(0.00254281 0.00247006 0)
(0.00330893 0.0033739 8.82778e-21)
(0.00368004 0.00355051 -2.53349e-20)
(0.00237386 0.00236826 0)
(0.0023665 0.00237165 0)
(0.00230265 0.00229849 -5.85131e-21)
(0.00227247 0.00228078 -7.13844e-21)
(0.0042927 0.00405731 2.99885e-21)
(0.00436498 0.00437907 0)
(0.00433679 0.00409985 4.32557e-21)
(0.00442044 0.00422804 4.20936e-22)
(0.00229626 0.00230226 0)
(0.00427071 0.00408222 -1.59138e-21)
(0.00348017 0.0035602 3.66216e-23)
(0.00433575 0.00410329 5.47853e-21)
(0.00229064 0.00228177 -4.14751e-21)
(0.00229709 0.00228829 7.57564e-21)
(0.0044772 0.00424962 7.13222e-21)
(0.00432653 0.00410484 1.29552e-22)
(0.00432648 0.00410297 -3.71261e-21)
(0.00228532 0.00228992 2.9478e-21)
(0.00428376 0.00406237 4.28939e-21)
(0.0023585 0.00235865 1.15103e-20)
(0.00428391 0.00406251 -8.19069e-21)
(0.00416317 0.00496416 0)
(0.00222529 0.00211162 -5.36108e-22)
(0.00228015 0.00228276 -5.44489e-21)
(0.00433428 0.00410956 -5.453e-21)
(0.00433726 0.00410253 7.56212e-21)
(0.00227854 0.00227782 0)
(0.00514061 0.00498429 -1.59645e-20)
(0.00428656 0.0040605 -1.07491e-20)
(0.00230505 0.00232433 1.35094e-20)
(0.0022774 0.00228241 -7.01033e-21)
(0.0043833 0.00415381 1.25062e-20)
(0.00227738 0.00228073 0)
(0.00227928 0.00228384 1.1802e-20)
(0.00228695 0.00230094 9.10868e-21)
(0.00228492 0.00227365 0)
(0.00433703 0.00410362 5.42194e-21)
(0.00448948 0.00424968 -9.62904e-21)
(0.00448073 0.00424514 -4.13936e-21)
(0.00447941 0.00424075 1.02714e-21)
(0.00448147 0.00425089 8.96044e-21)
(0.00447015 0.00424817 -1.13921e-20)
(0.00235826 0.0023585 0)
(0.00242654 0.00239037 -1.60857e-20)
(0.00227721 0.00226597 4.20435e-21)
(0.00432981 0.00409692 -1.07292e-21)
(0.00246386 0.00240536 -2.09474e-20)
(0.00225474 0.00226709 1.26182e-21)
(0.00280221 0.00268618 -8.48546e-21)
(0.00235867 0.00235122 -6.21917e-21)
(0.00433209 0.00410722 4.78489e-21)
(0.00449099 0.0042522 2.53932e-21)
(0.00226433 0.00227371 -7.40621e-21)
(0.00428629 0.00406078 0)
(0.00429005 0.00406311 3.61488e-20)
(0.00428681 0.00405568 2.2104e-21)
(0.00234248 0.00235561 -1.38775e-21)
(0.00227534 0.00228837 -1.99479e-21)
(0.00227399 0.00228807 1.87907e-21)
(0.00235868 0.00236187 2.42833e-20)
(0.00428799 0.0040678 1.34184e-20)
(0.00236965 0.00237345 4.85282e-21)
(0.00228718 0.0022913 5.24835e-21)
(0.00235356 0.00235705 -2.41292e-20)
(0.00228094 0.00228655 6.83447e-21)
(0.00429791 0.00405938 2.46904e-21)
(0.00228177 0.0022865 2.26375e-20)
(0.0043271 0.00405866 -1.51139e-20)
(0.00239884 0.00237835 -6.55925e-21)
(0.00234182 0.00235498 0)
(0.0023569 0.00234094 2.31732e-20)
(0.00433056 0.00409782 -4.63422e-21)
(0.00227341 0.00228628 0)
(0.0022745 0.00228198 -4.93454e-21)
(0.00228505 0.00229432 3.69295e-24)
(0.00427738 0.00405393 0)
(0.00429785 0.00405763 -2.12483e-21)
(0.00232529 0.00233596 3.00051e-21)
(0.00448026 0.00424886 5.13107e-21)
(0.004297 0.00405713 -3.95648e-21)
(0.00433272 0.00410736 5.32275e-21)
(0.00227937 0.00228229 -6.762e-21)
(0.00428958 0.00406461 -1.25244e-20)
(0.00436889 0.0041868 -2.55562e-20)
(0.00438234 0.00417402 1.27486e-20)
(0.00228501 0.00228897 2.60252e-21)
(0.00235779 0.00236134 0)
(0.0042877 0.00406209 -2.2589e-20)
(0.00295822 0.00269703 0)
(0.00227362 0.00227901 5.50757e-21)
(0.00483163 0.00426038 7.10783e-21)
(0.00227432 0.00227663 3.80046e-21)
(0.00229128 0.00229259 5.45638e-21)
(0.00327634 0.00301548 7.54108e-21)
(0.00235408 0.00235942 1.05355e-22)
(0.00228122 0.00228589 -6.34826e-21)
(0.00227785 0.00228925 -4.37232e-21)
(0.00229649 0.00229849 -5.51403e-21)
(0.00448651 0.00424292 -1.92044e-21)
(0.00228638 0.00229033 3.13543e-21)
(0.00230734 0.00230364 -6.70166e-21)
(0.0043354 0.00409823 -1.98622e-21)
(0.0044816 0.00425211 -9.67036e-21)
(0.00473027 0.00428797 0)
(0.00434723 0.00411334 1.17051e-20)
(0.00228247 0.00228475 1.14298e-20)
(0.00235663 0.00235844 2.75769e-20)
(0.00230892 0.00233067 -2.70469e-20)
(0.00422763 0.00404284 -2.26328e-21)
(0.00229861 0.00230334 -7.57063e-21)
(0.00440721 0.00422391 6.5106e-21)
(0.00429931 0.00406055 0)
(0.0022888 0.00229555 1.45311e-20)
(0.00231885 0.00232322 -4.11897e-22)
(0.00428705 0.0040608 0)
(0.0023021 0.00230141 -1.49826e-24)
(0.00445991 0.00423512 -2.05091e-20)
(0.00525179 0.0044413 -7.63242e-21)
(0.00510896 0.00479201 7.84824e-21)
(0.00447832 0.00424636 0)
(0.00428302 0.00406631 6.71276e-21)
(0.00229476 0.002298 5.1501e-21)
(0.00482862 0.00478691 0)
(0.00234883 0.00234334 0)
(0.00289721 0.00280355 -2.65059e-20)
(0.00228885 0.00228985 0)
(0.00470364 0.00422981 0)
(0.00227285 0.00228106 0)
(0.00228574 0.00228788 0)
(0.00226694 0.00228129 -1.30632e-21)
(0.00225893 0.00227074 1.35942e-21)
(0.00236041 0.00234982 1.39907e-20)
(0.002363 0.0023648 1.85639e-20)
(0.00447937 0.00424603 -5.60961e-21)
(0.00228625 0.00229948 1.67396e-21)
(0.0043991 0.00421521 -1.21518e-22)
(0.00228557 0.00228792 6.93639e-21)
(0.00447999 0.00424952 3.22015e-21)
(0.00224811 0.00227054 -1.05837e-20)
(0.0043315 0.00409662 2.77155e-21)
(0.00428981 0.00406044 0)
(0.00543655 0.00494042 -7.83756e-21)
(0.00226647 0.00227937 0)
(0.00231689 0.00230542 6.14401e-21)
(0.0023472 0.00231971 -6.48245e-21)
(0.00235853 0.00235786 0)
(0.00231048 0.00229885 -1.12617e-22)
(0.00227964 0.0022848 5.03394e-21)
(0.00233498 0.00231106 6.68084e-21)
(0.00229666 0.00228085 -8.07408e-21)
(0.00235209 0.00235617 1.08543e-20)
(0.00263844 0.00299101 3.81797e-20)
(0.00425096 0.00407185 -3.6459e-23)
(0.00447796 0.00425385 -6.26057e-21)
(0.00232586 0.00230679 -2.03521e-20)
(0.00227609 0.00228912 6.75629e-22)
(0.00313478 0.00330645 -9.08334e-21)
(0.00226876 0.00225682 1.45431e-20)
(0.00451442 0.00423197 6.821e-21)
(0.00227847 0.00228817 7.24077e-21)
(0.0023489 0.00235685 7.01975e-21)
(0.00234963 0.00233248 4.41625e-21)
(0.00263086 0.00254209 -7.50429e-21)
(0.00229458 0.00229599 0)
(0.00229587 0.00229443 1.12426e-20)
(0.00228078 0.00228987 3.28441e-21)
(0.00229494 0.00225871 2.30734e-20)
(0.00236948 0.00237136 0)
(0.00228681 0.0022732 -1.31049e-20)
(0.00433254 0.00410125 0)
(0.00232289 0.00234687 -3.93286e-21)
(0.00323044 0.0029477 7.9757e-21)
(0.00433183 0.00409962 0)
(0.00228455 0.00229195 -2.49703e-24)
(0.00235497 0.00236075 -2.86066e-24)
(0.00266796 0.00256291 0)
(0.0033927 0.00315826 -7.89239e-21)
(0.00456542 0.00437073 -1.72104e-20)
(0.00227316 0.00226466 -8.93108e-24)
(0.00226107 0.0022804 0)
(0.00429057 0.00406611 6.28789e-21)
(0.00448251 0.0042408 -2.66396e-21)
(0.00226792 0.00225991 8.97277e-22)
(0.00234023 0.00235221 -6.47601e-21)
(0.0022814 0.00228579 0)
(0.00228025 0.00228528 -1.20367e-20)
(0.00270003 0.00272252 1.76838e-20)
(0.00432027 0.00409602 -2.52864e-21)
(0.00228703 0.00229026 -1.22403e-20)
(0.00234212 0.00235027 0)
(0.00431077 0.00409638 -6.66345e-22)
(0.00233696 0.0023436 -2.11509e-20)
(0.00433467 0.004102 -2.92347e-21)
(0.00226796 0.00227946 -7.66537e-21)
(0.00428093 0.00406215 0)
(0.00226312 0.00227701 -4.4063e-21)
(0.00234314 0.00233113 1.06532e-22)
(0.00235875 0.00233634 4.01836e-21)
(0.00235394 0.00236292 2.84541e-21)
(0.0018653 0.00197525 0)
(0.00228596 0.00228812 3.85529e-21)
(0.0023516 0.00232165 -1.31693e-20)
(0.00444957 0.00424461 2.68954e-20)
(0.00234973 0.00235869 3.16688e-21)
(0.00421139 0.00403243 5.5452e-22)
(0.00429468 0.0040643 -6.21366e-21)
(0.00471646 0.00499444 8.01939e-21)
(0.00244616 0.00242033 -7.05843e-21)
(0.00227953 0.00225945 -4.59493e-21)
(0.00448908 0.00424745 7.23674e-21)
(0.00233839 0.00232393 4.61286e-21)
(0.00430038 0.00409748 5.87393e-22)
(0.00232316 0.00234465 -2.60329e-23)
(0.00240217 0.00247287 -2.01219e-20)
(0.00227162 0.00228126 0)
(0.00446385 0.00425338 0)
(0.00427894 0.0040614 1.28758e-20)
(0.00236134 0.00237035 1.73467e-21)
(0.00429342 0.0040555 1.31063e-21)
(0.00227363 0.00228746 4.19856e-21)
(0.0023264 0.00234985 0)
(0.00227572 0.00228468 -8.70356e-21)
(0.00428774 0.00406168 0)
(0.00234414 0.00232499 -8.5722e-21)
(0.00445791 0.00409001 -1.54789e-20)
(0.00227199 0.00225987 4.90726e-21)
(0.00226651 0.00227979 -4.51407e-21)
(0.00225526 0.00227858 -4.06439e-21)
(0.00533315 0.00461578 1.56808e-20)
(0.00428586 0.00406663 -1.37411e-20)
(0.00448999 0.00425202 0)
(0.00468468 0.00427888 1.14093e-20)
(0.00235171 0.00232909 -4.7469e-25)
(0.00227184 0.00228149 -4.20104e-21)
(0.00227366 0.0022595 4.50937e-21)
(0.00448536 0.00425117 0)
(0.00433126 0.00410767 0)
(0.00433179 0.00410379 -4.8489e-21)
(0.00234606 0.00233176 9.21102e-21)
(0.00227053 0.00228119 -9.37759e-21)
(0.00235548 0.00236227 0)
(0.0043569 0.00412267 2.35578e-20)
(0.00227133 0.00228269 1.35625e-20)
(0.00234199 0.00235036 0)
(0.00554317 0.00459756 0)
(0.00226453 0.00227816 -7.94063e-21)
(0.00448359 0.0042398 -2.47183e-21)
(0.0022849 0.00226644 4.18707e-21)
(0.00234932 0.00232955 0)
(0.00225612 0.00226866 -1.65742e-21)
(0.00226093 0.00228474 4.99511e-21)
(0.00229189 0.00230117 1.79569e-21)
(0.00433302 0.00409564 2.517e-21)
(0.00428621 0.00406064 1.04532e-20)
(0.002269 0.00228085 -7.38995e-21)
(0.00232089 0.00234149 -1.26959e-22)
(0.00448064 0.00424845 3.33943e-21)
(0.00227946 0.00226386 0)
(0.00226359 0.00227723 0)
(0.00447983 0.00424808 0)
(0.00125053 0.00145687 0)
(0.0044615 0.00423931 0)
(0.002287 0.00229793 -2.75438e-21)
(0.00227608 0.00226306 1.04712e-20)
(0.00239671 0.00233306 -7.28655e-21)
(0.00429467 0.00405724 3.55099e-21)
(0.00227876 0.00226616 2.12888e-20)
(0.00224778 0.00227065 -3.02311e-21)
(0.00232814 0.00237158 0)
(0.0043375 0.00410042 -2.4425e-21)
(0.00227025 0.00225691 0)
(0.00224565 0.00227391 1.10124e-22)
(0.00229291 0.00229346 -7.0256e-21)
(0.00225098 0.00227199 8.22459e-21)
(0.00233 0.00235281 3.25425e-21)
(0.00231589 0.00215974 -1.49007e-20)
(0.00232404 0.00234185 -2.63117e-23)
(0.00228216 0.00227291 -1.42618e-20)
(0.00215592 0.001905 7.41166e-21)
(0.00226062 0.00227772 0)
(0.00227182 0.00225777 0)
(0.00225768 0.00230313 0)
(0.00110328 0.00201451 2.34144e-20)
(0.00233763 0.0023236 -8.37692e-24)
(0.00225792 0.00227928 4.4094e-21)
(0.00235917 0.00235214 -2.01385e-20)
(0.00225772 0.00227729 -2.676e-23)
(0.00226402 0.00225327 -2.50305e-20)
(0.00229308 0.00231995 0)
(0.0043322 0.00409876 6.48335e-21)
(0.00224551 0.00227074 0)
(0.00226328 0.00225277 -1.31052e-20)
(0.00232444 0.00234026 0)
(0.00225706 0.00227734 8.06415e-21)
(0.00232298 0.00233999 2.7218e-21)
(0.00225603 0.00227709 5.59324e-21)
(0.00233227 0.00242709 5.26474e-22)
(0.00226162 0.00235731 -4.29977e-22)
(0.00234913 0.00233114 -6.31146e-21)
(0.00227722 0.0022485 -6.17059e-21)
(0.00236606 0.0025824 6.5448e-22)
(0.00234098 0.00232364 -1.24054e-20)
(0.00232479 0.00234742 4.27197e-21)
(0.00226711 0.00225601 5.12051e-21)
(0.00225801 0.00228155 0)
(0.00225488 0.00227525 4.97627e-21)
(0.00232129 0.00234442 -2.33776e-21)
(0.00225536 0.00227654 -2.41087e-21)
(0.00227379 0.0022671 -6.40718e-21)
(0.00226502 0.00225321 -1.36473e-20)
(0.00235883 0.00234514 -1.94499e-20)
(0.0023211 0.00237713 -6.57188e-21)
(0.00243207 0.00266235 4.71094e-21)
(0.00234665 0.00233277 -5.4943e-21)
(0.00227387 0.00226033 1.1109e-20)
(0.00227187 0.00225383 -1.14325e-20)
(0.00225617 0.00228106 0)
(0.00212537 0.0020149 -2.22947e-20)
(0.00427055 0.00405368 0)
(0.00232889 0.00234273 -6.20116e-21)
(0.0018976 0.00159677 -2.25831e-20)
(0.00232967 0.00234168 -3.35192e-21)
(0.00227241 0.00226091 1.318e-20)
(0.00191028 0.00220656 2.80454e-20)
(0.00224897 0.00227291 9.56351e-21)
(0.00232457 0.00234891 0)
(0.00232572 0.00234106 -5.69859e-21)
(0.00231342 0.00225805 6.69332e-21)
(0.00235658 0.00234293 2.14049e-20)
(0.00227097 0.00225972 -1.26272e-20)
(0.00226237 0.00218389 0)
(0.00229402 0.00250779 1.1646e-21)
(0.00234645 0.00233235 2.12359e-20)
(0.00234805 0.00233304 0)
(0.00235385 0.00233865 -7.30619e-24)
(0.00210588 0.00193938 -6.65403e-24)
(0.00223841 0.00224469 6.99505e-24)
(0.00234439 0.00232782 -6.54779e-21)
(0.00234223 0.00232728 -8.12483e-24)
(0.00227717 0.0022845 1.44813e-20)
(0.0022121 0.00208126 -1.596e-20)
(0.00229054 0.00227655 -7.76836e-21)
(0.00227064 0.00228451 -7.54563e-21)
(0.00238596 0.00238005 1.06533e-23)
(0.00226979 0.00225874 -1.42071e-20)
(0.00224784 0.00227334 -3.94673e-21)
(0.00248484 0.00258673 -6.99948e-21)
(0.00429894 0.00405777 -2.56235e-21)
(0.00251844 0.00268665 -2.29055e-20)
(0.00233586 0.00239715 -6.09152e-22)
(0.00226559 0.00232819 -9.02558e-23)
(0.00227572 0.00226331 0)
(0.00227949 0.00227223 0)
(0.0022485 0.00227656 -1.76446e-21)
(0.00224959 0.00227303 -1.3803e-22)
(0.00224801 0.00227152 -2.17875e-21)
(0.002249 0.0022715 -4.91004e-21)
(0.00224633 0.0022702 4.9333e-21)
(0.00425116 0.00405239 2.01816e-21)
(0.00229535 0.00228732 -1.48671e-20)
(3.03635e-05 2.26336e-05 -9.81494e-21)
(4.50879e-05 -1.64092e-05 4.84708e-21)
(9.2102e-05 0.000119595 1.35981e-21)
(0.000187625 -3.67098e-05 2.12024e-21)
(0.00097991 9.49629e-05 0)
(6.88563e-05 7.21124e-05 -8.76613e-22)
(0.000624197 0.000374331 3.64376e-20)
(5.91892e-05 0.000147128 0)
(0.000213504 -4.70609e-05 0)
(7.96795e-05 -1.6715e-05 -1.42335e-22)
(0.000633331 0.000110346 -1.3971e-20)
(0.00462564 0.00454089 -9.22348e-21)
(0.004622 0.00453848 4.39642e-21)
(0.00484622 0.00475021 6.42018e-23)
(0.00432327 0.00408873 1.13198e-20)
(0.00428419 0.00404896 1.20431e-20)
(0.00467419 0.00458655 0)
(0.00484694 0.00474917 -4.225e-21)
(0.00461698 0.00454193 -7.994e-21)
(0.00467024 0.00459244 0)
(0.0046806 0.00459024 0)
(0.00427631 0.00406243 -1.06417e-20)
(0.00468118 0.00458996 -9.54116e-21)
(0.00427984 0.00406127 5.7188e-21)
(0.00461674 0.00454338 4.01735e-21)
(0.00484656 0.00475285 0)
(0.00468071 0.00458806 5.37517e-21)
(0.00462791 0.00453935 1.73053e-20)
(0.00467955 0.00458984 1.02267e-20)
(0.00484582 0.00475241 0)
(0.00484587 0.00475169 0)
(0.00468277 0.00458704 -1.63485e-20)
(0.00484643 0.00475336 4.80244e-21)
(0.00461259 0.00454943 0)
(0.00461543 0.00454599 0)
(0.00483683 0.0047612 0)
(0.00483934 0.00475456 -5.7058e-21)
(0.00466639 0.00459735 0)
(0.00461211 0.0045498 -2.85058e-21)
(0.00466502 0.00459785 -5.37566e-21)
(0.00484131 0.00475494 3.34374e-21)
(0.00484641 0.00475364 -4.86963e-21)
(0.00484029 0.0047537 1.25656e-20)
(0.00461073 0.00454889 0)
(0.00483982 0.00475365 -6.02519e-21)
(0.00483788 0.00475818 0)
(0.00484523 0.00474873 -7.71532e-21)
(0.0046106 0.00455019 2.87893e-21)
(0.00466497 0.0045982 -7.58742e-21)
(0.0044713 0.00424462 0)
(0.00462741 0.00453938 -1.21458e-20)
(0.00472136 0.00455459 -6.02255e-21)
(0.00483406 0.00476402 -9.54442e-21)
(0.0046273 0.00453842 -1.23793e-20)
(0.00483579 0.00476336 0)
(0.00462674 0.00453864 0)
(0.00484624 0.00475336 1.00622e-20)
(0.00446315 0.00424338 1.18716e-20)
(0.00466479 0.00459881 2.46793e-21)
(0.00446784 0.00424578 -5.4106e-21)
(0.00466685 0.0045981 4.45887e-21)
(0.00483426 0.00476262 4.31081e-21)
(0.00462552 0.00453803 -6.64202e-21)
(0.00462085 0.00453944 6.87706e-21)
(0.00461196 0.00455069 4.8102e-21)
(0.00466581 0.00459923 -4.65325e-21)
(0.00483399 0.00476382 -4.4765e-21)
(0.00461992 0.00454109 0)
(0.00462364 0.00453872 6.57718e-21)
(0.00461208 0.00454975 -5.0518e-21)
(0.00483377 0.0047619 -3.93943e-21)
(0.00472135 0.00454935 -1.26275e-20)
(0.00466666 0.00459748 -4.06768e-21)
(0.00462458 0.00452557 0)
(0.00470502 0.00454323 -6.37443e-21)
(0.00461257 0.0045497 -5.45445e-21)
(0.00484689 0.00475336 -1.1969e-20)
(0.00461982 0.00454048 -2.06079e-20)
(0.00466695 0.0045386 1.29494e-20)
(0.00462187 0.00453919 -7.27347e-21)
(0.0046123 0.00454966 8.27291e-21)
(0.00466562 0.00459737 0)
(0.00483261 0.00476209 0)
(0.00463087 0.0045266 1.4813e-20)
(0.00459928 0.00449776 0)
(0.00483264 0.00476302 1.70549e-21)
(0.00466474 0.00459814 1.76805e-21)
(0.00461248 0.00454966 3.38715e-21)
(0.00483364 0.00476143 0)
(0.00466767 0.00429442 -1.27173e-20)
(0.00468254 0.00446379 0)
(0.00459299 0.00445183 1.38973e-20)
(0.0048386 0.00475534 -6.22428e-21)
(0.00461206 0.00454991 3.74282e-21)
(0.00484315 0.00475462 0)
(0.0046144 0.00438643 7.01342e-21)
(0.00494231 0.00463617 1.39599e-20)
(0.00483481 0.00475908 6.46416e-21)
(0.00434588 0.00368273 1.5964e-20)
(0.00418685 0.00373583 8.08292e-21)
(0.00465116 0.00450088 -7.48169e-21)
(0.00461269 0.00455012 -6.62161e-21)
(0.00428647 0.00337165 7.50236e-21)
(0.00505067 0.00453654 0)
(0.00465162 0.00461074 1.58284e-21)
(0.00413465 0.00366647 -1.64937e-20)
(0.00481988 0.00477626 1.49729e-21)
(0.00462045 0.00462217 1.66491e-21)
(0.00463875 0.00461381 7.31947e-22)
(0.00480745 0.00477868 -6.8579e-22)
(0.00425136 0.00336839 1.50994e-20)
(0.00478807 0.00478692 0)
(0.00475806 0.00478084 7.95594e-22)
(0.00459948 0.00452552 8.54924e-21)
(0.0045901 0.00461656 1.31837e-21)
(0.00439829 0.00454195 1.73634e-20)
(0.00471354 0.00474679 3.0734e-20)
(0.000800241 0.000580245 -7.9395e-21)
(-3.82443e-05 0.00114459 4.01839e-24)
(3.5547e-05 2.83013e-05 -8.15758e-21)
(5.09023e-05 4.48265e-06 -1.91464e-21)
(6.35641e-05 0.000260507 0)
(0.000118552 -2.52129e-05 -6.64234e-21)
(6.71705e-05 -2.88082e-06 2.7977e-22)
(0.000714465 0.000633496 -8.19811e-24)
(0.002279 0.00226576 -1.5723e-20)
(0.00467938 0.00459016 4.64572e-21)
(0.00227269 0.00225762 0)
(0.00226901 0.00228453 3.32505e-21)
(0.00233632 0.00234499 6.79237e-21)
(0.00226024 0.00228148 -2.93574e-21)
(0.00235044 0.00233101 1.75809e-20)
(0.00225362 0.00227669 0)
(0.00228015 0.0022433 6.00433e-21)
(0.00233026 0.00235341 -3.67771e-21)
(0.00225983 0.00228546 -1.30032e-22)
(0.00240323 0.00239202 -7.22013e-21)
(0.0046569 0.00460764 1.87676e-21)
(0.00460012 0.00456174 0)
(0.00225129 0.00228186 2.54008e-21)
(0.00482526 0.00477317 -8.25182e-22)
(0.00184293 0.00182964 1.70056e-20)
(0.0022845 0.00249354 8.37968e-22)
(0.00143225 0.00132629 1.51319e-20)
(0.00132179 0.00122335 -7.40338e-23)
(0.00108659 0.0017555 1.51544e-20)
(8.71782e-05 1.75577e-05 0)
(0.00427473 0.00406212 2.57901e-20)
(0.00431383 0.00409263 0)
(0.00427167 0.0040599 -1.76289e-20)
(0.00432133 0.00407738 3.03675e-21)
(0.00432408 0.00408259 -6.59594e-21)
(0.0044692 0.00422951 0)
(0.00446289 0.00424464 -1.17664e-20)
(0.00428161 0.00403571 0)
(0.00426122 0.00407025 0)
(0.00447645 0.00422595 4.65707e-21)
(0.0043253 0.00408052 2.37168e-21)
(0.00445509 0.00418908 -1.00162e-23)
(0.00432273 0.0040865 -8.58342e-22)
(0.00375834 0.00374767 -3.3825e-20)
(0.00447398 0.00423173 9.56866e-22)
(0.00428641 0.00404136 -1.09572e-21)
(0.00370494 0.00308341 -3.00342e-24)
(0.00428461 0.00405447 0)
(0.00344683 0.00348446 -3.28747e-22)
(0.00316133 0.00344484 -8.07216e-21)
(7.58224e-05 1.52903e-05 0)
(5.47452e-05 -8.6831e-05 0)
(0.00015468 0.000179679 -2.21435e-21)
(0.000125132 2.76569e-05 4.28466e-21)
(6.37407e-05 -2.97197e-05 2.48073e-21)
(6.36884e-05 9.02281e-05 -2.08702e-20)
(0.000775238 0.000205087 2.06746e-20)
(0.000804571 -0.000182235 2.69352e-20)
(5.63401e-05 5.78417e-05 5.17032e-22)
(0.000109271 2.36343e-05 0)
(0.000832663 0.000833887 4.28782e-21)
(0.000769316 0.000107597 -1.31311e-20)
(0.000234686 0.000194263 4.26365e-21)
(7.52052e-05 5.69766e-05 0)
(0.000157693 7.5939e-05 0)
(0.000636737 0.00036806 1.11089e-20)
(6.80392e-05 2.7538e-05 -5.27104e-22)
(0.000385275 0.000536597 1.11945e-20)
(0.000424562 0.000536481 3.37104e-20)
(0.000138698 6.12069e-05 0)
(0.000308327 -2.23978e-05 -9.37023e-21)
(5.59188e-05 3.74306e-05 2.65922e-22)
(3.48172e-05 6.77011e-05 -2.7246e-21)
(0.000469839 0.000652206 3.38907e-20)
(0.000558297 0.000154428 9.48757e-21)
(0.000386845 0.000484988 0)
(0.000903658 0.000124238 5.24953e-21)
(0.000643933 0.000568549 0)
(0.000198164 6.9013e-05 -1.58555e-20)
(0.000603674 0.000433375 -3.67438e-20)
(0.000135797 -6.16311e-06 -4.28215e-21)
(0.000655054 0.000184867 0)
(0.000392077 0.000580408 -2.93455e-20)
(0.000992687 0.000265406 -2.50632e-20)
(0.00049792 0.000489603 4.89136e-21)
(0.000233069 0.00022875 -1.86247e-20)
(3.77851e-05 8.73415e-05 1.09244e-21)
(0.000812823 4.47434e-06 0)
(9.51738e-05 -4.2037e-06 4.56275e-21)
(0.000278584 9.54329e-05 0)
(4.00497e-05 -8.98257e-05 7.0219e-21)
(7.88757e-05 3.35078e-05 4.07624e-21)
(0.00100291 0.000226929 1.10712e-21)
(0.000287506 5.03279e-05 1.91681e-21)
(0.000551295 0.000321069 -5.43314e-22)
(0.000133236 0.000207872 0)
(9.29615e-05 -2.73627e-05 -1.23537e-20)
(0.000594777 0.00019412 0)
(1.79885e-05 -2.82306e-05 -1.04329e-21)
(0.000533333 0.000250427 -2.07054e-20)
(4.06957e-05 3.66867e-05 1.12558e-21)
(4.65691e-05 4.58832e-05 0)
(0.000178156 4.49776e-06 0)
(0.000792863 0.000294065 2.79048e-20)
(0.000268738 0.000304912 -3.75003e-20)
(0.00069083 0.000286813 0)
(0.000672174 0.000217534 -3.33993e-20)
(0.00021463 0.000251136 1.28486e-20)
(0.000391777 0.000579623 -9.02451e-21)
(0.00101559 5.46702e-05 -4.79876e-21)
(0.000118259 6.47137e-07 -2.69893e-22)
(0.00016363 0.000283396 4.84827e-21)
(0.000794242 0.000206327 -2.38415e-22)
(0.000286642 0.00036927 0)
(0.000246641 3.95746e-05 1.55456e-20)
(7.57093e-05 -3.11278e-05 -5.20128e-21)
(0.00141238 0.00120641 -1.49271e-20)
(0.00188102 0.00178067 2.50852e-20)
(0.00239115 0.00239037 -1.39288e-20)
(0.00227317 0.00224129 -1.19283e-20)
(0.00234321 0.00232711 4.7378e-24)
(0.00226801 0.00225489 -1.16098e-20)
(0.00226784 0.00225902 1.02839e-20)
(0.00423317 0.00415022 7.6264e-22)
(0.000101221 0.000357903 -1.63214e-20)
(0.000237871 0.000370057 1.83876e-20)
(0.000241186 0.000404455 0)
(0.00092632 0.000245471 1.50131e-20)
(0.000918844 8.43987e-05 -1.52058e-22)
(4.52516e-05 1.70552e-06 2.39546e-27)
(0.000328419 0.000249141 1.38837e-20)
(0.00227137 0.00225778 -9.83583e-21)
(0.000218614 0.000212292 -1.4349e-20)
(0.00482955 0.00477046 -1.99458e-21)
(0.00466044 0.00460481 -2.08722e-21)
(0.00446906 0.00424814 3.91301e-21)
(0.0051852 0.00437042 -1.50426e-20)
(0.00478991 0.00482317 1.50883e-20)
(0.00460417 0.00455935 2.03592e-21)
(0.00483906 0.00446936 -1.65896e-20)
(0.00119101 0.00126688 1.52223e-20)
(0.00225078 0.00228396 -1.21107e-21)
(0.00225873 0.00231608 -1.42017e-21)
(0.00457267 0.00457065 6.66496e-22)
(0.00196427 0.00178226 -7.63592e-21)
(0.0022553 0.00228399 -3.49639e-21)
(0.00232549 0.00235249 3.20949e-21)
(0.00529707 0.00451965 7.60427e-21)
(0.00232755 0.00234972 -2.91704e-21)
(0.00224546 0.00227588 1.49755e-21)
(0.00225839 0.0022823 -4.66333e-21)
(0.00483395 0.0047637 1.37131e-21)
(0.00466534 0.00459871 -1.42128e-21)
(0.00432633 0.00409249 2.47134e-22)
(0.00469997 0.00457664 -1.77369e-20)
(0.00462453 0.00453958 6.93341e-23)
(0.00484529 0.00475154 0)
(0.00226155 0.00228126 9.72955e-21)
(0.00466993 0.00459299 -6.17994e-21)
(0.004478 0.00423873 4.18262e-21)
(0.00225587 0.00227786 7.18917e-21)
(0.00427883 0.00406127 -4.61397e-21)
(0.00428482 0.00405661 4.8714e-21)
(0.00461805 0.00454262 3.51805e-21)
(0.00432101 0.00410569 -8.49854e-21)
(0.00226532 0.00228014 0)
(0.00467624 0.00458902 -2.37174e-20)
(0.00233614 0.00234474 -3.62223e-21)
(0.00484286 0.00475406 -3.59545e-21)
(0.00043327 0.000422835 0)
(0.000338741 0.000401099 -2.54662e-20)
(0.000832521 0.000210507 -1.59946e-20)
(0.000161504 3.47375e-05 2.0866e-21)
(0.000318979 0.000563282 -1.07667e-20)
(0.000343037 0.000345288 0)
(4.51516e-05 5.11339e-06 -7.02512e-22)
(0.0007434 0.000936184 0)
(0.00073537 0.000606147 9.93372e-22)
(0.00447011 0.00423154 -3.48426e-21)
(0.00428334 0.00403918 0)
(0.0043226 0.00408624 6.8782e-21)
(0.00427724 0.00406112 -1.3625e-22)
(0.0043223 0.00408004 0)
(0.00427715 0.00406002 1.1595e-20)
(0.00428526 0.00404228 0)
(0.00431062 0.00409397 1.44462e-20)
(0.00446904 0.00424426 -1.14534e-20)
(0.00427884 0.00406073 0)
(0.00432774 0.00408349 1.38846e-21)
(0.00428877 0.00408199 0)
(0.0039431 0.00309619 -7.54369e-21)
(0.00423457 0.0040977 -4.20466e-22)
(0.00447786 0.00422841 -1.33398e-21)
(0.00446263 0.00426299 1.37713e-20)
(0.0039143 0.00367468 1.65509e-20)
(0.00368798 0.00333842 0)
(0.00432298 0.00409094 -2.56164e-21)
(0.00447399 0.00423648 1.61393e-21)
(0.00329306 0.00328059 -1.54356e-20)
(0.000437273 0.000448236 -1.69741e-20)
(9.32282e-05 -5.0269e-05 4.89592e-21)
(0.000481487 0.000366987 -4.71558e-21)
(0.000892247 1.71061e-05 -9.6414e-22)
(0.000770618 0.000315059 -8.9403e-21)
(0.000929837 0.000279746 3.84268e-21)
(0.000172069 0.000216261 7.84811e-21)
(0.00427379 0.00405602 -4.11552e-23)
(0.00432307 0.00408764 3.60129e-21)
(0.00445954 0.0042769 2.85267e-23)
(0.0042859 0.0040405 2.85194e-21)
(0.000681875 0.000362672 -1.82158e-21)
(0.000955443 0.000511635 -1.21595e-20)
(0.000756684 -2.67462e-05 4.15032e-21)
(0.000972409 0.000484045 3.43385e-21)
(0.00081269 0.000397232 0)
(0.000309396 0.000569825 8.35732e-22)
(0.00105274 0.000401557 -2.10806e-21)
(0.000264109 0.000281291 1.96018e-20)
(5.421e-06 -1.65982e-05 -7.44608e-22)
(0.000766211 0.00037347 0)
(0.00104415 0.000259496 -2.56368e-20)
(4.29363e-05 1.057e-05 -3.10185e-20)
(0.000416411 0.000737683 -7.82336e-21)
(0.000326612 0.000536984 -8.39957e-21)
(0.000373779 6.62387e-05 0)
(0.000181601 5.77019e-05 -1.75759e-21)
(0.00107935 0.000303984 -1.07268e-21)
(3.90137e-05 2.68931e-06 1.02988e-20)
(9.72404e-05 4.31306e-05 -4.05266e-21)
(0.000115478 5.41449e-05 4.43487e-21)
(0.000381638 0.000422026 2.49678e-20)
(0.000890907 6.82377e-05 0)
(3.36452e-05 1.79516e-06 -3.05761e-20)
(0.000246458 0.000167325 -2.94107e-21)
(0.00073795 -0.000221081 -5.08736e-21)
(0.000685353 0.00039881 -1.14905e-20)
(0.000198878 0.000124972 3.66822e-21)
(3.12479e-05 1.13149e-05 0)
(0.000682864 0.000407344 -5.1722e-21)
(0.000193062 0.000178959 5.08311e-21)
(0.000119006 0.000370194 0)
(0.000511198 0.000316696 -1.71772e-20)
(4.12138e-05 -7.34979e-06 -1.12253e-20)
(0.000568275 -0.000146213 1.06844e-20)
(0.000735254 6.43661e-05 7.63442e-21)
(0.000712877 0.0003859 -7.99637e-22)
(0.000434204 -4.1256e-05 2.28389e-21)
(0.00422619 0.00401375 -2.94806e-22)
(0.00441399 0.00419614 -3.1339e-22)
(0.00426539 0.00405414 0)
(0.00461219 0.00455054 -1.40137e-21)
(0.00483393 0.0047618 6.74062e-21)
(0.00466878 0.00459287 -7.36415e-21)
(0.00462586 0.00454143 -1.44496e-20)
(0.00446829 0.0048744 0)
(0.00441049 0.00355386 -7.38295e-21)
(0.00472224 0.00442382 1.54046e-20)
(0.00432875 0.00408265 0)
(0.00447942 0.00422658 -4.48961e-21)
(0.00428498 0.00404248 -3.69808e-21)
(0.00430722 0.00409272 1.74027e-20)
(0.004466 0.00424609 -2.67153e-20)
(0.00447396 0.00423043 7.28142e-21)
(0.00431813 0.00409791 -1.37204e-20)
(0.00428422 0.0040484 0)
(0.00432333 0.00408786 0)
(0.000442772 0.00034156 5.39292e-21)
(0.00100636 8.81127e-05 2.003e-20)
(0.000941301 0.000261071 2.46259e-20)
(0.000400197 0.00038534 2.15291e-20)
(0.00028368 0.000639762 0)
(0.000754703 0.000329848 -4.95223e-21)
(0.000544 6.87941e-06 -1.41012e-20)
(0.000128905 9.04719e-05 0)
(0.000719482 0.000549845 2.00057e-21)
(3.80364e-05 1.7143e-06 1.08698e-20)
(0.000985275 0.000161676 -3.82898e-21)
(0.000764806 7.83035e-05 0)
(0.000812928 0.000242818 0)
(0.000184025 0.000291735 0)
(0.000321025 0.00060834 1.61469e-20)
(0.000845455 0.000317311 -2.24958e-21)
(0.000835898 0.000268956 -7.14055e-21)
(0.000898106 0.000252234 0)
(0.000895418 0.00034136 2.84635e-21)
(0.00475954 0.00451098 0)
(0.00517712 0.00450804 7.7096e-21)
(0.00226014 0.00230592 -2.60954e-21)
(0.00445612 0.00502206 1.52908e-20)
(0.00461048 0.00455392 -1.23489e-21)
(0.00503226 0.00465113 -7.43453e-21)
(0.00454121 0.00456842 -9.66067e-22)
(0.0023296 0.00236404 9.39236e-23)
(0.0022594 0.00229508 2.53258e-21)
(0.00466545 0.00460075 -1.37886e-21)
(0.00483438 0.00476587 3.80258e-21)
(0.00487653 0.00471004 -1.37345e-20)
(0.00484731 0.00475141 -5.75245e-21)
(0.00461795 0.00454396 0)
(0.00471325 0.00456516 -1.16728e-20)
(0.00466903 0.00459583 0)
(0.00462689 0.00453997 -5.72742e-21)
(0.00467043 0.00459177 3.4202e-21)
(0.00462685 0.00453981 5.01451e-21)
(0.00484238 0.00475508 -3.3411e-21)
(0.00226898 0.00225639 4.6863e-21)
(0.00403427 0.00532658 0)
(0.00105239 0.00139037 0)
(0.00503828 0.00466368 0)
(0.00360547 0.00384649 8.4902e-21)
(0.00442263 0.00428564 -1.1158e-22)
(0.00483255 0.00476861 -2.28378e-21)
(0.00431504 0.00411799 -1.16832e-21)
(0.00427374 0.00413866 -5.00289e-22)
(0.0044652 0.00426416 -6.49486e-22)
(0.00466327 0.00460287 -2.38064e-21)
(0.00164121 0.001353 0)
(0.0022532 0.0022887 1.84516e-21)
(0.00509289 0.00432924 2.20626e-20)
(0.00534453 0.00441132 -1.48863e-20)
(0.00446752 0.00424593 0)
(0.0019949 0.00183812 8.02154e-21)
(0.00481003 0.00439644 0)
(0.00232746 0.0023551 -1.05321e-21)
(0.00495637 0.00431861 -2.27101e-20)
(0.0017043 0.00149614 -7.56552e-21)
(0.00428363 0.00403871 0)
(0.00431711 0.00410039 -2.07225e-21)
(0.00225839 0.00228655 9.67848e-22)
(0.0048433 0.00442289 0)
(0.00225977 0.00235288 -1.11317e-21)
(0.00460864 0.00455611 1.22377e-21)
(0.00458995 0.00456448 -2.10155e-21)
(0.00328737 0.00293272 0)
(0.00446601 0.00402819 -7.15389e-21)
(0.00428517 0.00403988 1.24695e-22)
(0.00428336 0.00404014 0)
(0.00424886 0.00401339 7.80609e-21)
(0.00379014 0.00372041 5.87328e-21)
(0.00428256 0.00403896 0)
(0.00225077 0.00227924 0)
(0.00428348 0.00403864 0)
(0.00226122 0.00228514 4.19169e-21)
(0.00387631 0.00386471 -1.57037e-20)
(0.00233087 0.00235281 4.02366e-21)
(0.00238428 0.00238517 -1.33995e-20)
(0.00484801 0.00475214 2.90414e-20)
(0.00445902 0.00426833 6.53449e-21)
(0.00397288 0.00394621 1.43594e-20)
(0.00425864 0.00405485 0)
(0.00432389 0.00408127 -4.47214e-21)
(0.00447733 0.00422552 0)
(0.0043264 0.00408245 -1.76168e-21)
(0.00403212 0.00399893 0)
(0.0044767 0.00422503 3.90655e-21)
(0.00432594 0.00408201 4.03746e-21)
(0.00426851 0.00407011 -7.33353e-21)
(0.00447315 0.00422467 -4.33846e-21)
(0.00428137 0.00403726 0)
(0.00446041 0.00425944 1.2958e-20)
(0.00428348 0.00403855 -4.81253e-21)
(0.00428288 0.00403816 -5.45593e-21)
(0.00447478 0.00422489 0)
(0.00408573 0.00402773 -6.59277e-21)
(0.00426984 0.00407042 7.21625e-21)
(0.00428371 0.00404032 4.54446e-21)
(0.00446002 0.00425039 6.24677e-21)
(0.00428236 0.00403659 0)
(0.00414063 0.00403859 6.47518e-21)
(0.00432477 0.00408209 0)
(0.00427269 0.00406892 0)
(0.004323 0.00408055 9.43252e-21)
(0.00447147 0.00422386 9.16199e-21)
(0.00419407 0.00404913 1.90482e-20)
(0.0042847 0.0040394 1.03095e-20)
(0.00446154 0.00424707 1.24225e-20)
(0.00423769 0.0040579 -6.187e-21)
(0.00427264 0.00406171 6.89425e-21)
(0.00447039 0.00422296 4.81603e-21)
(0.00432245 0.00407956 -1.16546e-22)
(0.00432192 0.00407867 -2.77505e-21)
(0.0023582 0.0023437 1.2499e-22)
(0.00426909 0.00406375 -6.79511e-21)
(0.00446942 0.00422132 -2.73608e-21)
(0.00484488 0.00475109 0)
(0.0042696 0.0040582 -6.64958e-21)
(0.00432184 0.00407826 0)
(0.00427233 0.0040564 6.1114e-21)
(0.00228371 0.00226129 -1.70094e-20)
(0.00427363 0.00405827 -9.40362e-24)
(0.00426984 0.00405627 1.90632e-20)
(0.00446918 0.00422126 5.12548e-21)
(0.00427299 0.0040581 1.87151e-20)
(0.00228088 0.00226763 2.22456e-20)
(0.00462675 0.00453853 -2.0725e-20)
(0.00226228 0.00228208 3.03116e-21)
(0.00446943 0.00422132 8.39376e-21)
(0.00447046 0.00422247 0)
(0.00462471 0.00453796 -5.55985e-21)
(0.00430746 0.00409461 1.04148e-20)
(0.00467031 0.00459193 0)
(0.00431025 0.004096 -5.37856e-21)
(0.004625 0.00453812 5.35727e-21)
(0.00225659 0.00227773 0)
(0.00484482 0.00475147 0)
(0.00447028 0.0042247 1.22472e-20)
(0.00428453 0.00405305 -4.53899e-21)
(0.00431096 0.00409543 -2.08188e-20)
(0.00427526 0.00405941 4.66407e-21)
(0.00430885 0.00409383 9.93739e-21)
(0.0044706 0.00422892 -6.3269e-21)
(0.00228346 0.00226757 -9.25291e-21)
(0.00226803 0.00228235 -6.87464e-21)
(0.00446127 0.00424488 4.98371e-21)
(0.00227776 0.00226911 -4.96866e-21)
(0.0044604 0.00424304 -1.27285e-22)
(0.00446163 0.00424334 4.11288e-21)
(0.00428303 0.00404728 7.85519e-21)
(0.00446074 0.00423887 4.49347e-21)
(0.00446188 0.0042412 4.74959e-21)
(0.00233845 0.00234551 1.27e-22)
(0.00446405 0.00424218 2.12356e-20)
(0.00446383 0.0042385 -1.26137e-22)
(0.00432558 0.00409131 -4.16917e-21)
(0.00445905 0.0042382 -4.43582e-21)
(0.00447741 0.00423615 -7.90058e-21)
(8.43455e-05 0.000474295 1.45532e-20)
(0.00111266 -9.28123e-06 0)
(0.0046109 0.00455242 -1.36443e-21)
(0.00484243 0.00475107 -6.91128e-21)
(0.0046692 0.00459209 -3.39799e-21)
(0.0046254 0.00454171 -1.02503e-20)
(3.46663e-05 -8.32532e-06 -1.04904e-20)
(0.000825288 8.24902e-05 -1.18395e-21)
(0.00039034 0.000511902 -1.08577e-20)
(0.000812388 0.000484533 7.8524e-22)
(0.000298671 0.000695091 0)
(0.00124196 0.000204113 -2.15461e-21)
(0.000579426 0.000262476 -3.83704e-21)
(0.000803012 0.000108404 -2.88522e-21)
(0.000132848 0.000156279 -1.72248e-20)
(0.00029152 0.000404937 0)
(0.000706864 0.000496231 -5.15548e-25)
(0.000235187 0.00037083 7.81289e-21)
(0.000843904 1.90546e-05 -1.27307e-21)
(0.0013013 0.000538403 1.43496e-20)
(0.000185517 -0.000125692 1.17409e-21)
(0.000524156 0.000429605 2.27822e-20)
(4.33066e-05 3.09881e-06 2.41211e-20)
(0.00467406 0.0045889 3.986e-21)
(0.00462064 0.00453874 -2.17555e-20)
(0.00467687 0.00458452 8.76862e-21)
(0.0043706 0.00367531 -1.41865e-20)
(0.00468505 0.00458521 1.10496e-20)
(0.00421585 0.00383555 8.07887e-21)
(0.00520209 0.00443162 0)
(0.00484606 0.00475215 -1.54461e-20)
(0.00484462 0.00474992 3.88622e-21)
(0.00483315 0.00476255 -4.94521e-21)
(0.00466492 0.00459763 3.25214e-21)
(0.00461729 0.00454301 7.47158e-21)
(0.00314492 0.00404977 8.47518e-21)
(0.000896822 0.000483159 0)
(0.000484454 6.46805e-05 2.64457e-21)
(0.000893887 0.000146058 0)
(2.00667e-05 9.15366e-07 0)
(4.47358e-05 -2.91132e-06 1.00407e-20)
(0.000672176 0.000339968 -3.51509e-21)
(2.84004e-05 3.83983e-06 3.54505e-20)
(0.000530207 0.000467859 2.01977e-21)
(0.00232533 0.0048178 4.83526e-21)
(3.92176e-05 -6.22632e-06 1.07614e-20)
(0.000819113 0.000215007 0)
(0.000430877 0.000486225 6.34464e-21)
(0.00018632 0.000136804 5.12976e-21)
(4.3176e-05 -1.00638e-06 -1.04885e-20)
(0.00017242 0.000556365 -1.53304e-20)
(0.000903743 6.68772e-05 -1.46077e-22)
(0.000197442 0.000583042 0)
(0.000297388 0.000792189 0)
(0.00428619 0.00403715 -3.1463e-21)
(0.00446008 0.00427857 6.79345e-21)
(0.00432199 0.00408609 7.46027e-21)
(0.00427779 0.00405898 -9.74568e-21)
(0.00330327 0.00373706 -7.67594e-21)
(0.00530699 0.00439472 -1.47177e-20)
(0.00423103 0.00393629 -3.82285e-20)
(0.00471529 0.00419275 2.39555e-21)
(0.00466469 0.00459805 -1.60202e-21)
(0.00483309 0.00476288 2.98198e-21)
(0.00469052 0.00458228 -5.7565e-21)
(0.00484531 0.00475205 1.59376e-20)
(0.00461746 0.0045425 -3.53916e-21)
(0.0048429 0.00475202 -3.72849e-21)
(0.00467623 0.00458568 1.83525e-20)
(0.00461904 0.00453927 4.14912e-21)
(0.00467271 0.00459048 -3.92705e-21)
(0.00058449 0.000497864 5.68221e-21)
(0.000876659 3.31104e-05 0)
(0.000451219 0.000144944 1.27175e-24)
(0.0011478 0.000809209 -7.79961e-21)
(0.000992969 0.000337144 3.1117e-21)
(0.00411435 0.00507207 -7.51704e-21)
(0.00446242 0.00379849 7.37688e-21)
(0.00483109 0.00447352 8.97938e-21)
(0.00476569 0.00439776 0)
(0.00447826 0.00422647 3.32519e-21)
(0.0043271 0.00408286 -1.64987e-21)
(0.00430855 0.00409428 -1.10305e-20)
(0.00446256 0.00424562 2.03665e-20)
(0.00432446 0.00408943 0)
(0.00428523 0.00405047 8.721e-21)
(0.00428412 0.00404615 -1.37075e-22)
(0.00431621 0.00410329 1.29759e-22)
(0.00447565 0.00423303 0)
(0.000658423 0.000399159 0)
(0.000722861 3.97409e-05 5.32439e-21)
(0.00262371 0.00315908 -1.17878e-22)
(0.00215047 0.00248266 -2.82697e-22)
(0.00276082 0.00330565 -9.31949e-23)
(0.00267014 0.00320245 -1.04014e-22)
(0.00221875 0.00256737 -2.31805e-22)
(0.00215554 0.0024957 0)
(4.2992e-05 -3.52035e-06 -3.13073e-22)
(0.000180603 0.000104505 0)
(0.000299968 0.000650543 0)
(3.1519e-05 2.06251e-06 -4.0589e-20)
(0.000187447 0.000404299 3.19003e-20)
(0.000642121 0.000379342 -2.63045e-20)
(8.86581e-05 0.000869535 5.80746e-21)
(3.77846e-05 3.32299e-06 2.03812e-25)
(0.000732063 0.000524684 -3.63389e-21)
(4.97113e-06 9.76489e-05 -8.54908e-21)
(2.17465e-05 3.22401e-05 -7.01741e-21)
(0.000890789 0.000212896 -5.68592e-21)
(7.71601e-05 0.000649205 1.10062e-21)
(0.000750578 0.000330211 6.00018e-21)
(0.00040386 0.000170938 2.99316e-23)
(0.000718447 0.00045033 8.5752e-21)
(0.00110661 0.000160583 0)
(0.000101302 0.000482685 -6.41118e-21)
(0.000101198 -0.000131894 -1.04328e-21)
(0.000110772 0.000105916 -2.62061e-20)
(9.03461e-05 0.000126864 0)
(2.18869e-05 5.46759e-05 2.38189e-21)
(0.00469736 0.0047867 8.26623e-25)
(0.00453352 0.0046225 7.20876e-23)
(0.000809086 2.98971e-05 -3.71861e-21)
(0.00332506 0.00331568 -1.67417e-20)
(3.44443e-05 -1.24171e-05 4.79167e-21)
(0.000471486 0.000157987 -1.37914e-20)
(0.00253951 0.00265394 3.01911e-20)
(2.20341e-05 -3.08202e-06 -5.53332e-21)
(0.000113945 0.000223547 -1.66381e-20)
(0.00442105 0.00433858 -6.82728e-22)
(0.00427167 0.00419033 -3.9165e-22)
(0.000246824 3.36961e-05 2.1808e-20)
(0.000143581 0.000134095 1.0919e-20)
(0.00169452 0.000468868 0)
(4.55946e-05 0.000120394 -2.48663e-21)
(0.00109391 0.000420371 0)
(7.43357e-05 0.000732434 0)
(0.000636831 0.000525554 1.91582e-21)
(3.64339e-05 4.6292e-06 -3.20647e-20)
(0.000269553 0.000490977 2.04669e-20)
(0.000444378 -0.000267449 2.77399e-20)
(0.000884653 -4.3806e-05 -4.20796e-20)
(3.9517e-05 4.90401e-06 -1.13126e-20)
(0.000107146 -5.46666e-05 9.08423e-21)
(0.000129717 0.000276354 0)
(0.00448568 0.00457073 3.77326e-22)
(0.000683835 0.000361925 -4.70811e-22)
(0.0009428 0.000403043 -1.15119e-20)
(0.000548614 0.000132667 -3.37375e-21)
(0.000644174 0.000384908 1.49419e-21)
(0.000163307 0.000352231 -4.51367e-20)
(0.00121018 0.000264276 1.39841e-20)
(4.90615e-05 -0.000368963 8.69315e-21)
(0.000134728 0.000147317 0)
(0.000586823 -5.43957e-05 -4.50847e-21)
(2.78177e-05 4.44817e-05 -2.42093e-21)
(0.000557415 0.000149521 2.30738e-20)
(5.08312e-05 -4.10758e-05 0)
(0.000856854 0.000111047 4.69281e-21)
(0.0002521 0.000451621 0)
(4.02817e-05 1.23349e-05 8.11297e-21)
(0.00053738 4.27426e-05 7.69584e-25)
(0.000320985 0.000522114 -1.04041e-20)
(0.00133513 0.000192647 0)
(0.00076671 0.000117006 -4.2735e-21)
(0.00100697 0.000463275 5.18078e-21)
(0.00266137 0.00264496 4.04098e-22)
(0.00265813 0.00265439 0)
(0.00274397 0.00273909 -7.45174e-22)
(7.01721e-05 -7.80982e-05 0)
(0.000864866 0.000159545 5.16582e-21)
(0.00404404 0.00433943 -2.66752e-20)
(0.000889882 0.000102719 7.66911e-22)
(2.94003e-05 0.000397632 -1.47501e-24)
(0.00142292 0.000653147 3.08726e-20)
(0.000710412 0.000271708 1.46905e-20)
(2.55588e-05 0.000533258 -6.66867e-21)
(0.000589453 0.000422507 -8.14113e-21)
(4.3912e-06 4.3461e-06 0)
(0.000642597 0.000468999 -4.09976e-21)
(2.5779e-05 -1.19392e-05 2.24942e-20)
(0.00338075 0.00388858 -2.75366e-20)
(2.50002e-05 6.98246e-05 4.45138e-21)
(0.000244138 0.000546626 -6.9902e-24)
(0.000884312 2.338e-05 3.40264e-21)
(0.000422933 0.00135381 -3.04932e-22)
(0.000135398 9.23355e-05 0)
(0.000732225 0.000860533 -4.25215e-21)
(1.75598e-05 3.00361e-05 2.1416e-20)
(0.00063978 0.00110504 1.35002e-20)
(0.000137953 0.000568894 2.6092e-21)
(2.27713e-05 -1.12133e-05 -3.18692e-20)
(0.000147139 0.000463332 0)
(-0.000845045 0.000200768 -1.14552e-21)
(2.15093e-05 -5.52083e-07 1.326e-20)
(0.000678631 0.00150335 2.62096e-21)
(0.000105908 0.000613561 9.90076e-22)
(0.00021413 0.000431578 -1.34846e-20)
(0.000961568 0.000557827 1.27121e-20)
(0.000458049 0.00022719 5.78062e-21)
(0.0020621 0.00277636 -1.18744e-20)
(0.000663036 0.000298928 3.46434e-21)
(1.75264e-05 2.76783e-05 5.76427e-21)
(0.000153514 0.000304532 -4.00263e-21)
(0.000497897 0.00112839 -8.47046e-21)
(4.18156e-05 0.00057631 0)
(0.000241388 0.000514562 0)
(1.97798e-05 8.67306e-06 -6.82031e-26)
(0.000905994 5.19532e-05 -3.53341e-21)
(0.000466003 0.000324285 -1.03325e-20)
(0.000661226 0.00041438 1.18865e-20)
(0.000867016 4.63008e-05 2.53449e-21)
(0.00150244 -0.000281879 0)
(0.000857595 0.000238043 2.62874e-22)
(0.00387312 0.00473272 8.77702e-21)
(3.62476e-05 0.000106434 -8.9003e-21)
(5.37643e-05 0.000157653 -9.13986e-21)
(0.000150279 0.000449167 0)
(-0.000600205 -0.000262764 0)
(0.000144101 0.000393718 1.94416e-20)
(0.000820846 0.000160586 -1.71902e-20)
(0.00200378 0.00242703 3.47246e-23)
(0.000351956 0.0005921 1.28332e-20)
(0.000995071 0.00196921 0)
(0.000299251 0.000605884 -2.83802e-20)
(0.00282277 0.00279264 1.91016e-20)
(0.000745508 0.000589318 9.719e-21)
(0.00225497 0.0016539 0)
(0.000685555 0.000130399 -1.42096e-20)
(1.69005e-05 -1.46675e-05 -6.19801e-21)
(0.00117895 0.000828815 1.76045e-20)
(0.000692658 0.000296217 0)
(0.000687311 0.00047208 0)
(0.000771379 0.000270714 -1.31082e-20)
(0.00433891 0.00411376 9.38133e-22)
(0.004186 0.00397516 -3.45142e-22)
(0.00415045 0.00394397 -6.52726e-22)
(0.00105427 0.000519358 -5.27816e-21)
(3.93436e-06 1.29917e-05 0)
(4.48478e-05 0.000100082 0)
(0.0011574 0.00261437 -1.50033e-21)
(4.67698e-05 -5.05732e-05 -5.7964e-21)
(0.00417796 0.00461296 8.55103e-21)
(0.000123184 0.000248523 8.06424e-21)
(2.83838e-05 -2.54372e-05 5.35852e-21)
(0.000521117 0.000284382 1.07337e-20)
(0.00113446 0.000414621 1.01786e-20)
(0.00117407 0.0021149 5.69535e-21)
(0.00369972 0.00456193 -2.40936e-20)
(0.000914831 0.000163033 -1.09606e-20)
(0.000175436 0.000708879 0)
(0.00244099 0.0019786 -1.32599e-20)
(0.000528415 0.000511447 -4.00687e-21)
(0.000894792 0.000134278 -1.23742e-21)
(0.00056952 0.000441527 9.88463e-21)
(0.000448921 0.000242348 -1.20017e-21)
(3.04709e-05 5.42027e-05 2.15864e-21)
(0.000903282 -6.29894e-05 0)
(0.000227325 0.000773832 2.89283e-21)
(0.000912235 0.00039801 0)
(3.25378e-05 -3.20014e-06 3.58793e-20)
(0.000537393 0.000231119 -9.01253e-21)
(6.6258e-05 -5.45887e-05 7.64393e-21)
(0.000126309 -0.00017638 1.13617e-21)
(0.000693272 5.7221e-05 0)
(3.7694e-05 -2.22373e-05 -9.38906e-21)
(0.000650954 0.00045388 -2.00161e-21)
(0.000575668 0.000473836 1.04928e-20)
(0.00311302 0.00386006 6.81603e-21)
(0.000413618 8.32229e-05 2.86475e-21)
(0.00106694 8.77749e-05 0)
(0.000126926 -8.88284e-05 -4.39226e-21)
(0.000610916 0.000382329 -3.93045e-21)
(0.00103361 0.000226376 7.16904e-21)
(0.000164228 0.000352652 1.82941e-20)
(6.91432e-06 7.85855e-05 8.61399e-21)
(0.000500879 0.000618203 1.27696e-20)
(0.00102157 7.90177e-05 -2.36706e-21)
(0.00101385 4.74039e-05 6.18067e-21)
(0.00104438 8.18121e-05 0)
(0.000362002 -4.51421e-05 1.92458e-25)
(0.000551524 0.000163634 0)
(0.000150169 0.000693374 -1.3196e-21)
(0.000907741 4.6894e-05 0)
(0.00036891 -0.000189048 -9.52178e-21)
(-4.94788e-05 0.00037327 -6.25387e-21)
(0.000843507 0.000180899 0)
(4.05477e-05 0.000752871 -1.14559e-21)
(0.000910817 0.000104552 -2.4539e-21)
(0.00399366 0.00403268 -4.10529e-22)
(0.00221293 0.00254066 -9.86121e-21)
(-0.000414996 0.000703522 -1.53202e-20)
(5.37288e-05 0.000201836 -2.17922e-20)
(0.000907444 0.000316463 -1.71544e-20)
(0.000675464 0.000487233 -5.2633e-21)
(-0.000171322 0.000475832 -3.8525e-21)
(0.000905383 0.000266457 1.66041e-20)
(0.000877765 0.000233427 7.00175e-21)
(0.000418934 -0.000209999 0)
(0.00403164 0.00408267 0)
(0.00417005 0.00422857 4.78566e-22)
(0.000402694 0.000820711 -2.31786e-23)
(0.000618477 7.18199e-06 3.53072e-21)
(0.000732708 0.000111873 -2.68797e-20)
(0.0010971 8.819e-05 -6.79796e-22)
(0.000729399 0.000277435 0)
(0.00287 0.00239054 2.58034e-21)
(4.33065e-05 -3.04919e-05 1.2211e-21)
(1.30774e-05 1.14497e-05 2.2989e-21)
(0.00443613 0.00451751 -7.86266e-22)
(0.000713399 0.000335643 3.44551e-21)
(0.00106458 9.35774e-05 3.88869e-21)
(0.00448512 0.00456582 7.49616e-22)
(0.00464875 0.00473067 3.76647e-22)
(0.00097807 1.78958e-05 -1.00157e-24)
(0.0009973 0.00102555 8.69521e-21)
(0.000464025 0.000843832 -1.05324e-20)
(1.19088e-05 3.37545e-06 0)
(0.00355059 0.00426063 4.91203e-23)
(0.00124231 0.00280261 8.09677e-21)
(0.00216519 0.00180027 0)
(0.00223404 0.00185215 -1.69566e-22)
(0.00217555 0.00182323 -1.7919e-22)
(-9.86455e-05 0.00223233 2.71017e-22)
(2.44334e-05 1.53199e-05 -1.02833e-20)
(0.000903547 0.000141841 0)
(0.0018248 0.00176074 3.24399e-20)
(0.000919362 0.00263191 0)
(0.00211031 0.0021104 2.07599e-20)
(0.00266996 0.00226524 -8.84959e-21)
(-8.31036e-05 0.00375325 -1.15451e-20)
(0.000685937 -0.000612305 -4.12237e-20)
(0.000776357 0.00016236 3.58182e-20)
(0.00275174 0.00449962 -1.27137e-20)
(0.000303653 0.000754502 -1.87955e-21)
(0.00066284 0.000437719 0)
(0.00187196 0.00110071 -1.52541e-20)
(8.57709e-05 0.000168168 0)
(0.00280735 0.0023198 2.22251e-20)
(0.00134496 0.00114971 -1.40164e-20)
(0.0033053 0.00478343 0)
(0.000769271 0.000956101 1.4921e-20)
(0.000108616 -0.000373715 -1.33819e-21)
(0.00440741 0.00467093 3.61961e-23)
(0.00425549 0.00451049 1.92402e-22)
(0.000619336 0.0004732 -7.33363e-21)
(0.000977325 0.000546498 -7.67741e-21)
(0.000606382 0.000613368 -2.83106e-20)
(0.00276815 0.00331151 8.50272e-21)
(0.00289524 0.004376 8.14775e-22)
(6.30059e-05 0.000164854 0)
(0.00420511 0.0044616 1.76868e-22)
(0.00222892 0.00156019 4.97036e-20)
(0.00219222 0.00193349 0)
(8.5187e-05 0.000194571 1.18963e-20)
(0.000104449 0.000202841 0)
(0.000921551 0.00169491 -3.37433e-20)
(0.000652888 0.00046914 2.05982e-21)
(0.0026895 0.00195365 -2.67026e-20)
(0.00109978 0.000231279 0)
(0.00232971 0.00115204 1.57483e-20)
(0.00326158 0.00566818 0)
(0.00338756 0.00519599 -7.99085e-21)
(0.00239158 0.00234983 1.12126e-22)
(0.00248133 0.00243168 1.08678e-22)
(0.00237244 0.00233735 -1.86489e-22)
(0.000646928 0.000495425 0)
(0.000659655 0.000506181 4.45758e-21)
(0.00318688 0.00461677 6.31644e-21)
(0.00274878 0.0027598 1.29161e-20)
(0.00269841 0.00395122 1.73443e-20)
(0.00237519 0.00436543 2.28886e-20)
(0.00145534 0.00419355 0)
(0.00213671 0.0036122 8.01766e-21)
(0.000634402 0.00190136 1.73918e-20)
(0.00371864 0.00409042 6.56595e-24)
(0.00376257 0.00411743 0)
(0.00389696 0.0042439 -2.58695e-25)
(0.00290123 0.00286421 2.15204e-22)
(0.00295053 0.00289546 0)
(0.00307834 0.0030059 0)
(0.000161636 0.00345703 -8.92663e-21)
(0.00313153 0.00364072 5.74538e-23)
(0.00315564 0.00366569 5.95171e-24)
(0.00191792 0.000176083 4.10381e-21)
(0.00326292 0.00379022 1.29691e-24)
(0.00171829 0.00208317 -1.0806e-21)
(0.00231703 0.00251479 3.31833e-22)
(0.00173607 0.00209661 -5.62886e-22)
(0.00233614 0.00252773 3.00441e-22)
(0.00181512 0.00217761 -5.9498e-22)
(0.00242846 0.00261376 2.82461e-22)
)
;

boundaryField
{
    back
    {
        type            empty;
    }
    front
    {
        type            empty;
    }
    ingreso
    {
        type            fixedValue;
        value           uniform (0.000970309 0 0);
    }
    salida
    {
        type            zeroGradient;
    }
    defaultFaces
    {
        type            noSlip;
    }
}


// ************************************************************************* //
