/*--------------------------------*- C++ -*----------------------------------*\
  =========                 |
  \\      /  F ield         | OpenFOAM: The Open Source CFD Toolbox
   \\    /   O peration     | Website:  https://openfoam.org
    \\  /    A nd           | Version:  8
     \\/     M anipulation  |
\*---------------------------------------------------------------------------*/
FoamFile
{
    version     2.0;
    format      ascii;
    class       volScalarField;
    location    "1.6";
    object      p;
}
// * * * * * * * * * * * * * * * * * * * * * * * * * * * * * * * * * * * * * //

dimensions      [0 2 -2 0 0 0 0];

internalField   nonuniform List<scalar> 
5756
(
-1.59492e-07
2.75772e-06
5.31374e-06
4.53571e-06
6.59506e-06
4.7105e-06
5.73547e-06
5.912e-06
7.93806e-06
7.04083e-06
7.21727e-06
9.31647e-06
8.39705e-06
8.57163e-06
9.78488e-06
2.42514e-06
9.95291e-06
1.07177e-05
0.000171261
-1.26798e-06
1.11929e-05
1.13592e-05
1.21398e-05
1.26215e-05
1.27893e-05
1.40645e-05
0.000171315
0.00017151
1.42326e-05
1.3579e-05
0.000170966
1.55166e-05
8.08155e-05
1.56855e-05
9.63877e-05
0.000170932
0.000171543
1.50297e-05
0.000171714
1.69663e-05
0.000171049
1.71284e-05
0.000171266
0.000171334
1.64801e-05
0.000171568
0.00017056
2.03419e-05
1.8022e-06
9.82463e-05
8.7414e-05
2.05013e-05
1.9853e-05
2.17964e-05
1.80898e-05
0.000110914
2.19599e-05
0.000170876
9.98887e-05
0.000171138
1.90508e-05
0.000171186
0.000171506
8.26422e-05
2.326e-05
2.1307e-05
0.000169342
6.68009e-07
0.000107825
2.34237e-05
0.000170956
0.000171209
1.42772e-06
2.47247e-05
0.000109634
2.03427e-06
2.27687e-05
2.48898e-05
0.000171196
-6.1728e-06
9.3301e-05
0.000171329
9.96258e-05
2.61883e-05
2.4233e-05
2.05647e-06
2.63489e-05
0.000171611
0.000171262
8.21458e-05
0.000112142
2.56967e-05
2.73249e-05
1.46955e-06
1.7609e-05
1.85704e-05
8.41565e-07
2.82992e-05
0.000166475
2.68378e-05
2.78125e-05
2.87859e-05
2.92647e-05
1.79304e-05
0.00017127
3.7793e-07
1.25269e-06
2.97418e-05
3.02305e-05
5.7289e-07
1.88971e-05
0.000171052
0.000171247
0.000171489
0.000106062
0.000171275
-2.72363e-06
0.000171285
0.000171301
9.70208e-05
0.000106457
-5.07604e-06
0.000171292
2.83051e-05
0.000102889
0.000171315
6.67634e-07
2.73301e-05
5.97817e-07
1.21592e-06
0.000170757
0.000171281
1.50196e-06
0.000171157
9.84442e-05
2.48944e-05
0.000171295
0.000171223
0.000171018
0.000171285
2.34232e-05
0.000171201
0.000171575
9.60968e-05
0.000104382
0.000171288
0.000107396
1.2818e-06
2.19596e-05
0.00017131
0.000171162
-2.51282e-06
2.05033e-05
8.46938e-05
1.70307e-06
0.000168964
1.90616e-05
0.000171308
0.000171131
0.000101507
0.000171489
9.50484e-05
-4.0585e-07
0.000171229
8.21155e-05
-4.02336e-06
0.00017136
0.000171396
4.74452e-07
0.000171207
0.000171304
0.000171233
2.984e-05
9.73424e-05
0.000171292
0.00017156
-1.34961e-06
0.000171374
1.69468e-06
0.000171063
0.000170865
0.000171767
9.52575e-05
8.84727e-05
0.000169105
0.000171408
1.84658e-06
0.000171539
2.93462e-05
0.000171276
9.96657e-05
0.000171409
0.000171277
0.000171205
0.000171291
8.32571e-05
0.000171217
0.000171259
2.88597e-05
0.000100161
2.17652e-06
0.000171284
0.000171295
0.000171243
0.000171141
0.000166604
0.000171286
0.000171222
0.000171086
0.000170926
2.71622e-05
0.0001713
3.37802e-05
-3.90407e-07
0.000171277
0.00017126
8.80191e-05
0.000171304
9.80388e-05
0.000171586
0.000171277
-5.04347e-07
8.59872e-05
9.88725e-05
0.000171258
0.000171277
9.76872e-05
2.47997e-06
0.000171212
0.000171315
0.000171236
0.000171303
0.000171451
1.86678e-05
4.73917e-05
2.11114e-05
-1.12308e-06
0.000170882
0.000170661
0.000170855
0.000171293
0.000171293
2.3756e-06
0.000171251
0.00010099
0.000170915
0.000171296
0.000170884
0.000171296
0.000171085
0.000171169
0.00017115
0.000171322
0.000171317
0.000171171
2.8301e-06
0.000171292
0.00017129
0.000171302
0.000171259
0.000171226
-1.27335e-06
0.000171265
2.81368e-05
0.000171038
0.000171194
2.70322e-06
0.000171671
0.000171297
0.00017173
0.000171442
0.00016472
-1.90207e-06
0.000171311
0.000171264
3.18828e-06
9.66363e-05
0.000170924
0.000171288
0.000171205
0.000170843
0.000171249
0.000171136
0.000171283
0.00017131
0.000170184
0.000171321
8.71311e-05
-2.92268e-06
3.40947e-06
9.57041e-05
9.63579e-05
0.0001712
0.000170849
0.000171355
0.000171269
0.00010532
0.000171311
0.000170662
0.000171304
4.55712e-06
3.45121e-06
4.389e-06
4.80808e-06
4.37527e-06
5.19786e-06
5.60453e-06
6.01714e-06
6.4457e-06
6.87784e-06
4.82876e-05
5.26381e-05
5.40939e-05
5.55501e-05
5.70078e-05
5.84662e-05
5.99239e-05
6.52614e-05
6.67198e-05
6.81797e-05
7.15732e-05
5.21546e-05
5.36097e-05
7.30288e-05
5.5065e-05
5.65231e-05
7.44839e-05
5.7981e-05
5.94398e-05
7.59396e-05
4.97604e-05
5.07298e-05
5.16969e-05
7.73953e-05
6.47763e-05
6.62347e-05
7.88514e-05
6.76952e-05
7.109e-05
7.25449e-05
4.925e-05
6.14068e-05
8.22329e-05
5.02199e-05
7.40001e-05
6.23764e-05
5.11877e-05
6.3348e-05
7.54552e-05
6.43174e-05
8.3679e-05
7.69108e-05
4.87924e-05
7.83683e-05
8.51302e-05
6.9664e-05
8.17521e-05
7.06331e-05
5.31507e-05
8.3198e-05
5.4606e-05
6.08969e-05
8.46472e-05
6.18663e-05
5.6063e-05
6.28377e-05
5.75203e-05
6.38065e-05
5.89796e-05
7.32142e-06
6.04373e-05
8.03368e-05
8.65893e-05
6.91525e-05
8.13025e-05
7.01233e-05
8.80663e-05
6.57749e-05
9.28638e-05
6.72333e-05
9.32835e-05
8.95761e-05
6.86912e-05
2.81582e-06
9.11517e-05
8.61026e-05
7.2087e-05
8.75727e-05
7.35411e-05
7.98224e-05
8.07891e-05
7.49968e-05
8.9069e-05
9.27267e-05
7.64546e-05
5.06937e-05
5.11759e-05
9.0617e-05
5.16602e-05
5.21439e-05
7.79109e-05
5.26271e-05
4.77807e-05
5.40783e-05
7.93664e-05
7.76889e-06
5.55347e-05
5.69957e-05
5.8456e-05
9.37119e-05
8.61394e-05
8.71136e-05
8.76033e-05
5.99143e-05
8.27497e-05
8.90831e-05
8.85871e-05
9.05931e-05
6.13701e-05
6.18561e-05
8.41997e-05
6.23394e-05
9.00841e-05
6.2824e-05
6.33083e-05
6.37935e-05
6.42776e-05
9.16358e-05
8.5653e-05
6.47638e-05
6.5248e-05
9.22725e-05
6.67078e-05
9.32998e-05
6.81724e-05
6.96259e-05
7.01119e-05
7.0596e-05
7.10797e-05
7.15621e-05
5.35942e-05
5.30839e-05
8.21991e-06
5.12143e-05
5.02451e-05
4.9276e-05
6.09228e-05
6.18916e-05
6.38335e-05
6.28623e-05
7.01492e-05
6.91779e-05
7.98515e-05
8.08202e-05
9.67453e-05
5.50481e-05
5.45383e-05
7.30141e-05
5.65078e-05
9.21742e-05
5.59958e-05
5.79682e-05
5.74561e-05
7.44676e-05
5.94291e-05
5.89154e-05
6.08844e-05
6.03717e-05
7.5923e-05
9.5435e-05
7.73785e-05
6.62197e-05
9.41668e-05
6.57082e-05
7.88376e-05
6.76852e-05
6.71693e-05
6.91419e-05
6.86295e-05
8.02854e-05
9.54867e-05
8.07688e-05
7.25285e-05
8.1249e-05
7.20188e-05
8.17287e-05
4.78071e-05
7.39817e-05
7.3473e-05
8.22072e-05
7.54379e-05
7.49269e-05
7.6892e-05
9.48372e-05
7.63827e-05
8.36437e-05
7.83509e-05
7.78401e-05
7.98034e-05
7.92954e-05
8.50905e-05
8.6751e-06
9.704e-05
9.61924e-05
8.31661e-05
8.2665e-05
8.70245e-05
9.76206e-05
8.4608e-05
8.41066e-05
9.1331e-06
9.67122e-05
9.63468e-05
8.60615e-05
8.55568e-05
8.65311e-05
8.85278e-05
9.71991e-05
9.76577e-05
8.75415e-05
9.55496e-05
9.36031e-05
9.59183e-06
9.45273e-05
8.80199e-05
4.70044e-05
9.48127e-05
4.84539e-05
9.58433e-05
5.03942e-05
5.08775e-05
8.90734e-05
5.20532e-05
9.41733e-05
9.41269e-05
9.37526e-05
5.76799e-05
5.81697e-05
5.47628e-05
9.0211e-05
9.62722e-05
5.42789e-05
6.10807e-05
6.15643e-05
5.91323e-05
9.38979e-05
9.12756e-05
9.34792e-05
6.25308e-05
4.65171e-05
6.44691e-05
4.79753e-05
4.75459e-05
9.18842e-05
6.68993e-05
4.94302e-05
4.89353e-05
4.99029e-05
9.43095e-05
9.11086e-05
6.84291e-05
9.2525e-05
6.54428e-05
5.28258e-05
9.28616e-05
5.14385e-05
5.15705e-05
5.33085e-05
5.37882e-05
6.49555e-05
8.96025e-05
5.96123e-05
5.62213e-05
1.00541e-05
5.67052e-05
5.52449e-05
5.71853e-05
9.31991e-05
6.89203e-05
6.20476e-05
5.58131e-05
6.01114e-05
9.29601e-05
6.0588e-05
6.35064e-05
6.39817e-05
6.30109e-05
5.86603e-05
7.37045e-05
3.15041e-05
6.64234e-05
9.33458e-05
7.51594e-05
7.32214e-05
6.59273e-05
6.73797e-05
9.30632e-05
3.2962e-05
6.79437e-05
9.23398e-05
7.80829e-05
7.02994e-05
9.17457e-05
7.07754e-05
1.05187e-05
7.85703e-05
7.12709e-05
8.96634e-05
3.44282e-05
7.00219e-05
7.17524e-05
1.51373e-05
7.22465e-05
7.90588e-05
1.85248e-05
7.27277e-05
7.56386e-05
3.56411e-05
3.05084e-05
3.07587e-05
3.61276e-05
1.99728e-05
3.19604e-05
9.17983e-05
9.13778e-05
3.22389e-05
7.41881e-05
8.24515e-05
6.94096e-05
7.61326e-05
9.11736e-05
8.95622e-05
7.46901e-05
7.66133e-05
9.17037e-05
7.71086e-05
9.07597e-05
3.34204e-05
2.14294e-05
5.96248e-05
7.75875e-05
3.37041e-05
3.48817e-05
8.12146e-05
3.78358e-05
8.13974e-05
1.09868e-05
3.51601e-05
8.02466e-05
1.6931e-05
1.5963e-05
8.39104e-05
9.06214e-05
1.70692e-05
1.61012e-05
7.9623e-05
8.89343e-05
1.46488e-05
1.80392e-05
1.45129e-05
2.28909e-05
9.00965e-05
3.904e-05
9.26495e-05
1.7902e-05
7.03732e-05
7.97643e-05
8.29351e-05
8.75116e-05
1.94874e-05
1.93527e-05
9.0085e-05
3.68319e-05
9.0641e-05
8.8462e-05
3.71061e-05
9.07743e-05
3.95184e-05
8.43907e-05
8.68215e-05
9.06972e-05
3.19679e-05
3.05029e-05
3.82944e-05
4.63528e-05
8.79901e-05
2.0807e-05
2.90435e-05
2.09397e-05
3.85669e-05
3.94371e-05
3.99993e-05
8.70311e-05
8.98626e-05
9.19869e-05
3.79801e-05
8.65517e-05
3.34235e-05
7.5648e-05
8.799e-05
8.95593e-05
8.48935e-05
9.13623e-05
4.04816e-05
2.75824e-05
2.43522e-05
8.6067e-05
8.04248e-05
8.34391e-05
2.70942e-05
3.65222e-05
3.88092e-05
8.84524e-05
6.95409e-05
8.55821e-05
8.58547e-05
8.53594e-05
2.23999e-05
8.07272e-05
9.00923e-05
4.09696e-05
2.66061e-05
4.02673e-05
8.90435e-05
8.63213e-05
3.73526e-05
4.04006e-05
3.39104e-05
3.89491e-05
3.60307e-05
2.22661e-05
2.95325e-05
3.09929e-05
2.80709e-05
8.94018e-05
3.24555e-05
1.1457e-05
8.73801e-05
3.74903e-05
3.5897e-05
9.01441e-05
3.54103e-05
8.89045e-05
2.58129e-05
4.14596e-05
8.17039e-05
3.48823e-05
8.85354e-05
8.51007e-05
2.37262e-05
4.06867e-05
8.91337e-05
4.60914e-05
4.57426e-05
8.85658e-05
6.98188e-05
2.96166e-05
3.49241e-05
5.57411e-05
2.38618e-05
8.75244e-05
5.96936e-05
3.10766e-05
9.03343e-05
3.43952e-05
8.8032e-05
4.74808e-05
8.4616e-05
8.9039e-05
2.81571e-05
3.53682e-05
8.44089e-05
4.19534e-05
3.25391e-05
2.61197e-05
8.99659e-05
4.1859e-05
1.19332e-05
2.55728e-05
8.75338e-05
2.85555e-05
6.05968e-05
8.37136e-05
2.50843e-05
8.86104e-05
3.66396e-05
8.41327e-05
8.95564e-05
2.95673e-05
5.13652e-05
6.03061e-05
3.00157e-05
2.53228e-05
4.24408e-05
3.71231e-05
5.893e-05
9.10557e-05
2.66472e-05
9.14219e-05
4.29447e-05
9.06765e-05
8.70397e-05
1.19219e-05
8.70802e-05
8.80637e-05
6.07893e-05
8.91257e-05
5.98247e-05
2.71344e-05
4.33151e-05
7.26322e-05
3.61527e-05
4.1371e-05
4.25176e-05
5.80695e-05
9.15599e-05
3.0054e-05
8.23886e-05
5.71911e-05
9.09752e-05
6.12747e-05
8.80967e-05
8.75185e-05
8.65479e-05
9.09521e-05
7.11636e-05
1.24087e-05
8.75936e-05
5.55206e-05
1.17201e-05
5.60063e-05
2.76212e-05
5.94194e-05
7.30748e-06
1.64455e-05
2.87275e-05
7.06776e-05
2.6782e-05
7.82984e-05
6.72214e-06
6.51608e-05
5.3793e-05
8.99568e-05
8.60595e-05
8.70939e-05
6.84899e-06
9.12273e-05
3.29801e-05
9.16459e-05
3.66178e-05
7.84735e-05
1.74156e-05
8.87587e-05
1.57003e-05
5.46662e-05
7.34953e-05
4.29274e-05
6.71811e-05
2.85034e-05
2.7756e-05
4.1243e-05
4.73441e-05
5.17347e-05
6.98056e-05
4.45512e-05
6.55169e-05
8.53752e-05
7.8955e-05
6.17583e-05
8.40084e-05
1.71539e-05
2.85944e-05
7.05736e-05
2.81081e-05
1.47883e-05
7.87894e-05
3.4205e-05
5.26033e-05
8.29651e-06
1.81283e-05
5.79584e-05
4.36377e-05
8.55732e-05
8.22777e-05
3.35962e-05
3.34734e-06
3.58505e-05
6.25473e-06
1.21989e-05
4.28253e-05
7.39874e-05
1.65883e-05
5.28239e-06
2.5186e-05
6.42526e-05
4.00401e-05
3.43569e-05
4.49374e-05
3.4001e-05
9.10484e-05
2.0989e-05
5.06626e-05
8.56163e-05
4.68877e-05
4.2695e-05
8.6616e-05
3.20492e-06
7.78052e-05
3.27239e-05
7.27349e-05
8.10028e-05
4.80319e-05
2.34652e-05
0.000111619
8.65977e-05
8.61116e-05
3.34668e-05
8.60413e-05
1.32408e-05
5.45607e-05
3.90672e-05
1.28863e-05
2.50381e-05
6.66907e-05
1.61862e-05
3.20037e-05
8.96228e-05
8.51119e-05
4.37969e-05
4.39058e-05
5.62897e-05
4.02195e-05
3.76077e-05
5.07663e-05
1.76744e-05
4.86505e-05
8.50878e-05
2.00563e-05
9.16776e-05
1.42987e-05
7.25245e-05
3.56645e-05
9.16756e-05
8.61997e-05
5.02768e-05
5.73895e-05
4.77173e-05
3.40041e-06
4.29652e-05
1.47448e-05
2.44401e-05
8.46791e-05
4.34154e-05
9.16012e-05
8.61306e-05
9.09816e-05
8.55916e-05
4.34349e-05
7.17572e-05
4.34112e-05
6.19361e-05
4.21269e-05
4.65794e-05
4.49082e-05
1.28218e-05
4.8558e-06
4.17587e-05
8.4604e-05
3.05396e-05
1.37319e-05
4.24808e-05
3.56773e-05
2.73825e-05
2.35738e-05
9.04764e-05
4.43818e-05
5.28153e-05
3.85805e-05
4.81623e-05
7.31153e-05
2.78697e-05
5.28896e-05
3.41679e-05
5.95162e-05
1.2415e-05
1.42265e-05
7.95301e-05
7.90864e-05
4.74917e-05
9.16284e-05
8.44993e-05
4.20254e-05
4.80498e-06
4.481e-05
7.81247e-05
9.08704e-05
2.89281e-05
9.14723e-05
3.98188e-05
3.80548e-05
9.11689e-05
8.51641e-05
8.94283e-05
8.41633e-05
5.18403e-05
3.4695e-05
4.3345e-05
3.32327e-05
3.51436e-05
8.00199e-05
4.39748e-05
4.50976e-05
3.08145e-05
7.59281e-05
7.84665e-05
1.74036e-05
6.25369e-05
8.60707e-05
4.68317e-05
3.07876e-05
8.56254e-05
2.00908e-05
7.25964e-06
4.29788e-05
4.05239e-05
1.5234e-05
-4.76017e-06
2.0543e-05
5.99292e-05
9.76983e-06
3.03012e-05
7.49566e-05
8.51406e-05
4.98028e-05
3.81835e-05
4.51892e-05
4.9698e-05
6.0388e-05
8.4121e-05
3.02456e-05
4.00383e-05
3.75966e-05
2.6558e-05
1.38053e-05
9.32131e-06
2.64341e-05
1.86022e-05
3.2322e-05
8.64147e-05
1.38476e-05
2.94136e-05
7.99329e-05
8.466e-05
8.56471e-05
6.27155e-05
1.17623e-05
9.1677e-05
1.85354e-05
9.65205e-06
4.92124e-05
5.64204e-05
8.45869e-05
8.36381e-05
6.46696e-05
7.16473e-05
4.44051e-05
4.51414e-05
1.18279e-05
4.34341e-05
6.04841e-05
7.05653e-05
9.09895e-05
4.37381e-05
7.57152e-05
2.75321e-05
3.0453e-05
7.73223e-06
7.83957e-05
4.45568e-05
7.49771e-06
2.25374e-05
9.55878e-05
1.8704e-05
3.28978e-06
8.31566e-05
6.52153e-05
5.07631e-05
8.58187e-05
4.48672e-05
5.80067e-05
8.37035e-05
8.63074e-05
9.21288e-05
4.2438e-05
7.42696e-05
7.65149e-05
7.18202e-05
6.2838e-05
9.10132e-05
1.1541e-05
4.32888e-06
6.70931e-05
3.73951e-05
7.66671e-05
4.10044e-05
5.05891e-05
7.00469e-05
8.93462e-05
8.41487e-05
5.12365e-05
6.32028e-05
5.21807e-05
3.79675e-06
8.27726e-05
7.75968e-05
8.69543e-05
3.08759e-05
2.05807e-05
5.51402e-05
8.35175e-05
2.60581e-05
8.87292e-05
7.83642e-05
8.46307e-05
7.78654e-05
5.93597e-06
4.78269e-05
8.28775e-05
2.70447e-05
3.06752e-05
3.92965e-05
4.21688e-05
5.38549e-05
6.11067e-05
2.61436e-05
5.31658e-06
5.12535e-05
3.23945e-05
9.13082e-06
8.00989e-05
2.53684e-05
5.51453e-05
1.02743e-05
4.97994e-05
9.00115e-05
0.000111212
5.85487e-05
6.59213e-06
7.98951e-05
7.78109e-06
2.25366e-05
7.46794e-05
4.85161e-05
8.13106e-05
8.3143e-05
1.76352e-05
3.60788e-05
8.26757e-05
1.27557e-05
6.90944e-05
2.34318e-05
8.63226e-06
3.80214e-05
2.88633e-05
6.43555e-05
4.72744e-05
3.08091e-05
8.41798e-05
8.17904e-05
4.34853e-05
5.77455e-05
9.05588e-05
4.40965e-05
5.05556e-05
5.89429e-05
2.93517e-05
8.59857e-05
3.81083e-05
6.86673e-05
3.07022e-05
3.70489e-05
6.42484e-05
7.92063e-05
4.68404e-05
1.37665e-05
6.39005e-06
6.96056e-05
5.23371e-05
8.21944e-05
6.2044e-05
3.85895e-05
5.62493e-06
8.24745e-06
1.51994e-05
5.35018e-05
4.23415e-05
7.76398e-05
3.37259e-05
3.81035e-05
7.51879e-05
6.9694e-05
2.48863e-05
2.64403e-05
9.5387e-06
8.57107e-05
7.17873e-05
3.90284e-05
3.75362e-05
7.7987e-05
4.32559e-06
8.75755e-06
1.67429e-05
2.39998e-05
3.29032e-05
7.49695e-05
1.90267e-05
7.00935e-05
7.20446e-05
6.96387e-05
6.48264e-05
4.73831e-05
5.7536e-05
8.31617e-05
6.32845e-06
8.05828e-05
2.78899e-05
4.87675e-05
6.04116e-05
1.48149e-05
7.55419e-05
5.33261e-05
8.22687e-05
8.86627e-05
6.15741e-06
1.77186e-05
8.65578e-05
3.47269e-05
3.81104e-05
5.51058e-05
5.86799e-05
8.12706e-05
4.31545e-05
1.66642e-05
9.03036e-05
6.772e-05
1.71637e-05
1.33672e-05
4.04894e-05
7.63306e-05
3.91464e-05
2.48357e-05
1.3745e-05
4.58216e-05
6.6209e-05
1.7578e-05
3.8593e-05
9.12877e-05
3.57449e-05
8.06969e-05
5.02799e-05
2.11351e-05
7.54975e-05
3.62913e-05
7.20951e-06
6.04674e-05
4.00499e-05
4.34498e-05
7.66837e-05
2.10447e-05
1.56183e-05
1.12698e-05
8.77658e-05
7.34991e-05
9.11559e-05
5.163e-05
5.0667e-05
6.13491e-05
3.85957e-05
3.7143e-05
6.83493e-05
2.80172e-05
2.82428e-05
3.14231e-05
7.76665e-05
8.82548e-05
1.1583e-06
5.64803e-05
5.40733e-05
1.7806e-05
1.275e-05
4.58287e-05
3.90905e-05
2.98121e-05
3.17562e-05
2.29998e-05
6.68696e-06
6.25318e-05
5.70839e-05
6.48026e-05
3.0833e-05
4.39392e-05
2.66274e-05
8.54498e-05
3.65605e-05
3.13637e-05
8.64693e-05
3.96856e-06
8.19623e-05
9.75907e-05
7.08143e-05
7.78825e-05
7.20367e-05
3.02334e-05
9.11205e-05
4.4275e-05
2.93572e-05
4.19738e-05
2.14649e-05
2.50942e-05
4.9067e-06
6.85219e-05
2.14462e-06
5.72522e-05
4.56818e-05
4.9698e-05
6.3722e-05
3.51906e-05
1.93758e-05
5.33025e-05
4.8286e-05
5.31249e-05
5.21207e-05
2.64065e-05
2.90349e-06
9.19831e-05
5.747e-05
1.91941e-05
6.13815e-05
9.14576e-05
4.302e-06
4.59057e-05
9.11493e-05
2.04536e-05
4.07052e-05
8.95163e-05
8.32236e-05
3.62303e-05
5.16388e-05
8.58404e-05
3.22393e-05
5.31985e-05
6.04001e-05
9.09184e-05
1.81585e-05
7.14669e-05
4.38954e-05
6.1433e-06
3.03217e-05
7.20601e-05
6.91917e-05
8.27158e-05
7.98342e-05
2.83425e-05
5.16352e-05
2.76487e-05
8.17038e-05
2.21538e-06
2.41197e-05
6.23554e-05
6.50235e-05
7.45276e-05
7.42126e-05
1.37413e-05
7.84105e-05
5.24061e-05
4.53953e-05
8.81398e-05
5.45797e-05
8.07918e-05
7.44733e-05
6.42907e-05
5.99646e-05
2.49273e-05
2.54476e-05
4.54116e-05
5.74948e-05
6.33229e-05
9.36077e-06
6.23513e-05
5.3683e-05
3.83794e-06
5.41388e-05
1.025e-05
6.78696e-05
7.86066e-05
7.71001e-05
6.87367e-05
4.69937e-05
3.90757e-05
2.78502e-06
6.47385e-05
3.09303e-05
5.70945e-06
3.90365e-05
3.22669e-05
1.74463e-05
5.81947e-06
5.89534e-05
5.26032e-05
3.16451e-06
3.99173e-05
4.97351e-05
3.90751e-05
3.76209e-05
8.48768e-05
0.00010282
3.53283e-05
7.25719e-05
2.19126e-05
3.27495e-05
7.38105e-05
9.06713e-05
6.20421e-05
6.27696e-05
4.63736e-05
4.54317e-05
4.88028e-05
3.98192e-05
7.79248e-05
5.01085e-05
3.03362e-05
6.19057e-05
8.12319e-05
5.90072e-05
4.34524e-05
7.3478e-05
5.86471e-05
8.66858e-05
8.60118e-05
5.42732e-05
8.68016e-05
4.52837e-05
4.4459e-05
8.33678e-05
7.73152e-05
7.97754e-05
6.88696e-05
6.09353e-05
7.54829e-05
7.48657e-06
1.80553e-05
2.79482e-05
6.19439e-06
9.07536e-05
8.02663e-05
-2.67408e-06
9.16684e-06
7.94463e-05
3.71133e-05
7.13e-05
4.26006e-05
5.50441e-05
7.64258e-05
9.18107e-05
5.36483e-05
8.41637e-06
7.74926e-05
3.40811e-05
4.34863e-05
2.66732e-05
2.35172e-05
8.85464e-06
8.5331e-05
6.95759e-05
5.11518e-05
4.25172e-05
2.68956e-05
8.5039e-05
9.01351e-05
4.68064e-05
8.10731e-05
3.97024e-05
3.85419e-05
2.06344e-05
5.65938e-06
5.55142e-05
6.19236e-05
9.07978e-05
4.29202e-05
1.9124e-05
2.8626e-06
5.55945e-05
1.24132e-05
4.2427e-05
1.31759e-05
8.57897e-05
5.89926e-05
4.52474e-05
2.39618e-05
1.65854e-05
2.00921e-05
3.51942e-05
4.14512e-05
7.61262e-05
4.57947e-05
4.88304e-05
7.5417e-05
1.87026e-05
8.86137e-05
1.95725e-05
7.81971e-05
8.27443e-05
3.32005e-05
6.31792e-05
1.32776e-05
1.13098e-05
5.16709e-05
7.46743e-05
3.67002e-05
4.19425e-05
3.72661e-05
4.67086e-05
6.4086e-05
3.73247e-05
8.07492e-05
3.71374e-05
8.93354e-05
2.61574e-05
6.8467e-05
3.39143e-05
7.80735e-05
3.84642e-05
2.15214e-05
3.28082e-05
3.10034e-05
4.92044e-05
4.09617e-05
6.32424e-06
2.66921e-05
2.39525e-05
1.96079e-05
5.02843e-05
1.84112e-05
5.13547e-05
7.06814e-06
3.86433e-05
1.75552e-05
7.06068e-05
4.8208e-06
3.76465e-05
3.44386e-05
3.56932e-05
7.05703e-05
5.2206e-05
1.71373e-05
6.5712e-05
6.0101e-05
3.37458e-05
2.75183e-05
2.21731e-05
2.93136e-05
3.2142e-05
4.53756e-05
7.93374e-05
6.38463e-05
4.71548e-05
1.29154e-05
8.17135e-05
5.66983e-05
3.24531e-05
7.22726e-05
4.91493e-06
6.32514e-05
8.47287e-05
1.17439e-05
1.05142e-05
9.3298e-05
2.16364e-05
7.201e-06
6.72078e-05
1.57218e-05
8.03057e-05
4.57924e-05
3.07749e-05
7.07847e-05
7.34856e-06
3.39881e-06
1.71891e-05
4.8073e-05
9.17727e-05
5.30877e-05
2.8644e-06
7.40457e-05
6.4816e-05
1.90851e-05
4.4421e-05
4.55983e-05
6.93207e-05
3.95152e-05
9.15041e-05
1.81192e-05
2.09575e-05
4.45639e-05
4.1272e-05
2.97183e-05
1.90126e-05
4.93208e-05
4.85579e-05
3.51872e-05
1.90865e-05
6.70084e-05
2.40105e-05
1.87749e-05
8.00114e-05
3.08595e-05
4.16414e-05
3.15109e-05
6.64119e-05
5.11509e-05
6.86089e-05
9.16294e-05
6.49517e-05
2.83921e-05
7.76395e-05
5.31049e-06
2.72835e-05
5.09793e-05
8.4994e-05
3.50572e-05
4.55237e-05
7.8559e-05
4.39179e-05
5.11097e-06
4.08871e-05
7.12639e-05
1.60954e-05
3.41766e-05
6.09689e-05
5.53568e-05
3.95191e-05
3.22223e-05
2.65441e-05
5.26865e-05
7.56972e-05
9.11323e-05
3.31236e-05
6.5749e-05
6.01577e-05
1.83532e-05
8.02297e-05
4.94175e-05
2.52107e-05
5.45432e-05
5.23282e-05
4.43327e-05
2.87443e-05
4.49435e-05
9.27252e-06
6.71723e-05
1.14378e-05
4.29989e-05
4.14875e-05
3.47505e-05
6.30352e-05
5.74603e-05
2.15633e-05
8.07414e-05
5.34833e-06
2.74169e-05
6.69513e-05
4.4756e-05
5.67556e-05
5.91849e-05
2.37464e-05
7.79841e-05
1.30985e-05
4.38434e-05
9.15286e-05
7.22951e-05
7.30476e-06
1.122e-05
2.0294e-06
3.99535e-06
5.50925e-05
6.13968e-05
6.3282e-05
1.61592e-05
5.6037e-05
6.22092e-05
3.71872e-05
8.29858e-05
3.64162e-05
4.75338e-05
5.48125e-05
1.47122e-05
8.82617e-05
5.97277e-05
2.84256e-05
5.23837e-05
5.82132e-05
1.5998e-05
9.24337e-06
8.82054e-05
5.21189e-05
1.07316e-05
8.78428e-05
5.07038e-05
2.03194e-05
2.74642e-05
7.32671e-05
7.20235e-05
1.75549e-05
3.62956e-05
6.82231e-06
6.25851e-05
5.01831e-05
9.0452e-05
7.47248e-05
6.29204e-06
3.45667e-05
5.96697e-05
7.35145e-05
7.3238e-05
2.3877e-05
4.43837e-05
7.22403e-05
3.93304e-05
2.50173e-05
2.6884e-05
6.1878e-05
5.68999e-05
8.98917e-05
9.82177e-06
4.84696e-05
4.49229e-05
5.56268e-05
1.14609e-05
7.37529e-05
4.53909e-05
7.13211e-05
4.04124e-05
1.46933e-05
4.54697e-06
3.21505e-05
4.32095e-05
6.67715e-05
9.26058e-05
2.86413e-05
7.83298e-05
8.91953e-05
7.64225e-05
4.72395e-05
-5.85339e-06
2.29944e-05
7.10554e-05
6.77316e-05
1.45462e-05
7.4952e-05
1.46348e-05
3.46572e-05
8.84094e-05
3.85539e-05
4.87317e-05
4.2456e-05
3.91274e-05
-3.63634e-06
3.89536e-05
3.55559e-05
7.66663e-05
5.18667e-05
5.28313e-05
1.07503e-05
3.99249e-05
2.1931e-05
1.78788e-05
9.11396e-05
1.01377e-05
2.69655e-05
7.61813e-05
4.40694e-05
1.41488e-05
5.21951e-05
7.6248e-05
2.14438e-05
4.78568e-05
4.7048e-05
4.10322e-05
2.25788e-05
3.26377e-05
5.47978e-05
8.68495e-05
4.15167e-05
8.78578e-06
7.77108e-05
1.64724e-05
8.96631e-05
4.33293e-06
8.84393e-06
1.02437e-05
3.30236e-05
7.37331e-05
1.65818e-05
8.54947e-05
3.81579e-05
2.051e-05
6.9382e-05
2.24179e-05
4.75882e-05
4.70358e-05
2.46022e-06
1.58033e-05
3.84653e-05
6.06181e-05
9.28318e-05
5.82696e-05
8.40057e-05
4.24819e-05
5.72993e-05
9.21094e-05
4.34159e-05
6.84081e-05
3.75285e-06
6.06435e-05
7.86458e-05
4.34176e-05
4.09677e-05
5.72396e-05
7.87196e-05
7.06595e-05
6.42541e-05
6.33611e-05
7.20996e-05
6.26254e-05
2.40414e-05
3.56427e-05
8.15274e-05
5.57554e-05
7.97832e-05
4.44242e-05
9.11652e-05
5.94043e-05
4.19966e-05
7.02895e-05
8.18159e-06
7.78796e-05
9.75657e-06
4.4319e-05
5.45645e-05
3.70064e-05
4.53048e-05
7.86817e-05
5.99996e-05
6.64656e-05
6.50066e-05
2.24602e-05
6.40361e-05
7.61793e-05
6.45225e-05
1.9983e-05
9.07879e-05
6.25849e-05
3.19112e-05
3.0939e-05
2.04703e-05
2.44745e-05
8.69768e-05
6.55465e-05
7.03495e-05
8.34717e-05
3.70066e-05
7.64691e-05
3.3779e-05
6.1567e-05
5.77257e-05
2.97457e-05
5.82011e-05
8.00702e-05
4.59255e-05
4.44523e-05
8.73264e-05
5.30029e-06
1.76258e-05
5.38438e-05
4.877e-05
7.27591e-05
1.94978e-05
2.72701e-05
3.74921e-05
5.72216e-05
3.55917e-05
8.22907e-06
5.36364e-05
5.89186e-05
7.81266e-05
5.79296e-06
4.96988e-05
1.17084e-05
7.93864e-05
9.00632e-05
2.05485e-05
4.05813e-05
3.94682e-05
1.21961e-05
5.79454e-06
6.11276e-05
6.78604e-05
1.95725e-05
9.14451e-05
8.14758e-05
5.19553e-05
5.38986e-05
4.81429e-06
4.41714e-05
9.24877e-05
4.10648e-05
7.28042e-05
8.22383e-06
8.88695e-05
8.74587e-05
6.3067e-05
7.32137e-05
5.35725e-05
1.26838e-05
5.60855e-05
6.54933e-05
2.08236e-05
6.20986e-05
3.56762e-05
2.44458e-05
5.28712e-05
5.52986e-05
4.67986e-05
2.01485e-05
8.77973e-05
2.82577e-05
2.3391e-05
7.91006e-05
4.26707e-05
3.45844e-05
8.64201e-06
2.33746e-05
2.29045e-05
1.09641e-05
4.80201e-05
6.11772e-05
4.79653e-05
3.3811e-06
1.69581e-05
5.57838e-05
6.79768e-06
2.11191e-05
4.77563e-05
2.49857e-05
3.02053e-05
1.85265e-05
8.69678e-06
9.3052e-05
1.03279e-05
6.16122e-05
6.79213e-05
7.44473e-05
6.28965e-05
9.77528e-06
4.30976e-06
2.49304e-05
4.85069e-05
7.70031e-05
7.52117e-05
2.10332e-05
6.98654e-05
8.637e-05
3.36098e-05
2.71802e-05
6.11395e-05
2.63106e-05
5.04931e-05
6.18005e-05
6.18302e-05
4.53553e-05
7.95604e-06
4.16251e-05
4.92154e-05
6.3113e-05
2.53381e-05
5.24411e-05
5.0889e-05
9.26124e-06
7.59023e-05
1.22642e-05
9.08381e-05
4.71883e-05
7.541e-05
3.42656e-05
2.54162e-05
6.01725e-05
7.10502e-05
3.51551e-05
4.03087e-05
2.93995e-05
1.16638e-05
1.58682e-05
5.98897e-05
1.51212e-05
1.64035e-06
5.02563e-05
7.18674e-05
2.91595e-06
7.9585e-05
7.33251e-05
5.68136e-05
4.29661e-05
8.93156e-05
3.94394e-05
8.03518e-05
4.94792e-05
6.58208e-05
9.09402e-05
7.16151e-05
6.74369e-05
5.14139e-05
4.68609e-05
7.30744e-05
6.26929e-05
1.22383e-05
4.29941e-05
5.87003e-05
6.35498e-05
2.2504e-05
4.3452e-05
5.60779e-05
3.85562e-06
6.34937e-05
4.39373e-05
6.06939e-05
4.14704e-05
3.11606e-05
1.48374e-05
4.14479e-05
3.66673e-05
9.10677e-06
3.49713e-05
7.96599e-05
1.6873e-06
7.45299e-05
1.81775e-05
6.89525e-05
5.48719e-05
6.88974e-05
4.62291e-05
9.09801e-05
3.65239e-05
2.16057e-05
6.62603e-05
4.08e-05
3.40975e-05
5.60215e-05
2.35196e-05
2.39872e-05
7.72213e-05
4.21127e-05
6.28757e-05
8.34231e-05
8.10421e-05
3.79788e-05
1.85999e-05
2.77707e-05
4.54186e-05
8.5406e-05
8.02576e-05
2.12017e-05
2.99522e-05
4.0095e-05
1.54784e-05
1.97431e-05
8.40622e-05
5.0071e-05
6.96775e-05
1.43526e-05
1.33788e-05
8.25916e-05
1.56707e-05
9.27124e-06
7.13791e-05
3.82385e-05
1.80407e-05
7.72493e-06
6.94381e-05
3.69095e-05
4.6561e-05
4.88362e-05
3.55439e-05
1.49049e-05
2.58238e-05
5.97824e-05
4.95273e-05
1.67687e-05
5.51375e-06
3.52361e-05
4.4398e-05
4.1997e-05
7.19551e-05
8.45511e-05
6.72751e-05
1.45301e-05
3.06911e-05
2.8381e-05
7.63885e-05
7.39623e-05
3.11776e-05
3.03319e-05
3.66155e-05
4.09015e-05
6.81455e-05
5.00111e-05
2.35552e-05
3.97354e-05
1.56079e-05
4.68778e-06
8.3572e-05
6.91164e-05
8.39563e-05
3.33039e-05
5.093e-05
6.74934e-05
7.86138e-05
4.89938e-05
5.8756e-05
7.73596e-05
8.2976e-06
7.93003e-05
3.27155e-05
6.15747e-06
6.13456e-05
8.7938e-05
4.60704e-05
4.41222e-05
4.57745e-05
4.58843e-05
9.03677e-05
6.59806e-05
6.92127e-05
7.78451e-05
1.70682e-05
7.57598e-05
3.60405e-05
7.35564e-05
5.627e-05
2.17772e-05
7.90442e-05
8.58886e-05
9.00437e-05
9.06395e-05
1.91832e-05
7.71528e-05
5.04467e-05
7.47865e-05
8.49228e-05
1.62854e-05
1.0988e-05
8.96174e-05
2.43634e-05
3.33688e-05
3.95708e-05
0.000104356
5.43265e-05
5.18989e-05
3.85643e-05
4.76747e-05
9.23647e-05
2.67972e-05
4.11964e-05
7.08353e-05
6.61984e-05
6.6798e-05
7.21081e-05
6.21048e-05
4.26113e-05
6.72461e-05
1.20218e-05
2.84906e-05
5.9905e-05
5.09108e-06
7.42394e-05
5.85211e-05
8.13188e-05
1.86133e-05
6.08602e-05
3.62126e-05
2.78585e-05
1.76428e-05
5.94224e-06
8.64952e-05
8.36557e-05
2.98859e-05
3.9046e-05
6.57881e-05
6.90067e-05
9.18324e-05
3.71022e-05
2.59929e-05
8.11209e-05
6.27971e-05
5.65982e-05
6.66847e-05
3.95514e-05
4.15484e-05
8.30806e-05
3.16642e-05
6.52253e-05
3.96107e-05
2.64794e-05
1.92581e-05
8.90742e-05
4.10042e-05
1.79297e-05
3.18362e-05
3.18117e-05
4.16787e-05
3.17451e-05
6.37683e-05
6.7764e-05
7.29925e-05
7.08937e-05
1.38659e-05
5.31099e-05
7.18234e-06
3.67817e-05
6.0212e-05
6.09521e-05
7.84199e-05
8.87218e-05
2.83552e-05
1.62648e-05
4.53396e-05
5.69738e-05
1.82193e-05
6.87059e-05
3.44849e-05
8.01456e-05
8.44396e-05
1.77363e-05
2.4851e-05
8.29478e-05
6.08706e-05
7.27212e-06
6.76586e-05
3.50706e-05
9.1125e-05
4.40632e-05
9.11971e-05
6.79798e-05
8.97489e-05
7.18079e-05
9.11255e-05
7.52738e-05
4.83442e-05
2.89113e-05
3.87216e-05
1.36619e-05
3.00998e-05
8.91753e-05
1.72527e-05
6.60364e-05
6.92244e-05
4.49047e-05
2.05569e-05
9.10158e-05
3.15615e-05
3.75892e-05
4.22084e-05
1.76975e-05
3.99995e-05
8.24991e-05
7.3955e-05
3.61296e-05
2.80048e-05
3.03716e-05
2.74531e-05
3.69001e-05
3.36865e-05
6.23139e-05
3.53153e-05
6.37808e-06
2.39208e-05
7.89014e-05
6.99245e-05
8.20129e-05
6.75827e-05
7.80508e-06
1.68383e-05
1.2894e-05
4.6858e-05
3.32917e-05
2.10664e-05
7.40417e-05
8.82194e-05
3.46656e-05
2.02292e-05
6.16595e-05
1.57822e-05
2.348e-05
6.71976e-05
2.92311e-05
3.22295e-05
8.21021e-05
9.57503e-06
7.68205e-05
6.83672e-05
1.81135e-05
8.97432e-05
1.90036e-05
7.27802e-05
6.17253e-05
3.3266e-05
1.27309e-05
4.90415e-05
7.98712e-05
6.45746e-05
7.15399e-05
7.25917e-05
8.06314e-05
7.23524e-05
3.10228e-05
4.04815e-05
1.42038e-05
4.99636e-05
4.00516e-05
3.99436e-05
4.10764e-05
3.13487e-05
6.28923e-05
5.62753e-06
1.66746e-05
4.05943e-05
5.79458e-05
9.01422e-05
3.23228e-05
6.21421e-05
4.36891e-05
8.05556e-05
5.50287e-05
9.01945e-05
8.64639e-05
8.13566e-05
7.83231e-05
6.16229e-05
6.95999e-05
1.26821e-05
8.83051e-05
1.70971e-05
4.53339e-05
8.62696e-05
6.53633e-06
6.83565e-05
1.02745e-05
1.31737e-05
9.65369e-05
2.98004e-05
9.09796e-05
2.22828e-05
7.59838e-05
8.59294e-05
5.21146e-05
2.32375e-05
5.33577e-05
2.25422e-05
6.68201e-06
6.06558e-05
2.63918e-05
7.64068e-05
9.04645e-05
2.44989e-05
5.4057e-05
3.1261e-05
7.2313e-05
6.61917e-05
9.04998e-05
2.07143e-05
2.30677e-05
6.47396e-05
6.86308e-05
2.6424e-05
1.96659e-05
2.25124e-05
4.82382e-05
6.2283e-05
5.11459e-05
5.84315e-05
2.59038e-05
7.9752e-05
1.63533e-05
6.65218e-05
2.39682e-05
1.37127e-05
5.3566e-05
9.74721e-06
5.29276e-05
6.77542e-05
7.91687e-05
3.38542e-05
6.03748e-05
4.48132e-05
5.58408e-05
8.16116e-05
6.50593e-05
5.60008e-05
5.52784e-05
9.12318e-05
1.0775e-05
7.2839e-05
3.46938e-05
5.70496e-05
3.03272e-05
7.06472e-05
8.95226e-05
7.0173e-05
5.17232e-05
2.98399e-05
2.2092e-05
3.76733e-05
5.34127e-05
1.00437e-05
4.75191e-05
5.62109e-05
2.79399e-05
3.14272e-05
8.0352e-05
6.53016e-05
1.42377e-05
5.41827e-05
5.93996e-05
3.57242e-05
5.77848e-05
5.43865e-05
7.1053e-05
5.70595e-05
1.0814e-05
5.12253e-05
4.48826e-05
4.87349e-05
1.56874e-05
2.40763e-06
7.30112e-05
3.80732e-05
6.53074e-05
3.484e-05
4.39024e-05
7.88157e-05
5.63275e-05
1.1249e-05
4.58579e-05
7.61947e-05
4.00016e-05
1.52152e-05
4.35739e-05
8.28602e-05
4.90054e-05
4.7062e-05
7.25076e-05
9.15814e-05
9.47158e-05
2.10339e-05
7.04477e-06
4.58643e-05
4.79937e-05
7.4299e-05
1.32224e-05
2.88273e-05
2.0061e-05
3.58027e-05
3.31078e-05
4.72846e-05
7.54994e-05
5.64869e-05
6.08547e-05
7.00851e-05
6.76544e-05
8.52218e-05
1.53208e-05
5.57268e-05
3.24922e-05
7.68658e-05
1.96409e-05
2.45303e-05
5.09286e-06
4.48518e-05
1.88666e-05
7.21403e-05
2.30305e-05
5.36581e-05
5.84466e-05
1.91557e-05
3.41849e-05
6.57972e-05
5.92411e-05
7.49327e-05
3.22948e-05
8.08279e-05
4.55824e-05
7.93232e-05
5.94788e-05
7.92692e-05
3.86096e-05
2.62956e-05
7.11432e-05
1.6923e-05
5.46567e-05
7.64693e-05
7.50155e-05
6.8239e-05
7.59811e-05
4.92871e-05
1.51814e-05
7.16239e-05
2.55043e-05
6.82191e-05
2.28149e-06
7.50548e-05
8.67541e-05
5.31734e-05
4.78335e-05
5.65631e-05
6.94925e-05
8.73787e-06
3.90822e-05
6.15985e-06
5.14666e-05
2.69241e-05
9.04221e-05
2.73737e-05
5.46206e-05
4.22426e-05
7.76441e-06
1.47287e-05
6.35966e-05
8.55257e-05
1.19354e-05
3.04408e-05
3.02872e-05
1.66483e-05
7.04099e-05
5.61119e-05
5.94658e-05
7.71661e-06
2.3483e-05
7.69544e-05
8.27675e-05
6.04317e-05
7.81554e-05
4.63531e-05
4.20332e-05
3.31933e-05
6.37634e-05
6.14211e-05
6.67617e-05
6.72791e-05
6.43392e-05
2.89902e-05
7.67342e-05
2.20515e-05
3.43516e-06
1.53855e-05
1.43304e-05
7.40864e-05
2.0599e-05
6.72616e-05
4.58777e-05
1.02485e-05
5.07573e-05
5.27116e-05
9.08887e-05
5.17106e-05
1.95292e-05
7.54377e-05
1.34222e-05
2.40556e-05
6.43566e-05
4.46545e-05
4.34785e-05
7.694e-05
3.51792e-05
7.69006e-05
5.80212e-05
9.013e-05
4.39674e-05
3.42363e-05
5.138e-05
3.43406e-05
7.30706e-05
3.58603e-05
3.77518e-05
3.36803e-05
3.5257e-05
8.09916e-05
7.98673e-05
5.65746e-05
7.68743e-05
5.67666e-05
6.13158e-05
4.36239e-05
4.62757e-05
2.46982e-05
5.94963e-05
1.86649e-05
4.414e-05
3.63469e-05
9.1348e-05
4.30877e-05
2.20119e-05
3.42041e-05
6.86556e-05
3.53749e-05
6.91109e-05
6.13403e-05
4.83187e-05
8.89356e-05
2.16878e-05
5.50212e-05
7.7439e-05
6.38529e-05
2.54741e-05
7.03315e-05
6.63105e-05
3.27839e-05
8.09085e-05
3.78408e-05
8.32658e-05
3.08205e-05
7.6029e-05
7.25001e-05
8.71639e-05
6.24163e-05
4.63453e-05
5.12518e-05
4.97716e-05
7.74399e-05
4.31636e-05
4.89472e-05
6.14526e-05
4.95876e-05
5.75706e-05
4.91024e-05
5.41349e-05
4.33664e-05
5.17385e-05
3.86691e-05
8.37346e-05
2.20482e-05
4.63193e-05
1.73233e-05
7.6413e-06
2.59565e-05
2.69281e-05
9.06852e-05
4.39208e-05
6.53321e-05
5.46275e-05
7.21368e-05
5.79399e-05
4.48666e-05
9.17796e-06
3.28826e-05
6.86379e-05
3.71547e-05
5.55921e-05
2.01223e-05
5.31638e-05
6.35153e-05
2.10803e-05
4.52695e-06
7.49982e-05
5.99876e-05
7.50131e-05
2.94636e-05
5.77104e-05
8.17913e-05
7.01628e-05
5.04585e-05
8.92003e-05
6.72463e-06
3.58139e-05
7.11179e-05
8.18018e-05
4.65459e-05
1.03177e-05
1.82218e-05
4.62718e-05
2.93429e-05
2.88766e-05
8.08355e-05
2.90837e-05
6.87275e-05
2.79056e-05
9.11289e-05
7.85302e-06
7.2943e-05
6.23908e-05
3.13261e-05
7.9382e-05
1.2509e-05
6.57338e-05
7.71764e-05
6.98437e-05
4.42165e-05
6.01313e-05
1.27871e-05
6.69641e-05
3.61807e-05
8.86749e-05
4.73477e-05
2.19804e-05
7.69565e-05
8.63376e-05
6.62749e-05
2.74075e-05
7.34305e-05
8.10466e-06
2.69164e-05
2.49613e-05
4.21815e-05
1.52686e-05
5.49811e-06
7.79264e-05
3.80798e-05
2.70311e-05
1.71496e-05
9.82254e-06
4.63128e-05
8.4127e-05
2.266e-05
5.07408e-05
1.42565e-05
1.82901e-05
2.5581e-05
2.74105e-05
3.92097e-05
3.67792e-05
5.06363e-05
2.51426e-05
3.19204e-05
4.11926e-05
4.47938e-05
4.29294e-05
8.57433e-06
5.39904e-05
9.05366e-06
8.17843e-05
2.29424e-05
6.97162e-05
8.22845e-05
7.4027e-05
2.98355e-05
8.26875e-05
4.87187e-05
5.74822e-05
4.18905e-05
4.2654e-05
1.66611e-05
3.78724e-05
4.73711e-05
1.2294e-05
1.61756e-05
4.50368e-05
2.46073e-05
4.03055e-05
6.24108e-05
6.88346e-05
6.84039e-06
1.72199e-05
2.55278e-05
9.12899e-05
5.75482e-05
6.43315e-05
7.01931e-05
6.18259e-05
9.23723e-05
7.59502e-06
5.26794e-05
4.19364e-05
4.53591e-05
5.06928e-06
2.49379e-05
9.03587e-05
3.18493e-05
7.11305e-05
6.38747e-05
5.01567e-05
4.43729e-05
4.44177e-05
2.39964e-05
7.15424e-05
7.35383e-06
4.5372e-05
7.35583e-05
2.31472e-05
5.82053e-06
5.85069e-05
4.24613e-05
6.02675e-05
9.06574e-05
6.80337e-05
5.23494e-05
4.9248e-05
8.32506e-05
7.13322e-05
5.62423e-05
2.35117e-05
6.03449e-05
2.89769e-05
7.88965e-05
4.97331e-05
8.53065e-05
4.43794e-05
4.05379e-05
8.80472e-06
1.52961e-05
3.48271e-05
5.65497e-05
5.03881e-05
2.20067e-05
3.42088e-05
5.82379e-05
4.50368e-05
9.09674e-05
4.30015e-05
7.16516e-05
3.7138e-05
2.36338e-05
3.3717e-05
3.6658e-05
9.11651e-05
8.09024e-05
3.27236e-05
8.35669e-05
8.18906e-05
8.32327e-05
4.63663e-05
3.5937e-05
2.30301e-05
2.97084e-06
3.76254e-05
4.29302e-05
6.45323e-05
7.58493e-05
8.49692e-05
8.7237e-05
5.33678e-05
2.59343e-05
4.66642e-05
4.54553e-06
1.81364e-05
4.55229e-05
3.26239e-05
5.80365e-05
5.01812e-05
1.78646e-06
4.67556e-05
3.07631e-05
4.91383e-05
8.44885e-05
1.76511e-05
3.38044e-05
8.81851e-05
3.95647e-05
8.33502e-05
5.75825e-05
4.1999e-05
4.23702e-05
6.3075e-05
5.7096e-05
2.93235e-05
4.15068e-05
2.6069e-05
8.30219e-05
6.62862e-05
6.86588e-05
5.41702e-05
5.35805e-05
4.10198e-05
3.52106e-05
2.5475e-06
5.30227e-05
4.46256e-05
5.43484e-05
4.51099e-05
3.54573e-05
3.81365e-05
5.76723e-05
6.23091e-05
9.07947e-05
3.14789e-05
4.17866e-05
8.77444e-05
5.51139e-05
6.33716e-05
9.06141e-05
2.88381e-05
6.63104e-05
3.29377e-05
8.42184e-05
6.08308e-05
2.15526e-05
6.09171e-05
4.15082e-05
6.93609e-05
4.97998e-05
8.43342e-05
1.42481e-06
4.10123e-05
3.76275e-05
6.04499e-05
3.1296e-05
3.70805e-05
6.32771e-05
4.17262e-05
7.25848e-05
3.37162e-05
3.7697e-05
3.85053e-05
2.9304e-05
4.32569e-05
4.64061e-05
6.14377e-05
1.62441e-05
7.71473e-05
8.6943e-05
4.24885e-05
3.73847e-05
6.22361e-05
8.55759e-05
3.17823e-05
9.05609e-05
2.30222e-05
5.25392e-05
4.61741e-05
6.4465e-05
7.36035e-05
7.60453e-05
4.93164e-05
4.07571e-05
2.44061e-05
6.58248e-05
9.02095e-05
7.37829e-05
6.10735e-05
8.90944e-05
3.95586e-05
2.15334e-05
5.01755e-05
8.22614e-05
6.2793e-05
4.22805e-05
3.24156e-05
5.06611e-05
8.05084e-05
4.11431e-05
6.82519e-05
6.83497e-06
9.31492e-06
8.77146e-05
4.04887e-05
3.37172e-05
6.48423e-05
2.30836e-05
1.30117e-05
7.96928e-05
7.95433e-05
7.32945e-05
1.74437e-05
7.56897e-05
4.00105e-05
6.0753e-05
3.47e-05
3.03882e-05
7.66194e-05
6.57118e-05
2.78961e-05
8.47021e-05
8.3497e-06
3.33841e-05
2.20223e-05
2.4452e-05
1.17723e-05
8.51862e-05
8.77591e-05
4.12919e-05
2.05774e-05
8.38428e-05
5.67257e-05
8.1219e-06
8.12228e-05
5.48401e-05
5.91555e-05
3.12726e-05
3.67172e-05
6.47353e-05
1.1802e-05
4.27253e-05
3.97616e-06
6.41809e-05
2.2042e-05
3.31601e-05
9.22489e-05
4.60649e-05
7.4485e-05
6.61375e-05
9.1219e-05
4.23673e-05
5.22266e-05
6.1558e-05
3.80926e-05
5.08217e-06
4.28953e-05
4.96716e-05
8.76733e-06
4.58856e-05
8.95523e-05
4.93259e-05
4.39127e-05
3.32291e-05
1.67462e-05
3.39529e-05
5.30872e-05
3.47683e-05
1.47093e-05
5.08713e-05
8.46841e-05
9.1829e-05
3.64239e-05
3.75678e-05
7.26281e-05
1.62103e-05
3.72067e-05
4.07875e-05
1.6103e-05
2.63868e-05
1.3314e-05
3.46743e-05
2.62033e-05
5.96545e-05
5.36993e-05
6.85646e-05
2.05864e-05
7.45715e-05
5.81601e-05
7.00805e-05
6.66148e-05
8.86447e-05
3.01867e-05
5.38204e-05
1.67007e-05
4.09795e-05
7.53675e-05
7.24502e-05
4.53014e-05
8.03118e-05
2.15199e-05
1.22567e-05
0.000109041
4.48884e-05
8.48227e-05
1.56056e-05
4.16881e-05
9.03467e-05
8.76553e-05
2.78452e-05
5.83739e-05
8.05004e-05
4.05243e-05
2.54652e-06
7.06801e-05
3.36184e-05
2.52257e-05
3.96218e-05
3.87797e-05
4.05358e-05
8.81663e-06
6.91153e-05
7.70088e-05
9.06997e-05
8.04161e-05
9.0728e-05
7.31195e-05
4.68181e-05
4.60232e-05
5.0217e-05
2.54559e-05
4.05245e-05
3.92573e-05
7.94491e-05
2.54476e-05
8.37512e-05
1.36725e-05
9.82963e-06
3.56274e-05
1.12773e-05
8.99262e-05
8.77696e-05
2.54138e-05
4.1392e-05
1.32519e-05
4.30984e-05
4.27697e-05
2.41165e-05
4.54395e-05
8.88728e-06
9.11828e-05
1.23197e-05
6.81502e-05
3.26641e-05
3.51641e-05
3.89896e-05
7.11649e-05
5.44819e-05
3.61136e-05
5.11067e-05
6.32697e-05
3.31943e-05
8.01773e-05
1.06086e-05
6.67937e-05
9.02957e-05
6.37558e-05
7.65209e-05
2.59342e-05
0.000105915
1.10695e-05
3.61687e-05
4.486e-05
6.12396e-05
4.58413e-05
8.91147e-05
3.12992e-05
8.26089e-06
1.72349e-05
2.59006e-05
4.31791e-05
3.61633e-05
3.95565e-05
4.58446e-05
8.72745e-05
6.56512e-05
1.49988e-05
4.19704e-05
0.000107521
2.98277e-05
3.59359e-05
1.42203e-05
4.96265e-05
8.56707e-05
2.10743e-05
1.41611e-05
4.5581e-05
2.79025e-05
7.88446e-05
2.00125e-05
3.42145e-05
6.76662e-05
4.2513e-05
2.97012e-05
4.67502e-05
5.43116e-05
9.09397e-05
1.35193e-05
3.66508e-05
4.87724e-05
4.46099e-05
3.97792e-05
4.50666e-05
2.01003e-05
2.69111e-05
8.66409e-05
3.27066e-05
0.000110363
2.90377e-05
2.44802e-05
2.98957e-05
3.56502e-05
3.63362e-05
8.99482e-05
3.95296e-05
8.3435e-06
8.70983e-05
3.66264e-05
9.1354e-05
3.47042e-05
6.80753e-05
5.64897e-05
3.75907e-05
1.40409e-05
8.39291e-05
3.00399e-05
8.74212e-05
3.27531e-05
8.67886e-05
6.38732e-05
3.35118e-05
2.9128e-05
6.95949e-05
3.17738e-05
4.47001e-05
4.81285e-05
3.83234e-05
4.1881e-05
4.29486e-05
2.58604e-05
4.65036e-05
2.42542e-05
5.69798e-05
3.66506e-05
6.88465e-05
8.72797e-05
2.49681e-05
8.42413e-05
7.73913e-05
8.06594e-05
4.14877e-05
2.63469e-05
1.35494e-05
2.49634e-05
4.76426e-05
5.59392e-05
4.39e-05
3.22584e-05
3.32391e-05
4.0039e-05
4.99154e-05
7.89637e-05
2.54254e-05
2.97892e-05
7.75023e-05
9.10807e-05
2.57143e-05
4.78014e-05
6.3387e-05
1.0828e-05
8.50149e-05
9.03613e-05
2.59146e-05
9.65562e-06
4.19594e-05
3.03151e-05
1.07793e-05
3.22693e-05
1.12481e-05
3.323e-05
8.40483e-05
4.24437e-05
6.48461e-05
9.1032e-05
3.56812e-05
3.16514e-05
3.1787e-05
6.53358e-05
2.8371e-05
8.61555e-05
4.19105e-05
4.99819e-05
4.60134e-05
8.69047e-05
7.05071e-05
5.78831e-05
2.92171e-05
2.69743e-05
8.28465e-05
8.59815e-05
7.93348e-05
4.28593e-05
3.32084e-05
7.09895e-05
8.13966e-05
4.36604e-05
8.54968e-05
4.35835e-05
2.41726e-05
1.07735e-05
9.39055e-05
1.03036e-05
3.17806e-05
8.72977e-05
4.4309e-05
7.91388e-05
1.04986e-05
2.15634e-05
2.47405e-05
3.6382e-05
9.12548e-05
2.76683e-05
3.17364e-05
3.68649e-05
3.27418e-05
3.65971e-05
6.99759e-05
4.01029e-05
2.84391e-05
1.13339e-05
3.82375e-05
4.62618e-05
5.80599e-05
8.41965e-05
5.90332e-05
4.86162e-05
5.18501e-05
4.15319e-05
4.20394e-05
2.98461e-05
8.78948e-05
2.56325e-05
8.75803e-05
9.12078e-05
8.24682e-05
4.82884e-05
3.80631e-05
8.12924e-05
7.48812e-05
7.72577e-05
4.15543e-05
2.93505e-05
2.00713e-05
4.7242e-05
8.17106e-05
8.70448e-05
2.68713e-05
3.61375e-05
3.41785e-05
3.6162e-05
3.0803e-05
5.85492e-05
8.71262e-05
2.99661e-05
1.00239e-05
8.08118e-05
4.77321e-05
7.85877e-06
3.22629e-05
3.36964e-05
2.25304e-05
4.92573e-05
8.9021e-05
2.73984e-05
8.35805e-06
8.83629e-05
4.38282e-05
3.02768e-05
4.73106e-05
7.08551e-05
3.38704e-05
1.57186e-05
2.24928e-05
2.93578e-05
3.27453e-05
3.93342e-05
8.45321e-05
2.94787e-05
4.63276e-05
3.72646e-05
2.95383e-05
1.14336e-05
9.13428e-05
5.54553e-05
3.68228e-05
2.69303e-05
7.92765e-05
2.44811e-05
2.64242e-05
2.46568e-05
3.13047e-05
8.17764e-05
8.26729e-05
4.24076e-05
7.01973e-05
8.15657e-05
7.3916e-05
2.37683e-05
1.40182e-05
7.14288e-05
2.88703e-05
2.15562e-05
1.39305e-05
3.03329e-05
8.25394e-05
6.30193e-05
7.43997e-05
8.32276e-05
3.77512e-05
2.59399e-05
3.12485e-05
6.36938e-05
8.31047e-06
3.46555e-05
7.58e-05
6.69068e-05
4.8941e-05
4.87046e-05
4.9191e-05
3.12876e-05
8.80989e-05
2.45995e-05
2.88648e-05
4.82177e-05
3.12497e-05
5.93452e-05
2.83297e-05
8.26801e-05
5.15212e-05
2.42158e-05
7.98421e-05
5.2165e-05
2.83863e-05
2.88545e-05
8.21969e-05
2.78853e-05
4.94989e-05
1.44239e-05
4.07088e-05
1.0136e-05
8.21887e-05
1.90998e-05
8.36519e-05
6.30685e-06
3.17254e-05
8.88291e-05
5.24937e-05
6.74519e-05
2.36275e-05
3.77953e-05
7.84015e-06
8.76123e-05
2.88168e-05
8.85429e-05
2.12944e-05
9.35013e-06
6.40545e-05
2.73589e-05
5.36186e-05
5.0227e-05
4.14189e-05
1.51976e-05
7.37146e-05
1.13275e-05
6.73888e-05
3.73083e-05
2.25447e-05
4.10408e-05
1.3771e-05
2.35006e-05
3.20504e-05
8.18902e-05
2.26548e-05
1.83868e-05
6.77001e-05
9.84642e-06
2.59465e-05
4.97422e-05
3.05875e-05
8.21111e-05
5.01592e-05
3.92074e-05
2.74167e-05
4.8459e-05
1.98394e-05
5.07112e-05
2.64405e-05
5.68612e-05
2.49592e-05
7.83818e-05
3.8722e-05
7.2487e-05
3.78761e-05
1.71834e-05
6.60062e-05
4.96755e-05
3.88516e-05
1.96072e-05
9.33396e-06
7.15873e-05
3.82858e-05
2.83681e-05
7.28864e-05
7.43447e-05
7.54692e-05
6.51145e-05
6.65701e-05
7.93561e-05
5.19217e-05
4.76308e-06
1.66963e-05
7.10288e-05
7.40131e-05
7.77417e-05
1.57329e-05
2.35056e-05
9.82215e-06
1.15929e-05
3.83635e-05
7.0135e-05
6.39914e-05
2.5675e-05
2.54473e-05
8.1493e-05
2.20551e-05
8.85745e-06
1.81562e-05
5.27768e-06
1.08356e-05
5.06428e-05
5.54067e-05
6.47862e-05
8.27443e-05
6.96488e-05
1.22711e-05
5.09468e-05
2.36852e-05
6.97122e-05
7.74131e-05
5.11964e-05
7.00639e-05
4.05548e-05
5.14923e-06
7.19137e-05
2.29788e-05
1.13202e-05
1.23111e-05
6.35707e-05
8.11404e-05
1.08017e-05
4.09298e-05
6.72243e-06
7.11014e-05
2.2755e-05
9.03045e-06
1.30594e-05
6.77732e-06
6.91625e-05
3.96982e-05
7.47565e-05
7.59574e-05
1.47468e-05
5.83194e-05
6.81935e-06
4.04444e-05
5.2206e-06
1.27594e-05
5.65329e-05
7.88685e-05
7.9937e-05
6.36623e-05
5.87316e-05
9.08667e-05
6.86757e-05
5.79914e-05
2.10655e-05
5.39485e-05
8.12269e-05
7.3043e-05
1.56817e-05
1.12896e-05
2.00922e-05
2.05777e-05
5.92175e-05
5.88607e-05
4.00731e-05
1.2802e-05
5.50761e-05
7.69263e-05
3.92539e-05
7.61394e-06
7.45007e-05
5.49721e-05
5.10391e-05
6.6487e-05
7.25555e-05
2.39889e-05
5.20078e-05
8.30827e-05
5.10794e-05
3.89845e-05
7.15177e-05
3.87728e-05
3.95839e-05
5.94507e-05
2.3015e-05
8.23762e-05
4.1164e-05
2.23088e-05
2.44731e-05
6.26223e-06
5.16816e-05
9.12137e-05
5.20944e-05
6.62439e-05
1.19242e-05
8.85857e-05
7.5401e-05
7.05445e-05
1.42598e-05
2.27943e-05
1.27925e-05
1.76709e-05
9.13539e-05
2.32818e-05
1.34145e-05
7.68561e-05
3.97405e-05
3.99544e-05
7.6283e-05
1.23036e-05
7.20015e-05
9.03155e-05
8.25959e-05
4.02265e-05
7.52385e-05
3.91052e-05
9.84593e-06
4.0197e-05
4.0669e-05
6.81879e-05
1.0832e-05
1.62069e-05
1.95854e-05
9.24158e-05
6.61714e-05
7.39437e-05
8.07471e-05
1.5233e-05
8.12941e-05
5.41051e-05
9.13208e-05
3.52557e-06
1.39165e-05
7.04557e-05
7.8028e-06
5.8479e-05
3.94708e-05
1.86411e-05
6.52748e-05
7.73449e-05
7.20714e-05
6.20531e-06
1.96162e-05
1.91333e-05
7.42031e-05
5.11272e-05
5.26505e-05
1.86508e-05
7.58875e-05
7.06181e-05
3.76573e-05
6.76298e-05
5.70212e-05
9.11429e-05
8.16258e-05
7.23996e-05
8.84722e-06
1.29164e-05
3.20346e-06
6.67311e-05
6.38185e-05
2.3028e-05
6.57761e-05
6.9581e-05
1.1811e-05
7.09402e-05
8.68569e-06
8.31662e-05
7.88043e-05
4.69665e-06
7.33715e-05
1.03388e-05
7.97782e-05
1.34653e-05
3.81436e-05
6.90961e-05
5.79205e-05
5.93785e-05
2.31398e-05
7.38602e-05
2.11958e-05
7.92913e-05
3.86284e-05
5.7544e-06
9.04969e-05
5.35504e-05
1.37791e-05
1.81684e-05
5.64636e-05
5.34635e-05
1.03123e-05
7.2974e-05
6.52012e-05
1.32815e-05
5.50078e-05
5.53285e-05
5.31356e-05
5.44353e-05
7.823e-05
7.23788e-06
1.61708e-05
8.79635e-05
1.03401e-05
9.35438e-06
1.71968e-05
8.47666e-05
1.32512e-05
3.72669e-06
5.16103e-05
7.63695e-05
7.64426e-05
9.79622e-05
1.91231e-05
7.22698e-06
7.75123e-06
7.44314e-05
7.35274e-05
6.55983e-05
2.08493e-05
1.6709e-05
5.55639e-05
1.17807e-05
7.4985e-05
1.52455e-05
2.27132e-05
1.14997e-05
7.67706e-05
7.78978e-05
6.20248e-06
7.53151e-05
6.86095e-05
5.88035e-05
6.47142e-05
8.92881e-05
9.0858e-05
7.48296e-05
1.4757e-05
4.0188e-05
7.29124e-06
1.04811e-05
6.72155e-05
7.51723e-05
3.8355e-05
1.25722e-05
2.21672e-05
1.1818e-05
5.73462e-05
3.44676e-05
6.43186e-05
5.49227e-05
1.86399e-05
1.76839e-05
5.29773e-05
5.99364e-05
6.04213e-05
5.74249e-06
5.45907e-05
1.32901e-05
7.33223e-06
6.75423e-05
3.88429e-05
5.78331e-05
6.28457e-05
6.81208e-05
8.96759e-05
7.65045e-06
5.63755e-05
6.13913e-05
5.75069e-05
6.57597e-05
5.67749e-06
6.18755e-05
6.70538e-05
6.03546e-05
5.89644e-05
6.60839e-05
6.33325e-05
5.92924e-05
5.60483e-05
7.49153e-05
6.41422e-05
1.4269e-05
7.34577e-05
3.85036e-05
8.90728e-05
8.55376e-06
5.79341e-06
6.43026e-05
1.20805e-05
1.622e-05
5.40363e-05
1.11117e-05
9.99988e-06
1.97376e-05
4.16728e-06
8.99716e-05
9.51444e-06
3.30078e-05
3.42502e-05
8.92062e-05
6.66594e-05
5.58898e-05
6.98906e-05
5.98686e-05
1.93892e-05
6.37505e-05
8.03273e-05
5.84083e-05
1.24219e-05
5.25815e-05
6.46269e-05
6.1325e-05
6.236e-05
2.31985e-05
6.56844e-05
4.07302e-06
6.09069e-05
1.82805e-05
6.18094e-05
8.02633e-05
6.71424e-05
5.69505e-05
4.61469e-06
3.27924e-05
8.95601e-05
5.91476e-05
6.32654e-05
8.25158e-05
6.08395e-05
6.27786e-05
3.15484e-05
5.73492e-06
3.71697e-05
3.80289e-05
7.83149e-05
1.19894e-05
2.18233e-05
3.75419e-05
1.09566e-05
7.14177e-06
4.24728e-06
1.05373e-05
1.29713e-05
5.30657e-05
5.54949e-05
2.13359e-05
1.00506e-05
6.22932e-05
5.45213e-05
2.12539e-05
5.88917e-05
3.70536e-05
4.82519e-06
7.78281e-05
1.06262e-05
8.74407e-05
3.63247e-06
6.54498e-05
3.66836e-05
9.08316e-06
9.56746e-06
5.74335e-05
4.79875e-06
1.10204e-05
6.42302e-05
5.5978e-05
3.1317e-05
8.15522e-05
8.72634e-05
3.00771e-05
6.20893e-06
8.67737e-05
3.65647e-05
2.16796e-05
3.09334e-06
8.81923e-05
2.07093e-05
8.97374e-05
3.57097e-05
3.61936e-05
8.084e-06
1.59883e-05
3.60763e-05
9.00488e-05
2.22262e-05
7.71668e-06
8.00837e-05
8.60424e-06
5.47713e-05
8.96424e-05
8.20471e-06
1.24811e-05
3.5586e-05
6.73673e-06
6.24259e-06
5.27486e-06
3.52254e-05
1.4893e-05
2.03636e-05
8.57916e-05
4.79852e-06
6.67504e-06
8.12942e-06
3.49507e-05
3.54451e-05
5.27756e-06
3.47377e-05
1.98757e-05
8.62836e-05
5.73021e-06
8.43209e-05
1.97951e-05
7.16767e-06
8.65507e-05
6.59392e-05
7.54869e-05
2.17396e-05
8.43339e-05
9.09558e-05
2.02231e-05
1.92489e-05
8.48371e-05
3.37701e-05
9.11959e-05
8.1983e-05
9.13369e-05
9.09107e-05
9.14876e-05
6.82133e-05
3.41264e-05
3.39828e-05
3.34919e-05
5.26277e-06
9.14538e-05
3.32792e-05
6.6893e-06
1.89035e-05
9.12634e-05
9.05394e-05
1.84161e-05
8.80448e-05
2.07674e-05
8.94976e-05
9.05782e-05
3.26665e-05
3.2303e-05
9.09581e-05
1.8335e-05
8.48137e-05
1.77962e-05
1.73124e-05
8.82562e-05
3.51009e-05
1.68304e-05
1.87639e-05
3.25223e-05
8.20575e-05
3.18095e-05
1.63454e-05
1.49412e-05
1.58564e-05
9.01209e-05
3.20317e-05
3.46181e-05
8.96584e-05
8.10369e-05
5.52589e-05
1.78495e-05
2.0283e-05
8.17946e-05
3.0827e-05
6.9144e-05
1.73643e-05
9.01746e-05
8.08568e-05
3.12083e-05
9.10322e-05
1.68796e-05
8.91772e-05
8.52972e-05
3.1059e-05
3.05632e-05
7.95699e-05
8.52769e-05
1.63948e-05
4.97568e-05
7.40647e-05
8.84563e-05
1.44103e-05
7.93941e-05
8.30448e-05
6.69223e-05
1.50186e-05
1.4453e-05
1.53721e-05
1.55055e-05
3.36388e-05
8.27936e-05
1.39602e-05
1.93062e-05
7.89026e-05
8.72166e-05
6.59654e-05
9.00817e-05
9.162e-05
3.31592e-05
8.67267e-05
7.79321e-05
9.31381e-05
7.84218e-05
9.21258e-05
6.45083e-05
8.57526e-05
8.21836e-05
7.74454e-05
6.33104e-05
8.62359e-05
6.28621e-05
7.69602e-05
1.88206e-05
8.36234e-05
3.21829e-05
8.38467e-05
6.66798e-05
8.37914e-05
7.64749e-05
7.88095e-05
8.77014e-05
7.44404e-05
8.50709e-05
6.93362e-05
7.5896e-05
6.81423e-05
9.01403e-05
7.55477e-05
6.52206e-05
8.38182e-05
7.73527e-05
8.42733e-05
8.08278e-05
7.29861e-05
7.15345e-05
3.17027e-05
9.05986e-05
5.69682e-05
6.82308e-05
5.55081e-05
8.87308e-05
8.33299e-05
1.59083e-05
8.35298e-05
5.40514e-05
8.70449e-05
9.15293e-05
5.84269e-05
8.23411e-05
5.25991e-05
5.98854e-05
7.50457e-05
1.54259e-05
6.72372e-05
7.55036e-05
3.07177e-05
8.18515e-05
8.32889e-05
8.20317e-05
8.8691e-05
7.45529e-05
4.64028e-05
5.65147e-05
6.22966e-05
8.03809e-05
7.40374e-05
7.30466e-05
8.05583e-05
6.92223e-05
7.59744e-05
8.85556e-05
7.5981e-05
5.94989e-05
8.23001e-05
7.93622e-05
7.25707e-05
5.31199e-05
6.67442e-05
9.0443e-05
7.88756e-05
7.2089e-05
7.15973e-05
7.8391e-05
7.79081e-05
8.03295e-05
5.60926e-05
7.74227e-05
6.3377e-05
9.10066e-05
7.06292e-05
7.69243e-05
7.11084e-05
9.36161e-05
7.64501e-05
6.90525e-05
4.99514e-05
4.87514e-05
7.01415e-05
8.13137e-05
7.50274e-05
6.81697e-05
5.26911e-05
6.87054e-05
7.45369e-05
4.68921e-05
8.95806e-05
7.98448e-05
4.63454e-05
7.40031e-05
7.35902e-05
4.71031e-05
6.28755e-05
7.35294e-05
6.6716e-05
9.20313e-05
7.3041e-05
6.96364e-05
6.96566e-05
6.5452e-05
4.8326e-05
7.25475e-05
4.66132e-05
7.20572e-05
6.47481e-05
6.39959e-05
6.74354e-05
7.15656e-05
6.91824e-05
5.65963e-05
7.10832e-05
6.72038e-05
7.05982e-05
6.23825e-05
6.2787e-05
7.01155e-05
6.1435e-05
9.37481e-05
6.87223e-05
7.35339e-05
6.09528e-05
6.38021e-05
6.04691e-05
6.77542e-05
6.3818e-05
5.99863e-05
6.77194e-05
6.79062e-05
6.62643e-05
6.64424e-05
5.31983e-05
5.84876e-05
5.94661e-05
6.48107e-05
5.75175e-05
6.49815e-05
5.80039e-05
6.33369e-05
6.18218e-05
5.60682e-05
6.18922e-05
6.14133e-05
6.09327e-05
5.50856e-05
5.46055e-05
6.04487e-05
5.70288e-05
5.70198e-05
5.99669e-05
6.76792e-05
5.41196e-05
4.88247e-05
5.90216e-05
5.94463e-05
5.8964e-05
9.28044e-05
5.84761e-05
6.52805e-05
9.24696e-05
5.74998e-05
5.79829e-05
5.26612e-05
5.16757e-05
6.62097e-05
5.36163e-05
5.36239e-05
5.11938e-05
5.07139e-05
5.06815e-05
5.56128e-05
5.60268e-05
4.94392e-05
6.52467e-05
5.55487e-05
5.50687e-05
5.45815e-05
5.65524e-05
5.40981e-05
4.83029e-05
6.57304e-05
4.73079e-05
6.19212e-05
9.13971e-05
5.22093e-05
5.26229e-05
6.42706e-05
4.92455e-05
4.92525e-05
5.21378e-05
9.17705e-05
4.67742e-05
4.59223e-05
5.16556e-05
4.689e-05
5.11654e-05
6.2398e-05
4.61205e-05
5.02498e-05
5.04261e-05
4.56315e-05
4.68236e-05
4.68216e-05
5.31454e-05
5.89712e-05
4.78537e-05
4.8258e-05
4.77817e-05
4.64079e-05
4.73047e-05
5.55713e-05
9.18407e-05
4.87805e-05
5.21617e-05
5.01837e-05
4.78072e-05
4.97134e-05
8.80933e-05
9.42726e-05
9.38173e-05
9.34679e-05
8.6625e-05
9.46716e-05
9.47746e-05
9.59347e-05
4.73123e-05
9.52018e-05
4.73242e-05
4.77729e-05
9.23027e-05
9.24511e-05
9.53029e-05
9.42362e-05
4.77966e-05
9.25395e-05
4.72953e-05
9.32527e-05
8.51672e-05
8.37147e-05
8.2266e-05
7.88799e-05
7.45111e-05
7.5967e-05
7.74238e-05
7.16012e-05
6.82042e-05
6.52873e-05
7.30552e-05
6.67446e-05
5.99504e-05
5.70341e-05
5.5577e-05
5.84919e-05
5.26643e-05
5.41194e-05
4.83095e-05
9.20378e-05
9.27703e-05
9.30619e-05
4.82549e-05
4.8259e-05
0.000171299
3.86481e-06
2.19693e-06
4.3281e-06
3.40452e-06
4.44388e-06
4.33737e-06
0.000171138
2.80982e-06
0.000171288
4.63973e-06
4.46949e-06
3.88617e-06
2.38554e-06
0.000171296
3.93423e-06
1.56775e-06
3.73247e-06
4.03234e-06
4.03479e-06
0.000171299
1.44548e-06
0.000170799
0.000171304
4.21427e-06
0.000171281
2.67927e-06
2.54962e-06
1.92212e-06
0.000171287
0.000171289
2.86222e-05
2.66007e-06
0.000171254
0.000171233
2.28298e-06
1.59946e-06
0.000171308
1.29398e-06
0.000171301
2.68463e-05
1.83832e-06
2.17126e-06
3.38005e-06
0.000171307
2.10947e-06
0.000171212
3.77285e-06
3.48436e-06
0.000171212
0.000170366
0.000171324
1.78486e-06
0.000171311
0.000171285
0.000171253
0.000171272
3.23103e-06
0.000171265
0.000171259
0.000170895
2.91047e-05
1.15044e-06
0.000171425
0.000170646
0.000171313
0.000171269
-2.77467e-06
0.000171423
1.25913e-06
0.000171243
0.000171259
1.07673e-06
0.000170319
2.63659e-05
2.95623e-06
0.000170565
0.000171184
2.00298e-06
0.000171317
0.000171279
0.000171291
2.95928e-05
2.15364e-06
0.00017128
0.000170969
0.000171066
0.000171261
0.000171393
3.00491e-06
2.97816e-07
0.000171313
0.000170962
0.000171083
2.57856e-06
1.63125e-06
9.60634e-07
0.000171247
0.000171319
0.000171346
3.19654e-06
3.50587e-06
0.000171313
0.000170951
2.52076e-06
1.45402e-06
0.000170996
8.72734e-05
0.000171256
1.11951e-06
0.000171464
0.000170776
0.000171183
0.000111492
0.00017093
0.000171189
0.000171239
0.000171288
0.000170814
2.67286e-06
0.000171159
9.03358e-05
0.000171202
0.000171256
-2.10332e-06
0.000171057
0.000171117
0.000171134
0.000171145
0.000171306
2.13104e-07
0.000171331
0.000171099
0.000171326
0.000171258
2.54642e-05
0.000171278
0.000171159
0.000171161
0.000171289
3.08162e-06
0.000171037
0.000171294
0.000170977
0.000171167
3.44179e-06
3.00642e-06
2.98416e-05
0.000171258
0.000171654
0.000170913
0.000171225
0.000171086
9.03818e-07
0.000171121
0.000171104
0.000171108
0.000171014
1.7574e-06
1.40255e-06
0.000171093
0.000170599
0.000171496
0.000170084
8.95549e-05
2.25854e-06
0.000170155
0.000171275
0.000171061
4.488e-07
0.00017127
0.000171214
0.000171178
0.000171115
0.000171229
0.000171274
8.97757e-05
9.4663e-05
0.000171125
0.000171107
0.000171196
0.000171109
2.64988e-05
0.000171317
0.000171196
5.20985e-05
5.35495e-05
5.50052e-05
5.64692e-05
4.87193e-05
5.79286e-05
5.93909e-05
6.47165e-05
6.61767e-05
6.76513e-05
7.10383e-05
7.24845e-05
7.3937e-05
7.53901e-05
7.68449e-05
7.83116e-05
8.16807e-05
8.31128e-05
8.45451e-05
8.59913e-05
8.74679e-05
8.90014e-05
9.31898e-05
1.31658e-05
5.46862e-06
1.16774e-05
2.87791e-05
2.73317e-05
1.01672e-05
2.01754e-05
1.46385e-05
3.17005e-05
4.09378e-05
4.49704e-05
4.3363e-05
0.000171288
0.000170944
0.000170851
0.000171399
0.000171369
1.28272e-06
0.000170921
0.000171298
-8.7342e-07
0.000170907
0.000171337
9.02923e-05
2.53744e-05
0.000171331
0.000171155
2.26394e-06
3.60768e-06
0.000171244
3.31619e-06
0.00017112
8.78836e-07
0.000171405
0.000171245
0.000171199
-2.02817e-07
2.39993e-05
0.00017128
0.000171243
0.000171303
5.09299e-06
0.000171134
9.10491e-07
0.000171217
1.75633e-06
8.9491e-05
6.34071e-06
0.000171194
2.32106e-06
0.000171284
2.77434e-06
0.00017129
9.55074e-07
7.52809e-07
0.000171165
7.66571e-06
8.25271e-07
0.000171354
0.000171187
1.00355e-06
0.000170957
0.000171298
0.000171048
8.98906e-05
8.9881e-05
8.88114e-05
9.03139e-06
-8.97903e-07
8.69682e-05
0.000171263
0.000171108
0.000171147
9.40723e-05
2.8795e-05
3.51778e-06
8.89553e-05
1.04217e-05
6.72867e-07
0.000171178
0.000171356
0.000171358
3.02592e-06
0.000171226
0.000171313
1.18366e-05
3.18594e-06
2.25295e-05
0.000171189
9.85794e-05
0.000171303
1.32711e-05
1.47177e-05
2.63242e-06
2.98574e-06
2.89911e-06
0.000171269
1.85523e-06
1.61686e-05
2.3914e-05
9.54755e-05
9.44806e-05
0.000171005
0.000171268
0.00017117
0.000171296
0.000100318
-1.56397e-06
8.86232e-05
4.34976e-05
2.74506e-05
2.8911e-05
1.32972e-05
1.47763e-05
1.18154e-05
1.03039e-05
5.61523e-06
8.91461e-05
8.76009e-05
8.61205e-05
8.46707e-05
8.32322e-05
8.18052e-05
7.84305e-05
7.69711e-05
7.55161e-05
7.40632e-05
7.26093e-05
7.11625e-05
6.77699e-05
6.62994e-05
6.48401e-05
5.95067e-05
5.80511e-05
5.65904e-05
5.51315e-05
5.36774e-05
5.22131e-05
2.80793e-05
5.55899e-07
4.44779e-05
4.28565e-05
4.04232e-05
3.42693e-05
3.42837e-05
3.11881e-05
2.82644e-05
2.60166e-05
2.68232e-05
1.96745e-05
2.25899e-05
1.96003e-05
1.41184e-05
2.16269e-05
1.2649e-05
1.115e-05
9.63801e-06
4.88246e-06
9.24765e-05
8.84524e-05
8.69405e-05
8.54775e-05
8.4037e-05
8.26061e-05
8.1172e-05
7.77873e-05
7.63299e-05
7.4877e-05
7.34233e-05
7.19731e-05
7.05253e-05
6.71222e-05
6.56574e-05
6.42011e-05
5.88712e-05
4.82086e-05
4.83696e-05
4.78862e-05
5.74126e-05
5.59467e-05
5.44898e-05
5.30361e-05
5.15918e-05
0.000171138
9.9142e-05
1.43796e-06
1.95333e-05
3.41127e-05
2.21137e-05
9.81389e-05
4.69001e-05
4.64166e-05
4.59399e-05
4.54467e-05
3.91588e-05
4.20449e-05
3.8676e-05
3.96372e-05
3.81943e-05
3.7708e-05
3.5266e-05
3.72216e-05
3.62432e-05
3.575e-05
3.67287e-05
3.3772e-05
2.99081e-05
3.0394e-05
2.94258e-05
2.5497e-05
2.40664e-05
2.5519e-05
2.35852e-05
1.67181e-05
2.30968e-05
1.67349e-05
1.81787e-05
8.79968e-06
8.29211e-06
6.18307e-06
7.77153e-06
7.24113e-06
4.53365e-06
6.71069e-06
9.20418e-05
9.14096e-05
9.0815e-05
9.02437e-05
8.03868e-05
7.99077e-05
7.94216e-05
7.89383e-05
6.97328e-05
6.92525e-05
6.87647e-05
6.82801e-05
6.34083e-05
6.29286e-05
6.24449e-05
6.19591e-05
6.14709e-05
6.0989e-05
6.05052e-05
6.00221e-05
5.07924e-05
5.03145e-05
4.98174e-05
4.39653e-05
3.47771e-05
2.8938e-05
2.7478e-05
2.10634e-05
1.03378e-05
1.86211e-05
1.86848e-05
1.33207e-05
1.18348e-05
1.48018e-05
5.65707e-06
8.76191e-05
8.61342e-05
8.46816e-05
8.32478e-05
8.18139e-05
7.84459e-05
7.69822e-05
7.55247e-05
7.40705e-05
7.26184e-05
7.11709e-05
6.77842e-05
6.63137e-05
6.48523e-05
5.95238e-05
5.80643e-05
5.66015e-05
5.5138e-05
5.36822e-05
5.22314e-05
4.73632e-05
4.934e-05
1.62285e-05
3.32846e-05
4.15667e-05
2.50095e-05
3.23208e-05
1.52848e-05
3.95799e-06
1.72279e-05
8.91602e-05
2.11427e-05
4.35042e-05
2.77676e-06
2.09858e-05
4.25354e-05
4.01138e-05
3.47577e-05
3.08838e-05
2.79588e-05
1.23348e-05
1.38142e-05
9.30552e-06
1.08314e-05
8.81245e-05
8.66249e-05
8.51695e-05
8.37322e-05
8.23029e-05
8.0862e-05
7.74771e-05
7.60213e-05
7.45685e-05
7.31143e-05
7.16642e-05
7.02108e-05
6.68088e-05
6.53466e-05
6.38871e-05
5.85597e-05
5.71001e-05
5.56358e-05
5.41803e-05
5.2724e-05
5.12765e-05
1.51823e-06
2.83744e-05
3.16757e-06
2.24497e-05
2.78238e-05
0.000171093
0.000171271
-5.41292e-07
2.71168e-05
2.39151e-05
2.10643e-05
2.53795e-05
1.38645e-06
0.000171273
2.74054e-05
0.000171068
0.000171201
0.000171127
4.31478e-06
0.000171292
5.26605e-07
1.06931e-06
-3.20756e-08
-6.07215e-07
1.98202e-06
8.80646e-05
0.000171154
0.000171309
0.000171029
0.000104864
0.000171318
5.49734e-06
0.00017126
2.46685e-05
8.67499e-05
0.000170857
0.000102221
8.94533e-05
0.000171078
0.000171254
2.38326e-06
2.49774e-05
0.00017116
1.96059e-05
-1.77004e-06
2.24424e-05
0.000103903
0.000171275
0.000171304
6.77347e-06
0.000171097
0.000108146
0.00017128
2.32007e-05
0.000171077
0.000171151
0.000171138
2.5879e-05
1.65892e-06
4.18885e-06
2.35072e-05
6.53202e-08
0.000170953
2.52617e-06
0.000171259
8.11555e-06
8.90843e-05
1.41261e-06
2.17328e-05
0.000171103
0.000171181
0.000171151
4.49535e-05
2.6491e-05
2.21151e-05
1.91583e-05
2.01411e-05
2.20926e-05
4.83619e-05
-7.17483e-07
0.000171304
4.44814e-05
4.30087e-05
4.05902e-05
3.42778e-05
3.13619e-05
2.84338e-05
2.60009e-05
2.69737e-05
2.2602e-05
1.42979e-05
2.15996e-05
1.96629e-05
1.96492e-05
1.28156e-05
1.1322e-05
9.80975e-06
5.0621e-06
9.26948e-05
8.86266e-05
8.71089e-05
8.56446e-05
8.42018e-05
8.27701e-05
8.13342e-05
7.79497e-05
7.64982e-05
7.50443e-05
7.359e-05
7.21361e-05
7.06871e-05
6.72842e-05
6.5819e-05
6.43646e-05
5.90366e-05
4.78738e-05
5.75765e-05
5.61079e-05
5.46572e-05
5.32005e-05
5.17511e-05
2.20389e-05
0.000171094
9.49075e-06
0.000171241
0.0001713
7.63329e-07
2.02751e-05
0.000171449
1.85905e-05
2.05744e-05
2.44257e-05
0.000171614
1.08899e-05
9.87474e-05
0.000171291
0.000171024
1.88339e-05
9.49757e-05
1.81018e-05
0.000171294
0.000171329
0.000171592
1.23112e-05
1.91347e-05
-2.2633e-06
6.28709e-07
2.09795e-05
0.000102539
0.00017113
1.3751e-05
0.00017159
-1.14467e-06
0.000171289
1.62564e-05
0.000171257
2.29568e-05
1.67319e-05
2.97607e-05
1.51999e-05
5.79995e-07
0.00017119
3.67518e-07
0.000171308
0.000171322
1.72084e-05
-1.38929e-06
6.23006e-08
1.59866e-05
2.17574e-06
1.50051e-06
8.97175e-05
1.66482e-05
2.92928e-05
0.000171277
0.000171282
1.45297e-05
0.000170821
8.83237e-05
0.000170244
0.000171272
0.000171264
2.85729e-05
1.30857e-05
1.48057e-05
2.14872e-05
1.94976e-06
2.0017e-05
4.49454e-05
4.06085e-05
4.30234e-05
3.13751e-05
2.84613e-05
2.6476e-05
2.69936e-05
2.20429e-05
2.01448e-05
1.91737e-05
1.43131e-05
1.28397e-05
1.13462e-05
9.83221e-06
5.10901e-06
9.27137e-05
8.86435e-05
8.71246e-05
8.56534e-05
8.42069e-05
8.27755e-05
8.13413e-05
7.79571e-05
7.64992e-05
7.50437e-05
7.35891e-05
7.21404e-05
7.06942e-05
6.72928e-05
6.58307e-05
6.43718e-05
5.90394e-05
4.83441e-05
5.75804e-05
5.61167e-05
5.4658e-05
5.32022e-05
5.17617e-05
0.000171145
3.46263e-05
2.25985e-05
0.000170984
9.86755e-05
4.39881e-05
4.10753e-05
3.18508e-05
3.2817e-05
2.45537e-05
2.06408e-05
9.34013e-05
4.88467e-05
2.72589e-06
4.73975e-05
4.64279e-05
4.69109e-05
4.25282e-05
4.594e-05
4.54538e-05
4.2056e-05
4.44534e-05
4.3836e-05
4.1418e-05
4.01162e-05
3.91444e-05
3.86624e-05
3.81805e-05
3.96237e-05
3.76988e-05
3.72125e-05
3.5257e-05
3.6241e-05
3.67212e-05
3.51057e-05
3.575e-05
3.28064e-05
3.21801e-05
3.08721e-05
2.99049e-05
3.03931e-05
2.92648e-05
2.94194e-05
2.79618e-05
2.78015e-05
2.59848e-05
2.45541e-05
2.3583e-05
2.40719e-05
1.91093e-05
2.15506e-05
2.3088e-05
1.81968e-05
1.51296e-05
1.38083e-05
2.06536e-05
1.36441e-05
1.23263e-05
1.21709e-05
1.08381e-05
1.06646e-05
7.25875e-06
7.77858e-06
6.18661e-06
4.49743e-06
9.31809e-06
8.28797e-06
6.01808e-06
8.80151e-06
6.71941e-06
4.78493e-05
9.39222e-05
9.20346e-05
9.14035e-05
9.08122e-05
9.02327e-05
8.95256e-05
8.81232e-05
8.79578e-05
8.66216e-05
8.64635e-05
8.51615e-05
8.50101e-05
8.37214e-05
8.35804e-05
8.22878e-05
8.21455e-05
4.39912e-05
4.10902e-05
3.27972e-05
3.18515e-05
2.45285e-05
2.06261e-05
1.57712e-05
1.57425e-05
8.08493e-05
8.03699e-05
7.98903e-05
7.94122e-05
7.89284e-05
7.87933e-05
7.74653e-05
7.73182e-05
7.60051e-05
7.58595e-05
7.45503e-05
7.44068e-05
7.30963e-05
7.29538e-05
7.16464e-05
7.15081e-05
7.01987e-05
6.97145e-05
6.92306e-05
6.87524e-05
6.82685e-05
6.8139e-05
9.3418e-05
6.67989e-05
6.66507e-05
6.53347e-05
6.51883e-05
6.38786e-05
6.33907e-05
6.29082e-05
6.24222e-05
6.19462e-05
6.14609e-05
6.09752e-05
6.04884e-05
6.00045e-05
4.98275e-05
5.98744e-05
4.91925e-05
5.85446e-05
5.8404e-05
5.70879e-05
5.69478e-05
5.56225e-05
5.54784e-05
5.41607e-05
5.40189e-05
5.27128e-05
5.2571e-05
5.12597e-05
5.07786e-05
5.02945e-05
4.88529e-05
4.15795e-05
3.33123e-05
3.2349e-05
2.50369e-05
1.62537e-05
1.5275e-05
1.72048e-05
3.92162e-06
4.93437e-05
1.52837e-05
1.95461e-05
0.000171141
1.92705e-06
1.16601e-05
0.000170377
2.147e-05
0.000171267
8.37433e-05
2.78858e-05
8.53957e-05
0.000171387
0.000171303
0.000170675
0.000171327
0.000171064
2.29361e-05
1.02502e-05
9.91259e-05
0.000171586
0.000105735
2.76002e-05
0.000105525
4.05833e-06
2.44022e-05
0.000170985
8.87955e-06
1.33568e-05
1.00777e-06
0.000111588
0.000170006
9.48535e-05
2.58635e-05
0.000171281
4.01508e-07
2.00466e-05
0.000171291
0.000171292
7.51908e-06
0.000171187
4.68403e-07
8.44893e-07
0.000171221
1.38349e-05
2.69164e-05
0.000171026
9.41543e-05
6.20158e-06
0.000170996
8.52327e-05
0.000171281
0.000172403
0.000170757
8.81522e-05
5.52624e-07
4.93399e-06
2.64274e-05
0.000171346
1.19235e-05
0.000171103
0.000171608
3.68712e-06
2.59419e-05
0.000108118
1.35792e-06
0.000106899
0.000101374
2.56658e-05
7.9822e-05
9.79023e-05
1.23944e-05
0.000170768
0.00017137
0.000171279
0.000171023
1.05119e-05
2.51902e-05
0.000171152
0.000171592
0.00017127
0.000171042
1.62742e-06
-2.1786e-06
0.000171286
2.03278e-06
0.000171159
0.000170686
-5.57039e-06
2.44823e-05
9.58366e-05
1.66793e-05
0.000171172
9.68092e-05
2.41861e-05
0.000171081
1.09744e-05
9.12985e-06
0.000170674
8.72718e-05
0.000171297
-1.37745e-07
3.69561e-06
0.000171091
2.3716e-05
0.000103292
0.000171049
0.000171122
1.37207e-06
0.000171281
0.000171297
1.52323e-05
8.62887e-05
-7.43711e-07
1.61671e-05
-3.3986e-07
2.30123e-05
0.000171144
7.76946e-06
9.58738e-05
1.35415e-07
0.000170909
2.27203e-05
9.58104e-06
9.79547e-05
9.68577e-05
9.56324e-05
-9.51566e-07
8.57415e-05
0.000171346
1.3782e-05
9.4953e-05
2.22439e-05
0.000170938
-2.10025e-06
0.000170941
2.15894e-06
1.76916e-05
3.33772e-06
1.57627e-05
8.96919e-05
1.77137e-05
3.37298e-06
8.96928e-05
2.09906e-06
0.000171234
6.44537e-06
0.000170181
-2.39194e-06
0.00010181
0.000171194
2.15422e-05
2.12545e-05
0.000170998
8.2144e-06
1.23417e-05
0.000171379
-8.0484e-07
1.47239e-05
0.00010043
3.81097e-06
-2.83888e-06
5.21005e-06
0.000170983
2.07874e-05
0.000171236
0.000100034
8.31961e-05
9.41651e-05
9.19526e-05
0.000171312
1.09227e-05
2.00789e-05
0.000170966
1.98033e-05
6.87778e-06
3.43721e-06
-3.36186e-06
1.49781e-06
9.53395e-06
1.93387e-05
-7.15014e-06
1.3274e-05
-1.70016e-06
1.17796e-07
5.60656e-06
0.000171297
-1.52766e-06
1.86413e-05
0.000101385
8.16692e-06
0.000171714
0.000108553
0.000171109
0.000100839
1.81637e-05
0.000171301
0.000170948
1.23339e-06
6.83257e-06
0.000171305
4.47707e-06
-2.86769e-06
0.000171063
0.000171717
1.71446e-05
1.64634e-05
1.18428e-05
0.00017128
5.55845e-06
9.91439e-05
0.000110299
1.57762e-05
1.13427e-07
0.000171273
9.88067e-05
0.000171764
1.54731e-05
-4.54974e-06
4.26847e-06
1.43229e-05
9.24545e-05
0.000171193
0.000171485
1.49922e-05
8.41488e-05
1.28805e-05
0.000170948
3.34483e-06
8.76275e-05
1.40205e-05
0.000171224
0.00017121
9.77444e-07
1.89601e-06
1.04336e-05
1.14529e-05
0.000171287
0.000171414
-2.18439e-06
2.92739e-06
1.35434e-05
0.000171048
1.00508e-05
0.000171025
0.000171521
9.72172e-05
2.57789e-06
1.25793e-05
8.67768e-06
0.000171325
1.67596e-06
0.00017129
7.32664e-06
1.21176e-05
2.25299e-06
6.02764e-06
0.000103453
9.05525e-06
1.98991e-06
1.11571e-05
0.000171295
8.56735e-05
0.000171269
0.000171292
0.000166588
4.84707e-06
0.00017095
9.35523e-05
0.000171386
1.06989e-05
3.78158e-06
7.72384e-05
8.37342e-05
0.00017129
9.76369e-06
8.86729e-05
0.000171161
7.9573e-05
1.34342e-06
9.31367e-06
7.69389e-06
0.000171643
8.38973e-06
0.000111091
0.000171434
0.0001712
7.95286e-06
9.2593e-05
0.000170957
7.04309e-06
8.1228e-05
0.000108891
9.51713e-07
6.36734e-06
0.000171281
5.75128e-06
6.62285e-06
9.92003e-05
0.000171279
0.000170838
0.000103185
0.000103371
0.000168755
0.000170148
0.000112324
0.000100446
7.81622e-05
4.48278e-06
1.90348e-07
5.34906e-06
0.000170898
0.00017078
0.000170875
0.00010037
8.75554e-05
0.000110468
0.00017175
9.02223e-05
1.46554e-06
5.1112e-06
0.000109997
1.22203e-06
0.000104712
0.000171277
3.4068e-06
0.000101077
0.000171282
4.10695e-06
-4.96114e-06
0.000171086
-1.79251e-07
0.000153671
0.000170659
0.000170813
0.000171301
-3.69957e-06
0.000112042
8.26619e-05
0.000171287
0.000171325
0.000171197
3.87101e-06
1.76189e-05
0.000170858
0.000100971
9.46681e-05
1.26601e-06
1.7687e-05
7.35716e-07
0.000171311
0.000171254
3.2824e-06
8.57104e-05
0.00010187
0.000171564
9.2681e-05
0.000170768
0.000170476
0.000171379
0.000171054
-6.75306e-06
0.000110443
2.93471e-06
0.00010251
5.48874e-07
0.000104957
0.000170813
2.57855e-06
0.000171563
1.56928e-05
0.000170961
0.00017123
-5.94503e-07
9.51418e-05
9.90931e-05
0.000170701
2.19275e-06
-3.86418e-08
0.000171274
1.42394e-05
-5.11342e-07
9.41274e-05
9.47718e-05
0.000111856
9.97847e-05
-3.91913e-07
0.000171462
1.84111e-06
9.14905e-05
1.27955e-05
9.88222e-05
1.25638e-07
-5.01156e-07
0.000106499
9.60482e-05
0.000171308
0.000109387
0.00017105
-5.04093e-07
8.44222e-05
0.000171274
-1.93739e-06
0.0001713
1.13697e-05
7.75976e-05
0.000171343
9.65881e-05
0.000171316
0.000171348
0.00017126
1.05908e-06
0.000100887
0.00017063
0.000171273
8.40683e-07
0.000171278
0.000108006
9.02996e-05
9.85319e-05
3.07766e-06
3.33468e-06
3.45555e-06
3.27917e-06
3.97364e-06
0.000112424
0.000169114
9.97181e-06
1.45943e-06
8.55206e-07
-8.3959e-06
3.2278e-07
-4.23735e-06
0.000171307
0.000171317
0.000111183
0.000112685
1.06277e-06
7.97893e-05
0.000168464
8.59412e-06
0.000171133
7.24808e-06
0.000147455
8.86121e-05
7.7732e-05
-1.6939e-06
0.000171272
0.000169258
-8.59632e-06
4.62349e-07
0.000171274
0.00011163
5.95445e-06
0.000171306
0.000170403
-1.25629e-05
0.000102681
0.000171257
-8.92139e-06
0.000170542
0.000109089
0.000170829
0.000106455
0.00010341
0.000102226
7.40582e-05
4.69077e-06
4.15083e-07
9.21109e-05
0.00011133
9.3356e-08
-2.98564e-06
0.000110644
0.000171349
3.53352e-06
1.2843e-06
-4.01332e-08
-2.21915e-07
9.09496e-05
0.000132079
0.000108049
8.73594e-05
-1.36366e-06
0.000110733
0.00011153
0.000108276
-4.05635e-06
0.000101945
1.72558e-06
-1.10242e-07
0.000171238
0.000108441
0.000107745
0.000108164
8.88694e-05
0.000103557
0.000109668
0.000171286
4.96672e-07
0.000106297
0.000171292
-1.55439e-05
0.000138181
7.00223e-07
9.87922e-05
7.6973e-05
3.84292e-07
7.00054e-05
0.000171344
0.000113469
0.00010936
8.0022e-07
0.000170821
-9.52998e-06
0.00011175
-1.62479e-07
0.000164365
0.000105932
6.01006e-07
0.000111705
8.89895e-05
-7.28535e-07
0.000158219
7.93257e-05
-7.91189e-06
-6.50998e-07
0.000155657
-5.32519e-06
-1.69669e-06
-1.36142e-05
6.96815e-05
-3.87796e-07
-2.345e-07
-1.42632e-06
-1.57541e-05
0.000106496
0.000117899
2.43018e-07
-9.18177e-07
0.000117993
0.000112303
-5.93462e-07
-7.19559e-06
-5.63101e-06
0.000113894
0.000126526
6.63979e-05
6.76764e-05
-3.0995e-06
-3.98662e-07
1.398e-06
2.85439e-06
4.81585e-07
7.04179e-07
-1.45187e-06
1.4506e-07
0.000104122
0.000105629
)
;

boundaryField
{
    back
    {
        type            empty;
    }
    front
    {
        type            empty;
    }
    ingreso
    {
        type            zeroGradient;
    }
    salida
    {
        type            fixedValue;
        value           uniform 0;
    }
    defaultFaces
    {
        type            zeroGradient;
    }
}


// ************************************************************************* //
