/*--------------------------------*- C++ -*----------------------------------*\
  =========                 |
  \\      /  F ield         | OpenFOAM: The Open Source CFD Toolbox
   \\    /   O peration     | Website:  https://openfoam.org
    \\  /    A nd           | Version:  8
     \\/     M anipulation  |
\*---------------------------------------------------------------------------*/
FoamFile
{
    version     2.0;
    format      ascii;
    class       volScalarField;
    location    "5.2";
    object      p;
}
// * * * * * * * * * * * * * * * * * * * * * * * * * * * * * * * * * * * * * //

dimensions      [0 2 -2 0 0 0 0];

internalField   nonuniform List<scalar> 
5119
(
4.10779e-06
1.10583e-05
1.10301e-05
1.06022e-05
4.86837e-06
1.11243e-05
1.10346e-05
1.10514e-05
1.01181e-05
1.91179e-06
1.06093e-05
1.95616e-06
5.1707e-06
1.08581e-05
3.57833e-06
6.4329e-06
7.44849e-06
1.10925e-06
2.69514e-06
2.78519e-06
6.44219e-06
5.66398e-06
3.7196e-06
1.73648e-06
6.84681e-06
6.2311e-06
3.77766e-06
3.81803e-06
3.85017e-06
1.04664e-06
1.38417e-06
2.66065e-06
6.23373e-06
3.52203e-06
4.29279e-06
1.10002e-06
1.0797e-06
1.09284e-06
4.64337e-06
8.22698e-06
1.10417e-05
4.87897e-06
7.57963e-06
7.61068e-06
7.99044e-06
1.10547e-05
8.45986e-06
8.06512e-06
8.04315e-06
7.12857e-06
1.09345e-05
1.06123e-05
1.13201e-05
1.10705e-05
1.08776e-05
8.38762e-06
1.06533e-05
1.10542e-05
5.76577e-06
8.68807e-06
7.77901e-06
7.51931e-06
8.44795e-06
8.00097e-06
1.10493e-05
8.87726e-06
1.09467e-05
1.07438e-05
8.50764e-06
1.08538e-05
1.09427e-05
1.10591e-05
1.09515e-05
8.49917e-06
7.13299e-06
8.23693e-06
1.1054e-05
1.104e-05
8.87938e-06
8.71991e-06
1.02886e-05
1.076e-05
1.02166e-06
5.03582e-07
1.10595e-05
7.81049e-07
1.10636e-05
7.7565e-06
5.20577e-07
5.26019e-07
5.25426e-07
5.05475e-07
1.10527e-05
1.05351e-05
8.6626e-06
1.06561e-05
1.12738e-05
8.67568e-06
1.06394e-05
9.86919e-07
6.42781e-06
6.34701e-06
9.9361e-06
8.77099e-06
1.1053e-05
1.10621e-05
9.09134e-06
1.09882e-05
1.07562e-05
1.10656e-05
9.8163e-06
1.10616e-05
1.10594e-05
1.89195e-06
1.10487e-05
1.07023e-05
1.05788e-05
1.10606e-05
1.07946e-05
8.3067e-07
1.09561e-05
4.12685e-06
1.00623e-05
5.8672e-06
6.86868e-06
3.13907e-06
5.90429e-06
5.65941e-06
2.1227e-06
4.2563e-06
6.30381e-06
1.63763e-06
1.62719e-06
3.2237e-06
1.108e-05
1.09747e-05
9.76933e-06
3.15873e-06
1.09717e-05
3.90481e-06
5.73579e-06
7.74703e-06
5.21124e-06
4.10986e-06
4.24751e-06
4.21848e-06
1.67941e-06
1.71427e-06
1.69942e-06
1.05321e-05
9.27544e-06
1.10859e-05
8.94382e-06
1.05636e-05
1.06651e-05
8.22077e-07
1.0678e-05
1.1256e-05
1.10018e-05
1.04481e-05
9.27498e-06
1.10705e-05
1.10066e-05
8.7447e-06
1.10576e-05
1.09792e-05
1.10578e-05
1.10554e-05
1.10568e-05
1.06899e-05
1.09412e-05
8.91532e-06
1.07887e-05
1.0883e-05
1.07313e-05
1.0877e-05
1.09707e-05
2.93994e-06
1.10639e-05
4.46376e-06
1.09681e-05
1.09442e-05
8.68037e-06
8.60252e-06
1.1057e-05
1.06344e-05
1.10606e-05
1.09808e-05
1.09481e-05
1.10396e-05
1.0431e-05
9.50907e-06
8.71822e-06
1.08064e-05
1.10484e-05
1.04658e-05
1.10707e-05
1.09363e-05
1.00537e-05
1.11279e-05
1.10566e-05
9.17765e-06
1.10571e-05
1.87653e-06
3.37578e-06
4.12909e-06
5.68037e-06
9.2573e-06
1.09159e-05
1.07886e-05
1.10167e-05
8.25732e-06
1.09426e-05
8.4018e-06
1.09955e-05
1.08993e-05
1.09691e-05
8.22786e-06
1.07083e-05
1.09828e-05
8.97537e-06
1.06868e-05
1.10652e-05
9.04482e-06
1.06969e-05
1.05872e-05
1.10528e-05
1.10596e-05
5.35326e-06
2.13461e-06
1.10689e-05
2.63473e-06
6.41651e-06
5.56969e-06
4.97144e-06
1.09268e-05
7.17341e-06
7.7319e-06
1.09121e-05
9.80613e-06
1.07838e-05
1.1014e-05
1.06044e-05
9.48794e-06
3.36232e-06
2.25679e-06
5.52864e-06
1.09303e-05
6.34531e-06
3.10573e-06
5.86629e-06
6.97998e-06
7.50904e-06
2.87133e-06
3.19014e-06
6.86721e-06
3.21339e-06
3.17758e-06
3.6142e-06
1.08689e-05
1.09918e-05
1.09691e-05
1.0259e-05
7.22415e-06
4.8319e-06
4.86593e-06
5.03969e-06
5.87364e-06
1.0968e-05
8.17447e-06
1.09607e-05
1.10447e-05
1.50381e-06
5.98546e-06
1.89566e-06
1.12459e-05
9.57286e-06
7.34418e-06
9.94627e-07
6.96603e-06
7.51995e-06
3.17864e-06
3.15682e-06
6.86089e-06
3.12792e-06
2.72442e-06
3.5244e-06
5.85987e-06
1.10985e-06
2.01246e-06
7.12604e-06
3.04354e-06
6.29842e-06
1.10257e-05
3.33573e-06
6.45616e-06
8.08704e-06
1.08629e-05
1.10728e-05
8.94469e-06
1.04522e-05
5.59203e-06
1.06627e-05
1.11491e-05
1.08048e-05
1.10015e-05
1.12428e-05
1.38034e-06
1.06758e-05
9.0283e-06
1.5008e-06
5.80929e-06
4.94664e-06
5.01196e-06
5.49591e-06
4.96438e-06
1.10569e-05
1.11064e-05
6.03398e-06
5.98901e-06
1.05976e-05
8.55872e-06
3.43751e-06
1.11175e-05
1.05403e-05
9.60659e-06
1.06898e-05
2.83797e-06
4.68445e-06
1.07171e-05
5.23744e-06
4.76639e-06
9.50423e-06
1.09586e-05
1.11299e-05
4.1207e-06
6.31297e-06
7.40573e-06
1.19712e-06
2.51425e-06
6.33983e-06
2.76975e-06
1.06098e-05
6.17149e-06
6.72915e-06
3.77868e-06
1.70013e-06
1.14683e-06
1.07093e-05
1.06309e-05
4.50505e-06
4.69642e-06
4.66971e-06
4.49046e-06
5.5751e-06
5.48199e-06
4.24515e-06
4.04866e-06
3.61375e-06
6.58694e-06
2.8086e-06
2.61367e-06
2.64086e-06
6.90114e-06
2.52045e-06
2.66161e-06
2.38104e-06
2.09423e-06
2.19437e-06
2.21179e-06
2.15603e-06
1.96804e-06
7.4547e-06
7.85904e-06
1.06793e-05
1.0768e-05
1.09266e-05
1.08133e-05
3.12454e-06
1.11863e-05
1.04919e-05
1.10044e-05
8.70031e-06
2.64921e-06
8.75057e-06
9.28799e-06
1.10454e-05
2.61433e-06
3.47634e-06
6.10685e-06
1.09782e-05
1.10977e-05
9.39636e-06
1.10037e-05
8.11979e-06
5.57671e-06
3.71548e-06
3.85802e-06
3.83233e-06
1.09327e-05
7.57027e-06
1.0994e-05
1.10461e-05
9.48863e-06
4.44636e-06
1.06357e-05
1.01753e-05
1.10624e-05
1.07384e-05
1.04565e-05
8.7885e-06
2.14654e-06
3.80641e-06
1.20609e-06
1.19142e-06
1.20347e-06
1.01542e-05
5.37971e-06
6.1785e-06
1.1004e-05
1.10035e-05
7.25454e-06
1.07687e-05
1.09668e-05
1.09445e-05
1.07214e-05
1.09822e-05
5.2546e-06
5.56793e-07
1.11541e-05
9.37241e-06
5.25904e-06
7.43865e-06
1.09976e-05
1.07462e-05
1.09234e-05
9.84216e-06
9.07552e-06
1.11288e-05
1.09694e-05
1.02793e-05
1.09124e-05
1.04851e-05
6.86088e-07
7.15213e-07
7.19495e-07
7.06868e-07
1.09932e-05
1.04553e-05
7.4182e-06
1.0232e-05
1.1073e-05
4.84681e-06
6.18667e-06
3.31622e-06
2.9926e-06
2.78565e-06
2.70018e-06
2.81098e-06
2.83288e-06
7.22766e-06
7.29097e-06
2.32763e-06
7.01401e-06
1.09177e-05
1.10784e-05
4.64146e-06
9.83878e-07
4.26695e-06
4.51695e-06
4.45523e-06
4.3145e-06
5.78451e-06
5.69973e-06
4.03614e-06
3.83052e-06
3.40086e-06
6.80954e-06
2.59193e-06
2.42284e-06
2.38293e-06
2.44176e-06
7.12894e-06
2.30465e-06
2.17721e-06
1.88486e-06
1.99285e-06
1.97569e-06
1.95494e-06
1.75211e-06
7.64788e-06
8.10323e-06
1.10552e-05
1.05898e-05
1.10525e-05
9.14233e-06
9.12704e-06
1.10507e-05
1.11653e-05
1.0901e-05
1.07009e-05
1.1057e-05
9.81341e-06
1.02266e-05
1.09875e-05
7.20683e-07
1.07407e-05
4.52015e-06
9.56491e-06
2.80198e-07
3.17051e-07
3.42197e-07
1.05776e-05
2.36081e-06
6.76215e-06
6.02624e-06
1.0629e-05
1.08553e-05
1.10235e-05
1.0763e-05
4.53179e-06
2.00797e-06
1.10705e-05
9.34508e-06
1.04064e-05
5.25935e-06
6.43973e-06
5.15199e-06
1.10847e-05
9.30266e-06
8.7366e-06
8.03022e-07
9.80292e-06
6.25432e-06
6.52987e-06
1.10287e-05
1.10874e-05
9.09577e-06
1.06714e-05
2.14907e-06
6.74876e-06
6.06059e-06
8.69401e-06
5.74605e-06
4.96849e-06
4.80593e-06
4.75013e-06
1.07384e-05
1.06259e-05
6.92953e-06
1.07909e-05
8.96597e-06
1.10426e-05
1.10081e-05
1.11668e-05
7.63187e-06
2.38991e-06
8.25962e-06
1.06164e-05
4.98092e-06
1.04904e-05
1.10647e-05
1.05993e-05
9.93199e-06
1.11556e-05
1.10631e-05
1.08697e-05
2.61243e-06
1.09739e-05
9.88428e-06
1.0177e-05
5.43547e-06
1.1061e-05
1.11343e-05
1.09476e-05
9.44115e-06
1.04985e-05
1.10217e-05
1.10448e-05
1.10437e-05
2.0216e-07
1.92335e-07
2.03205e-07
9.99866e-06
1.08114e-05
1.08049e-05
1.11835e-05
1.10662e-05
4.43689e-06
4.08197e-06
1.10686e-05
1.10653e-05
1.10772e-05
9.2128e-06
1.08468e-05
1.09568e-05
7.10266e-06
7.03048e-06
2.95993e-06
2.93771e-06
2.94016e-06
3.44987e-06
5.99431e-06
3.15892e-06
2.85868e-06
9.01249e-06
1.11443e-05
1.01006e-05
1.10319e-05
1.10155e-05
6.57157e-06
1.10592e-05
1.07212e-05
8.1188e-06
1.01737e-05
1.10809e-05
1.08678e-05
1.1077e-05
9.61664e-06
1.10121e-05
1.10001e-05
1.09626e-05
1.06149e-05
1.10501e-05
6.42193e-06
5.19613e-06
1.01811e-05
1.10786e-05
1.09778e-05
1.09941e-05
1.10562e-05
1.08164e-05
9.43568e-06
4.96778e-06
1.43179e-06
1.08525e-05
9.64064e-06
1.54021e-06
5.54716e-06
1.38169e-06
6.643e-06
3.42895e-06
3.45349e-06
7.1393e-06
6.54351e-06
3.1365e-06
3.39636e-06
3.83406e-06
1.0874e-05
8.06205e-06
1.06558e-05
5.08016e-07
1.11102e-05
1.10326e-05
1.06466e-05
1.1058e-05
1.10837e-05
5.39098e-07
1.10024e-05
1.10624e-05
7.59457e-06
1.57007e-06
8.01575e-06
9.93829e-06
1.11108e-05
9.38464e-06
1.03894e-05
1.10643e-05
1.06627e-05
6.96203e-07
1.07435e-06
1.1049e-05
1.10178e-05
9.86427e-06
1.04652e-05
1.10761e-05
9.85663e-06
1.09525e-05
1.1052e-05
1.07048e-05
5.22462e-06
1.64532e-06
3.15191e-06
3.912e-06
5.69411e-06
1.10319e-05
2.20524e-07
2.12584e-07
2.61673e-07
9.9659e-06
1.10736e-05
1.11527e-05
6.50741e-06
1.09872e-05
7.73111e-06
2.44654e-07
2.7158e-07
1.10699e-05
8.59296e-07
2.40956e-06
6.79858e-06
3.35354e-06
6.00384e-06
6.96605e-06
1.07039e-05
5.83388e-06
1.1064e-05
1.10454e-05
1.07976e-05
1.10649e-05
1.09588e-05
1.10585e-05
1.06344e-05
1.07169e-05
7.98626e-06
1.0867e-05
9.59751e-06
9.59192e-06
8.96977e-06
1.10338e-05
1.08989e-05
8.94979e-06
1.09774e-05
7.9709e-06
1.07784e-05
1.10392e-05
1.84482e-06
1.07131e-05
1.02137e-05
1.11747e-05
1.08373e-05
9.65869e-06
1.07841e-05
1.07536e-05
1.09662e-05
2.11522e-07
2.16075e-07
2.21213e-07
2.55712e-07
2.04719e-07
1.10403e-05
1.08311e-05
8.97033e-06
1.11177e-05
1.10576e-05
1.10758e-05
1.09259e-05
1.06736e-05
1.04745e-05
4.7215e-06
4.717e-06
4.7539e-06
5.14771e-06
4.83625e-06
5.09516e-06
1.10675e-05
1.10048e-05
4.18949e-06
4.38777e-06
4.81491e-06
5.14348e-06
5.2805e-06
5.32897e-06
5.65604e-06
5.50139e-06
4.06527e-06
3.75029e-06
6.25122e-06
3.00867e-06
2.78001e-06
2.68792e-06
2.51764e-06
6.63088e-06
2.78336e-06
2.80657e-06
2.72997e-06
2.30278e-06
2.34299e-06
2.32377e-06
6.99815e-06
2.20634e-06
2.10043e-06
7.27066e-06
1.8224e-06
7.74382e-06
7.74999e-06
7.91728e-06
4.85874e-06
4.74879e-06
4.82693e-06
4.64265e-06
5.04039e-06
1.10847e-05
9.30025e-06
1.10667e-05
3.66028e-06
1.16533e-05
1.10578e-05
1.10571e-05
1.10001e-05
5.09567e-06
5.15112e-06
4.80853e-06
1.10786e-05
1.07515e-05
1.10428e-05
1.10662e-05
1.11397e-05
8.2501e-06
1.02454e-05
1.09102e-05
9.89839e-06
1.07071e-05
1.07105e-05
1.02178e-05
1.09479e-05
1.10667e-05
1.11773e-05
4.82657e-06
1.10114e-05
1.09394e-05
1.09805e-05
3.83169e-07
3.66923e-07
3.60113e-07
1.10657e-05
1.06155e-05
1.10303e-05
1.10772e-05
9.66037e-06
1.10463e-05
6.22499e-06
1.10134e-05
1.0986e-05
1.10244e-05
1.02074e-05
1.04982e-05
1.02562e-05
1.10575e-05
1.11629e-05
1.09651e-05
7.94252e-06
1.07892e-05
4.58073e-06
4.57353e-06
8.99524e-06
9.86989e-06
1.10416e-05
1.09857e-05
1.10798e-05
1.11633e-05
9.43288e-06
1.10658e-05
1.11902e-05
1.03675e-05
1.10521e-05
1.0787e-05
4.54829e-06
4.45106e-06
5.62952e-06
4.34545e-06
5.60778e-06
5.39131e-06
5.35967e-06
6.02636e-06
3.71161e-06
3.56633e-06
3.4314e-06
6.59236e-06
2.69235e-06
1.89827e-06
2.00308e-06
1.97473e-06
2.02325e-06
2.22239e-06
7.42453e-06
7.27433e-06
1.06671e-05
7.72464e-06
5.84374e-06
7.05546e-06
1.10576e-05
1.10561e-05
9.66213e-06
1.06585e-05
1.07123e-05
1.09648e-05
1.03233e-05
8.83483e-06
1.04957e-05
4.90922e-06
9.71854e-06
1.10105e-05
8.55069e-06
1.05916e-05
1.09552e-05
9.15889e-06
1.06643e-05
6.43604e-06
7.74451e-06
1.0157e-05
1.06931e-05
1.04504e-05
9.978e-06
9.75093e-06
1.03137e-05
1.04787e-05
1.10747e-05
1.03451e-05
1.09421e-05
1.04605e-05
1.0959e-05
1.04935e-05
1.04859e-05
7.72259e-06
5.40388e-06
1.09244e-05
1.0144e-05
1.07293e-05
1.1014e-05
7.45267e-06
9.59618e-06
7.87089e-06
1.11121e-05
1.04976e-05
8.89752e-06
1.04419e-05
1.05875e-05
1.10647e-05
1.0787e-05
9.43937e-06
1.10741e-05
9.23297e-06
5.17321e-06
5.61282e-06
5.66896e-06
3.5952e-06
3.85448e-06
3.29398e-06
6.06256e-06
3.22161e-06
3.19333e-06
6.71301e-06
3.34572e-06
3.31818e-06
6.84335e-06
7.19634e-06
6.71619e-06
2.44518e-06
1.10627e-05
1.07821e-05
1.05545e-05
1.03802e-05
1.07787e-05
1.04173e-05
1.08924e-05
9.59988e-06
4.81266e-06
1.10514e-05
5.10473e-06
5.0994e-06
9.02366e-06
4.88174e-06
1.10651e-05
1.10528e-05
6.79167e-06
1.05875e-05
1.10077e-05
7.2449e-06
7.31236e-06
7.10135e-06
7.77257e-06
1.09334e-05
1.10448e-05
7.83149e-06
7.21597e-06
7.62623e-06
1.08264e-05
1.04944e-05
1.13607e-05
1.10624e-05
1.06538e-05
1.06052e-05
1.10892e-05
6.91998e-06
8.00072e-06
1.09838e-05
1.10576e-05
1.10075e-05
1.10364e-05
8.97808e-06
1.11214e-05
6.82261e-06
8.79248e-06
1.09675e-05
2.23651e-06
1.09382e-05
1.0346e-05
1.09687e-05
8.1805e-06
1.10134e-05
1.05097e-05
5.77163e-06
5.67118e-06
4.04199e-06
3.9525e-06
3.41344e-06
6.80386e-06
2.76018e-06
2.52759e-06
2.53266e-06
7.10292e-06
2.55306e-06
2.42103e-06
2.28743e-06
1.86974e-06
1.99964e-06
1.9849e-06
1.9677e-06
1.73423e-06
7.53532e-06
8.08182e-06
4.53933e-06
4.39982e-06
4.58737e-06
4.31512e-06
1.1069e-05
1.10021e-05
9.30099e-06
1.10485e-05
1.076e-05
1.07999e-05
1.1139e-05
1.1041e-05
1.0897e-05
6.78682e-07
1.10146e-05
6.23356e-06
3.3269e-06
3.19972e-06
2.95253e-06
2.88015e-06
2.95286e-06
2.97729e-06
7.17106e-06
7.20507e-06
1.10579e-05
2.73675e-06
7.33223e-06
5.06889e-06
1.09598e-05
1.0587e-05
1.06996e-05
1.08272e-05
1.08428e-05
1.09119e-05
1.11127e-05
1.10336e-05
1.09631e-05
1.03684e-05
1.09834e-05
2.0965e-06
1.09125e-05
1.10698e-05
4.33928e-06
4.36789e-06
5.34406e-06
5.30668e-06
4.88172e-06
1.09911e-05
1.10548e-05
1.06772e-05
1.10298e-05
4.86133e-06
1.03928e-05
1.10748e-05
1.09614e-05
1.06682e-05
1.20241e-06
1.18777e-06
1.2104e-06
4.20716e-06
1.06827e-05
1.09885e-05
1.10763e-05
9.09439e-06
9.60617e-06
1.03182e-05
1.10549e-05
1.10597e-05
1.07686e-05
1.10775e-05
1.09502e-05
1.05327e-05
1.10684e-05
5.31683e-06
1.10263e-05
1.10501e-05
1.08776e-05
1.10243e-05
1.05178e-05
7.01209e-06
9.99348e-06
1.10608e-05
1.09941e-05
4.63784e-06
1.1013e-05
5.15404e-06
1.02844e-05
1.09979e-05
1.03615e-05
9.02805e-06
1.08096e-05
4.83498e-06
5.13839e-06
4.84312e-06
1.07748e-05
1.09665e-05
1.09631e-05
1.05034e-05
1.05797e-05
1.08801e-05
1.06573e-05
5.0687e-06
5.06759e-06
4.98381e-06
8.72658e-06
1.11238e-05
1.09758e-05
1.08084e-05
1.04147e-05
1.10734e-05
1.05177e-05
1.07532e-05
1.04803e-05
1.10539e-05
1.09833e-05
1.09213e-05
1.10717e-05
1.08463e-05
1.08183e-05
1.02946e-05
1.09259e-05
1.09301e-05
5.07548e-06
5.08492e-06
8.20643e-06
1.0754e-05
1.10848e-05
1.0572e-05
1.10738e-05
1.07848e-05
1.02988e-05
1.1039e-05
4.44586e-06
1.10664e-05
8.57854e-06
1.11813e-05
1.10649e-05
1.06766e-05
1.10165e-05
1.07017e-05
1.11288e-05
1.07174e-05
1.10264e-05
1.10004e-05
1.08317e-05
1.10406e-05
4.9782e-06
4.90158e-06
5.01788e-06
1.05733e-05
1.10561e-05
1.09821e-05
1.10738e-05
1.09713e-05
1.10775e-05
1.04446e-05
1.08352e-05
1.04399e-05
1.48714e-06
3.49642e-06
2.63794e-06
6.2023e-06
1.10587e-05
1.10657e-05
1.09398e-05
1.11158e-05
1.06668e-05
1.10627e-05
1.10588e-05
1.10607e-05
1.08978e-05
8.03191e-06
1.10589e-05
1.09881e-05
1.09932e-05
1.48183e-06
1.46401e-06
1.493e-06
7.92449e-06
1.10547e-05
1.10534e-05
1.1012e-05
1.10489e-05
1.10466e-05
1.04874e-05
1.09761e-05
1.0991e-05
1.03996e-05
1.08871e-05
4.91226e-06
1.07195e-05
1.10325e-05
1.10621e-05
4.69179e-06
1.0998e-05
1.06024e-05
1.10411e-05
1.07245e-05
9.89668e-06
1.10506e-05
1.08194e-05
1.10711e-05
1.09943e-05
1.10948e-05
1.09968e-05
1.00027e-05
1.10311e-05
1.10472e-05
1.10038e-05
1.09236e-05
1.10122e-05
1.06018e-05
1.10275e-05
1.05656e-05
1.10448e-05
4.80828e-06
3.76407e-06
5.65056e-06
1.97201e-06
2.79547e-06
2.64962e-06
6.33735e-06
1.22079e-06
6.3746e-06
7.43114e-06
1.09951e-05
1.09969e-05
1.10804e-05
1.10667e-05
1.00569e-05
1.03642e-05
1.09078e-05
1.10305e-05
1.10566e-05
1.0629e-05
1.10329e-05
9.86149e-06
1.08006e-05
1.09555e-05
3.32958e-06
3.35472e-06
5.70051e-06
6.79847e-06
5.26434e-06
3.76095e-06
3.3163e-06
6.66769e-06
2.17556e-06
7.27524e-06
3.02141e-06
1.25142e-06
1.40202e-06
1.0838e-05
1.10093e-05
1.10498e-05
1.1035e-05
1.09349e-05
1.08371e-05
1.06809e-05
9.90119e-06
1.03501e-05
8.72847e-06
1.07946e-05
1.10676e-05
1.12941e-05
1.10689e-05
1.03298e-05
1.08702e-05
1.1063e-05
1.09728e-05
9.90407e-06
3.90801e-07
1.10624e-05
6.9868e-06
1.10207e-05
1.03874e-05
8.61774e-06
1.10528e-05
1.10565e-05
1.10717e-05
7.97218e-06
1.06489e-05
1.09537e-05
1.1096e-05
9.61169e-06
1.08204e-05
1.04269e-05
1.10728e-05
1.09028e-05
1.08136e-05
1.03036e-05
1.04924e-05
1.04957e-05
1.10683e-05
1.06041e-05
1.08751e-05
1.09908e-05
1.0972e-05
1.03822e-05
1.10755e-05
1.10303e-05
1.10379e-05
1.10218e-05
1.08292e-05
5.95601e-07
5.88667e-07
5.72904e-07
6.00044e-07
6.10179e-07
9.04683e-06
1.09517e-05
1.02817e-05
1.08749e-05
3.02084e-07
2.88294e-07
1.05984e-05
7.77144e-06
1.1061e-05
1.08805e-05
1.09749e-05
1.06463e-05
9.36527e-06
3.99978e-06
1.10748e-05
1.08269e-05
1.10194e-05
1.10645e-05
1.09083e-05
1.07468e-05
5.82627e-06
1.10373e-05
1.06672e-05
1.04444e-05
1.05563e-05
1.09576e-05
1.03828e-05
1.04685e-05
1.15217e-06
5.75487e-06
1.09044e-05
3.76259e-06
3.80459e-06
3.83293e-06
6.22384e-06
1.70629e-06
6.81479e-06
1.10646e-05
1.07357e-05
1.10886e-05
1.04035e-05
1.0953e-05
1.07899e-05
2.28126e-06
3.24388e-06
6.17151e-06
6.97958e-06
4.76914e-06
1.04443e-05
1.11092e-05
9.98676e-06
5.19081e-06
5.24024e-06
4.78754e-06
4.59621e-06
1.10748e-05
1.04891e-05
1.10285e-05
1.03801e-05
3.45886e-06
1.1054e-05
1.12599e-05
1.0682e-05
1.04548e-05
1.10231e-05
1.04319e-05
2.82825e-07
1.06393e-05
1.0986e-05
1.10618e-05
1.1037e-05
1.09039e-05
1.09822e-05
4.82431e-06
1.03888e-05
1.10286e-05
1.25176e-06
1.09459e-05
1.08556e-05
2.74194e-07
2.51122e-07
2.65008e-07
2.62285e-07
2.58685e-07
1.10641e-05
1.10549e-05
1.10392e-05
6.6805e-06
1.08749e-05
1.04926e-05
1.04157e-05
1.06332e-05
1.09446e-05
1.101e-05
1.1029e-05
1.10763e-05
1.10504e-05
1.11014e-05
1.10663e-05
1.10398e-05
1.05427e-05
1.10074e-05
1.06807e-05
1.10309e-05
9.75118e-06
8.34058e-06
1.10862e-05
1.05774e-05
8.3252e-06
1.10377e-05
7.13416e-06
5.00563e-06
1.10704e-05
1.1059e-05
1.08309e-05
3.58253e-06
8.33868e-06
1.1063e-05
1.06253e-05
1.02945e-05
1.09493e-05
1.08828e-05
1.09883e-05
1.10612e-05
1.06496e-05
1.10628e-05
1.10107e-05
1.10063e-05
1.10628e-05
1.11106e-05
1.10753e-05
4.69487e-06
1.08948e-05
1.05034e-05
1.10614e-05
1.0669e-05
1.09651e-05
1.06507e-05
1.10361e-05
1.01354e-05
1.05431e-05
4.75065e-06
1.09718e-05
1.03859e-05
1.11814e-05
1.1062e-05
1.06076e-05
1.08874e-05
1.10754e-05
1.09183e-05
9.88313e-06
1.09415e-05
1.09916e-05
1.06337e-05
5.1991e-06
1.10616e-05
1.09653e-05
1.10617e-05
1.10157e-05
1.10533e-05
1.10658e-05
1.10475e-05
1.09385e-05
3.76666e-06
5.9149e-06
2.93458e-06
1.75916e-06
7.13916e-06
1.08056e-05
9.39752e-06
9.15316e-06
1.04345e-05
1.05148e-05
1.10566e-05
1.10408e-05
1.01624e-05
1.09301e-05
4.59719e-06
4.63464e-06
1.08921e-05
2.16516e-07
2.26309e-07
1.10491e-05
5.08253e-06
1.09339e-05
1.06876e-05
1.10572e-05
1.09741e-05
1.10441e-05
7.74252e-06
1.10557e-05
1.10046e-05
1.10114e-05
5.93661e-06
1.15513e-05
1.10557e-05
1.07348e-05
1.08093e-05
1.09983e-05
1.0904e-05
8.52547e-06
1.06075e-05
1.06647e-05
1.10605e-05
8.38359e-06
8.74909e-06
1.03762e-05
1.10051e-05
1.10577e-05
1.093e-05
1.05716e-05
1.08478e-05
1.04758e-05
1.10557e-05
1.05614e-05
1.03037e-05
8.76546e-06
3.35522e-07
1.07455e-05
1.10606e-05
8.70594e-06
1.10572e-05
1.07077e-05
1.09063e-05
1.0327e-05
1.06047e-05
1.08954e-05
1.10578e-05
1.08885e-05
8.44207e-06
1.03054e-05
9.69713e-06
1.10517e-05
1.03248e-05
5.03513e-06
1.06411e-05
9.94881e-06
1.04666e-05
1.10555e-05
1.10678e-05
1.05393e-06
9.92872e-07
9.97655e-07
6.30661e-06
1.0988e-05
6.49469e-06
1.10526e-05
4.37527e-06
1.11647e-05
1.0568e-05
1.08847e-05
1.09004e-05
1.09937e-05
1.04415e-05
8.75389e-06
1.06306e-05
1.0586e-05
5.83298e-06
1.08961e-05
1.10673e-05
1.10503e-05
1.14128e-05
1.09649e-05
1.10599e-05
6.64062e-06
1.12526e-05
1.09005e-05
1.10835e-05
1.10813e-05
1.08708e-05
5.2339e-06
7.64046e-06
1.04357e-05
1.08625e-05
1.03856e-05
1.09369e-05
9.679e-06
1.08458e-05
1.08691e-05
1.10671e-05
1.11389e-05
1.06413e-05
9.99253e-06
1.10685e-05
1.10559e-05
1.06896e-05
1.10574e-05
7.82647e-06
1.1039e-05
1.09825e-05
1.03572e-05
1.09347e-05
1.04396e-05
1.03869e-05
1.0632e-05
1.10436e-05
1.08587e-05
1.07725e-05
1.10559e-05
1.10671e-05
8.29052e-06
1.10614e-05
8.78735e-06
1.10622e-05
1.08365e-05
1.07485e-05
1.11201e-05
1.06692e-05
1.10697e-05
1.09672e-05
1.09321e-05
1.10623e-05
1.0694e-05
1.05273e-05
1.07778e-05
1.10762e-05
1.05132e-05
1.10605e-05
1.04255e-05
8.41025e-06
1.10624e-05
8.30034e-06
1.12041e-05
1.10652e-05
1.10562e-05
1.10312e-05
1.07624e-05
1.10461e-05
1.11378e-05
1.07605e-05
1.10311e-05
1.79685e-06
1.78176e-06
1.75738e-06
7.77923e-06
1.10561e-05
1.10337e-05
1.06494e-05
1.02462e-05
1.10249e-05
1.05355e-05
1.11127e-05
1.10913e-05
1.15373e-05
1.16281e-05
1.12564e-05
1.10718e-05
1.06236e-05
8.13297e-06
1.1074e-05
1.06454e-05
1.06804e-05
8.79634e-06
1.10711e-05
1.10677e-05
1.10314e-05
1.09897e-05
1.09736e-05
1.08555e-05
1.09624e-05
1.10569e-05
1.10401e-05
1.10033e-05
5.93928e-06
7.94625e-06
1.10569e-05
7.89277e-06
7.46015e-06
1.03732e-05
8.10396e-06
1.10687e-05
1.05302e-05
1.08394e-05
1.10534e-05
1.10724e-05
1.09716e-05
1.08418e-05
7.43506e-06
1.10477e-05
1.0834e-05
6.90436e-06
1.10498e-05
1.09143e-05
1.09818e-05
1.10127e-05
1.10524e-05
1.07846e-05
1.06667e-05
1.11772e-05
1.08238e-05
1.07943e-05
4.08718e-06
1.06781e-05
1.10273e-05
1.10629e-05
1.10422e-05
1.06046e-05
1.09558e-05
7.35811e-07
1.12183e-05
1.9775e-06
1.10368e-05
1.09977e-05
1.10319e-05
1.10671e-05
1.10609e-05
1.09025e-05
1.10006e-05
1.04298e-05
1.10562e-05
3.6424e-06
1.35601e-06
3.38059e-06
1.642e-06
2.51113e-06
6.31269e-06
6.04567e-06
2.79393e-06
1.10486e-05
1.10302e-05
1.10539e-05
1.10485e-05
1.10556e-05
6.62602e-06
1.03422e-05
1.1041e-05
1.06669e-05
1.06586e-05
1.0656e-05
6.8122e-06
1.10608e-05
1.07579e-05
1.10749e-05
1.09444e-05
1.10364e-05
1.1106e-05
1.05864e-05
1.10121e-05
1.0801e-05
1.1061e-05
1.09116e-05
9.9704e-06
1.10402e-05
1.10838e-05
1.10667e-05
1.0917e-05
1.10747e-05
1.1025e-05
1.10421e-05
1.10499e-05
1.07742e-05
1.10411e-05
1.08734e-05
4.19266e-06
1.10381e-05
1.10682e-05
1.10433e-05
1.09265e-05
7.25993e-06
1.07025e-05
2.87369e-06
1.0925e-05
1.07745e-05
1.10251e-05
1.1074e-05
1.06614e-06
1.04468e-05
1.10696e-05
1.1064e-05
1.10678e-05
1.02423e-05
1.0756e-05
1.10216e-05
1.10131e-05
1.0528e-05
1.10391e-05
1.06884e-05
1.10617e-05
1.00781e-05
1.10447e-05
1.08151e-05
1.08109e-05
1.10348e-05
1.05047e-05
1.07878e-05
1.05459e-05
1.07289e-05
1.10576e-05
1.08067e-05
1.0767e-05
5.24407e-06
1.10773e-05
1.09045e-05
1.1042e-05
1.09548e-05
1.1061e-05
1.06827e-05
9.95424e-06
3.85988e-06
1.10535e-05
1.10677e-05
9.01785e-06
8.77066e-06
1.10776e-05
1.10494e-05
1.10454e-05
1.10687e-05
1.12785e-05
1.04087e-06
1.08664e-06
1.07338e-06
1.09378e-06
1.36391e-06
1.33663e-06
1.35415e-06
3.63849e-06
1.56374e-06
6.92923e-06
3.67827e-06
3.70565e-06
6.20766e-06
5.04935e-06
4.07104e-06
1.65661e-06
1.09836e-05
1.11344e-05
1.05546e-05
1.03951e-05
1.10642e-05
1.02535e-05
3.34911e-06
2.38027e-06
1.47766e-06
5.90904e-06
2.21702e-06
6.67561e-06
1.0929e-05
6.51483e-06
3.2862e-06
1.71592e-06
1.05795e-05
8.31276e-06
5.11287e-06
1.07278e-05
1.10504e-05
1.1062e-05
7.5411e-06
1.08978e-05
9.42034e-07
9.82834e-07
9.71104e-07
9.89158e-07
1.10097e-05
1.1064e-05
1.06243e-05
1.10762e-05
1.08435e-05
1.10379e-05
1.0843e-05
4.79243e-06
8.0557e-06
5.44365e-06
3.50982e-06
3.53464e-06
3.48971e-06
3.89152e-06
6.47794e-06
3.27355e-06
6.38592e-06
6.9971e-06
2.43043e-06
1.49235e-06
1.2544e-06
1.10309e-05
1.0855e-05
1.04287e-05
1.10562e-05
1.09902e-05
8.74989e-06
1.05177e-05
1.09176e-05
3.50833e-06
5.83512e-06
6.60177e-06
2.56033e-06
2.4184e-06
9.93858e-07
1.1041e-05
1.06604e-05
1.08227e-05
1.10819e-05
1.10863e-05
1.10479e-05
1.10609e-05
1.05343e-05
7.08111e-06
1.10367e-05
7.22803e-06
1.10179e-05
1.0796e-05
1.10389e-05
1.10772e-05
1.08206e-05
1.10743e-05
1.10736e-05
1.09922e-05
1.07426e-05
1.10622e-05
1.05207e-05
1.09583e-05
1.1132e-05
1.10584e-05
1.1018e-05
1.10536e-05
1.1067e-05
1.10654e-05
1.07931e-05
7.49446e-06
1.05405e-05
1.10426e-05
1.04961e-05
1.05557e-05
1.1064e-05
1.07703e-05
1.09221e-05
7.60043e-06
9.62556e-06
1.10143e-05
1.10134e-05
1.08481e-05
1.1059e-05
1.08537e-05
1.10508e-05
1.10587e-05
1.1057e-05
1.08009e-05
1.08777e-05
1.03367e-05
7.14222e-07
7.37298e-07
7.48509e-07
7.45634e-07
1.06282e-05
1.10277e-05
1.0899e-05
1.70158e-06
1.10345e-05
8.22841e-06
1.10702e-05
1.10741e-05
1.07727e-05
1.10643e-05
1.10629e-05
1.08128e-05
1.1048e-05
2.99319e-06
1.0824e-05
1.10554e-05
1.1065e-05
1.0436e-05
1.07018e-05
1.10674e-05
1.09179e-05
1.05239e-05
1.10503e-05
1.10666e-05
1.0779e-05
1.1024e-05
1.10728e-05
1.10528e-05
1.05787e-05
1.10371e-05
1.10647e-05
1.10491e-05
1.05026e-05
1.09516e-05
1.08526e-05
1.06336e-05
1.58065e-06
1.55872e-06
1.59225e-06
7.8244e-06
1.10597e-05
1.10601e-05
1.1051e-05
1.10506e-05
1.11621e-05
1.10439e-05
1.03371e-05
1.08855e-05
1.10427e-05
1.1072e-05
1.10776e-05
1.10481e-05
1.10552e-05
8.21409e-06
1.10659e-05
1.0548e-05
1.10748e-05
1.06014e-05
1.01332e-05
1.10637e-05
1.09344e-05
1.07482e-05
1.10734e-05
1.10076e-05
1.10596e-05
1.0681e-05
1.1065e-05
8.73133e-06
1.10253e-05
1.10631e-05
1.10782e-05
1.10628e-05
1.10666e-05
1.10051e-05
1.10518e-05
1.07425e-05
1.10778e-05
1.10528e-05
1.1056e-05
1.09098e-05
1.10309e-05
1.10587e-05
1.10926e-05
1.07317e-05
1.03588e-05
1.08107e-05
1.08213e-05
1.1049e-05
1.10587e-05
1.10375e-05
1.10296e-05
1.10001e-05
1.94613e-07
1.39562e-07
1.96433e-07
2.01747e-07
2.01437e-07
1.1061e-05
1.10643e-05
1.10481e-05
1.11149e-05
1.10451e-05
1.10482e-05
1.1067e-05
1.07993e-05
1.09599e-05
1.10546e-05
1.10662e-05
1.1053e-05
1.11717e-05
1.10332e-05
1.07428e-05
1.09953e-05
1.10616e-05
1.10982e-05
7.73899e-06
1.105e-05
1.10443e-05
1.10552e-05
8.36342e-06
1.10239e-05
1.10726e-05
9.616e-06
1.06944e-05
1.01058e-05
1.0765e-05
1.01381e-05
1.07263e-05
1.11197e-05
1.10592e-05
1.08637e-05
1.10497e-05
1.08832e-05
9.33787e-06
1.09883e-05
1.10045e-05
1.10603e-05
1.04716e-05
1.11094e-05
1.1045e-05
1.10695e-05
1.0465e-05
1.07514e-05
1.10265e-05
1.05943e-05
1.10708e-05
1.08955e-05
1.11947e-05
1.09628e-05
8.36028e-06
1.10593e-05
1.08624e-05
1.06273e-05
1.0494e-05
1.10372e-05
1.02404e-05
1.10474e-05
1.12386e-05
1.07941e-05
1.1047e-05
1.10684e-05
6.98797e-06
1.10606e-05
1.09335e-05
1.10754e-05
1.10676e-05
1.09407e-05
8.61935e-06
1.1107e-05
1.10608e-05
1.10477e-05
1.10578e-05
1.10394e-05
8.47e-06
1.10448e-05
1.10519e-05
1.10583e-05
7.88335e-06
1.10502e-05
1.10615e-05
1.1061e-05
1.10619e-05
1.11643e-05
1.09216e-05
1.10602e-05
1.10448e-05
1.10771e-05
8.4836e-06
1.12241e-05
1.10293e-05
1.10617e-05
1.07996e-05
1.07307e-05
1.10511e-05
1.12196e-05
1.03112e-05
1.07441e-05
7.37982e-06
8.26702e-06
1.10546e-05
1.10528e-05
5.61102e-07
1.10411e-05
7.84193e-06
1.1062e-05
1.10679e-05
7.37169e-06
6.91436e-06
6.34606e-06
6.48069e-06
7.30654e-06
6.29928e-06
5.32036e-06
4.16251e-06
7.25536e-06
2.73271e-06
2.24723e-06
2.58698e-06
3.31132e-06
3.33683e-06
7.5546e-06
3.78011e-06
2.74695e-06
6.05374e-06
6.92232e-06
3.65028e-06
5.26204e-06
4.38016e-06
4.38999e-06
8.09256e-06
6.95992e-06
2.51141e-06
6.8615e-06
4.1045e-06
5.73161e-06
2.27839e-06
5.81251e-06
5.14733e-06
1.69377e-06
4.09101e-06
5.72209e-06
5.83243e-06
2.2234e-06
7.52413e-06
2.12527e-06
5.83019e-06
2.29675e-06
2.29486e-06
6.11458e-06
6.46174e-06
2.3132e-06
3.16941e-06
3.19435e-06
6.87689e-06
5.36761e-06
6.981e-06
5.86742e-06
7.27053e-06
3.26976e-06
5.34246e-06
2.91938e-06
1.73648e-06
5.49978e-06
4.78232e-06
6.28631e-06
3.19486e-06
2.89169e-06
7.76371e-06
5.2779e-06
3.5406e-06
4.02495e-06
3.299e-06
7.03554e-06
1.57077e-06
2.86811e-06
2.08526e-06
4.2549e-06
5.36229e-06
4.55501e-06
7.23899e-06
4.31314e-06
8.13037e-06
9.86689e-07
4.35034e-06
7.72326e-06
4.56523e-06
2.35891e-06
2.31172e-06
2.32933e-06
7.65047e-06
7.14472e-06
3.29551e-06
7.26257e-06
2.56508e-06
7.88523e-06
3.42585e-06
3.52801e-06
2.96627e-06
2.14139e-06
2.61315e-06
2.17235e-06
3.50266e-06
2.61069e-06
5.73246e-06
2.32313e-06
1.32741e-06
3.12843e-06
6.52532e-06
7.4601e-06
3.00035e-06
1.10034e-06
2.9527e-06
6.62742e-06
5.69841e-06
6.09516e-06
3.77019e-06
4.61419e-06
5.97573e-06
1.49888e-06
3.33229e-06
3.88207e-06
4.16109e-06
5.85594e-06
2.63842e-06
3.72174e-06
1.86719e-06
2.11916e-06
6.07964e-06
4.01864e-06
1.85707e-06
1.19595e-06
6.53326e-06
5.95345e-06
5.92425e-06
1.39867e-06
4.34224e-06
1.59737e-06
6.23011e-06
3.43205e-06
7.01417e-06
1.37229e-06
6.18157e-06
2.62182e-06
6.40135e-06
5.56065e-06
6.60932e-06
5.49177e-06
5.95209e-06
5.81577e-06
2.29016e-06
4.50747e-06
3.12897e-06
7.67828e-06
2.0892e-06
5.99053e-06
2.37015e-06
5.81138e-06
4.42645e-06
2.68893e-06
5.47353e-06
2.38617e-06
4.60391e-06
4.1633e-06
4.168e-06
5.39714e-06
3.91622e-06
3.22917e-06
1.68011e-06
2.90523e-06
5.4745e-06
6.77291e-06
4.30724e-06
4.01119e-06
5.91558e-06
1.50478e-06
5.58969e-06
2.66821e-06
8.01888e-06
6.19164e-06
9.25242e-06
1.07348e-05
1.23008e-06
6.54997e-06
3.1404e-06
5.62194e-06
6.19003e-06
1.11358e-05
7.35834e-06
6.02032e-06
1.99683e-06
3.34477e-06
4.55935e-06
8.46711e-06
9.02617e-06
6.97638e-06
3.16493e-06
3.0263e-06
4.56959e-06
1.81079e-06
2.97986e-06
3.00884e-06
3.32376e-06
2.8832e-06
6.6827e-06
6.74127e-06
8.51167e-06
7.40028e-06
1.38438e-06
7.40415e-06
2.04794e-06
6.9463e-06
4.99956e-06
6.48577e-06
5.9925e-06
6.53605e-06
2.01338e-06
2.73004e-06
2.65464e-06
3.60028e-06
7.12463e-06
2.95604e-06
1.99217e-06
8.63613e-06
5.68217e-06
4.04365e-06
2.06526e-06
2.05391e-06
4.11647e-06
4.09316e-06
2.94752e-06
2.39531e-06
7.1039e-06
5.54851e-06
8.03756e-06
1.83114e-06
4.08598e-06
2.15996e-06
3.8881e-06
2.27869e-06
8.08651e-06
3.93748e-06
3.39498e-06
5.8097e-06
4.23274e-06
6.14319e-06
2.53043e-06
1.20918e-06
1.29303e-06
4.41765e-06
6.97478e-06
5.44737e-06
6.063e-06
2.52356e-06
6.09126e-06
5.63359e-06
4.15315e-06
3.49847e-06
5.8124e-06
5.52591e-06
4.03334e-06
1.49219e-06
3.13293e-06
5.64057e-06
2.9297e-06
4.28905e-06
1.90179e-06
3.09727e-06
6.63988e-06
5.2493e-06
6.51072e-06
2.81986e-06
1.1741e-06
2.5395e-06
4.35812e-06
8.33219e-06
2.09298e-06
2.76289e-06
5.46313e-06
3.1767e-06
6.18594e-06
3.38211e-06
5.36044e-06
2.69226e-06
7.50496e-06
1.42163e-06
2.51515e-06
3.55595e-06
6.17282e-06
4.1914e-06
2.73933e-06
2.71475e-06
3.09351e-06
7.68444e-06
3.65086e-06
2.99264e-06
5.85353e-06
4.22699e-06
4.24652e-06
6.05821e-06
5.85102e-07
1.99341e-06
2.54634e-06
2.55315e-06
2.52e-06
1.95524e-06
2.91811e-06
4.27097e-06
6.15987e-06
4.61071e-06
5.5042e-06
5.43228e-06
7.45489e-06
4.5341e-06
2.57457e-06
5.37572e-06
5.40889e-06
2.37287e-06
5.56927e-06
2.99731e-06
2.38989e-06
5.45388e-06
1.10264e-05
4.15852e-06
9.67561e-06
5.93443e-06
5.91172e-06
6.0183e-06
5.02565e-06
6.43972e-06
7.47636e-06
4.42013e-06
4.3842e-06
6.37269e-06
1.10724e-05
1.10443e-05
1.09915e-05
8.83732e-06
1.11387e-05
1.10425e-05
1.10645e-05
1.10653e-05
1.10557e-05
1.10361e-05
8.83516e-06
1.10587e-05
1.10852e-05
1.09996e-05
1.10406e-05
1.09477e-05
1.04789e-05
1.11124e-05
1.10534e-05
1.10532e-05
1.10736e-05
8.5648e-06
1.10611e-05
1.10618e-05
1.10534e-05
1.10623e-05
1.07278e-05
1.09017e-05
1.10441e-05
1.10403e-05
1.11946e-05
1.11524e-05
1.10498e-05
1.10484e-05
1.10628e-05
1.055e-05
7.0595e-07
1.10441e-05
1.0917e-05
1.10701e-05
1.10573e-05
1.06513e-05
1.10371e-05
1.11904e-05
1.106e-05
1.10479e-05
1.10631e-05
6.94758e-06
1.05519e-05
1.09797e-05
1.0815e-05
1.11472e-05
1.10498e-05
1.10697e-05
1.09362e-05
1.10676e-05
1.10591e-05
1.07357e-05
1.10425e-05
1.10248e-05
1.10324e-05
1.06766e-05
1.10664e-05
1.107e-05
6.24941e-06
8.76303e-06
1.07326e-05
1.08621e-05
1.10452e-05
1.10196e-05
1.1199e-05
9.97799e-06
1.10594e-05
1.11819e-05
1.0642e-05
1.10187e-05
1.10558e-05
1.09918e-05
1.10607e-05
1.10702e-05
1.01449e-05
7.48209e-06
6.65762e-06
1.10707e-05
1.10471e-05
1.09595e-05
1.05571e-05
1.09391e-05
1.10588e-05
1.0253e-05
6.9647e-07
1.10106e-05
1.10664e-05
1.11722e-05
1.09222e-05
1.03569e-05
1.11548e-05
1.10518e-05
1.10346e-05
1.09195e-05
1.08335e-05
1.10585e-05
1.10356e-05
1.09893e-05
1.10597e-05
9.6011e-06
1.1048e-05
7.10533e-07
1.1053e-05
1.1063e-05
1.11158e-05
8.40294e-06
1.10496e-05
1.09996e-05
9.21145e-06
1.10584e-05
1.04825e-05
1.08737e-05
1.10542e-05
1.10396e-05
1.0422e-05
1.11004e-05
1.10241e-05
1.10494e-05
1.10657e-05
1.03878e-05
1.10463e-05
1.06042e-05
1.11663e-05
1.10709e-05
1.10421e-05
1.10498e-05
1.10632e-05
1.10776e-05
5.02404e-07
5.34783e-07
9.11878e-06
1.10143e-05
1.10559e-05
3.12296e-06
1.10088e-05
1.08293e-05
1.10721e-05
1.107e-05
1.10664e-05
1.10733e-05
1.08239e-05
9.04316e-06
1.05082e-05
1.11703e-05
1.06039e-05
1.10374e-05
1.0953e-05
1.10387e-05
1.09206e-05
1.08336e-05
1.10843e-05
1.06494e-05
1.05249e-05
1.10636e-05
1.11488e-05
1.1191e-05
7.44574e-06
1.79109e-06
1.81033e-06
1.82178e-06
1.106e-05
1.10434e-05
1.06768e-05
9.24205e-06
1.06827e-05
1.10581e-05
9.641e-06
1.10001e-05
1.07227e-05
1.10131e-05
1.07521e-05
1.07675e-05
1.07519e-05
1.07845e-05
1.06643e-05
1.06349e-05
8.91346e-06
1.07951e-05
1.09331e-05
1.06051e-05
1.10486e-05
1.08426e-05
1.10459e-05
1.05952e-05
1.08678e-05
1.10181e-05
1.10848e-05
1.05756e-05
1.09083e-05
1.0517e-05
1.10443e-05
1.08978e-05
1.09217e-05
1.08466e-05
1.10148e-05
1.10321e-05
9.65578e-07
1.07774e-05
1.05876e-05
1.10857e-05
1.10081e-05
6.26274e-06
1.10525e-05
1.10568e-05
1.1061e-05
1.03424e-05
1.10447e-05
1.07646e-05
1.10239e-05
1.03282e-05
1.04101e-05
1.10505e-05
8.7469e-06
1.05068e-05
1.10062e-05
1.08228e-05
1.06071e-05
1.05676e-05
1.09825e-05
1.07471e-05
1.10608e-05
1.10655e-05
1.09101e-05
1.07255e-05
1.08128e-05
4.40373e-07
1.1052e-05
1.06034e-05
5.79613e-07
5.85221e-07
5.84934e-07
5.62821e-07
1.06432e-05
1.10005e-05
9.30646e-06
7.97032e-06
1.09978e-05
1.04653e-05
1.27255e-07
2.24356e-07
1.86743e-07
1.05851e-05
1.0859e-05
4.64967e-06
5.18377e-06
5.15147e-06
1.06061e-05
4.13107e-06
4.22912e-07
5.58733e-07
1.08975e-05
1.1107e-05
1.10513e-05
1.0389e-05
1.10673e-05
8.51e-06
9.61259e-06
1.05297e-05
1.07116e-05
1.09999e-05
1.08806e-05
1.11117e-05
1.10209e-05
4.88263e-06
9.17557e-06
1.0769e-05
1.04099e-05
7.47339e-06
1.10589e-05
3.06272e-07
1.00944e-05
2.13676e-06
3.12926e-06
1.09637e-05
9.31617e-07
1.09691e-05
3.17809e-06
1.09634e-05
6.55738e-06
7.41574e-06
1.07597e-05
1.06526e-05
6.00877e-06
3.98043e-06
3.95117e-06
1.86352e-06
3.90715e-06
6.64738e-06
1.00172e-05
1.29978e-06
1.04351e-05
1.10532e-05
6.18615e-07
5.40514e-06
1.10958e-05
1.10329e-05
1.09569e-05
1.10193e-05
1.07766e-05
1.05883e-05
1.10435e-05
1.08528e-05
1.10332e-05
1.1028e-05
1.10513e-05
1.06106e-05
1.10059e-05
1.10719e-05
1.07127e-05
1.05567e-05
1.09077e-05
6.67447e-06
1.09975e-05
1.04068e-05
1.10705e-05
1.10665e-05
1.11097e-05
1.05111e-05
1.10081e-05
1.09619e-05
1.09413e-05
1.07667e-05
1.08731e-05
9.5286e-06
1.08849e-05
1.07443e-05
1.10327e-05
1.07316e-05
1.08561e-05
1.03902e-05
1.04178e-05
1.10096e-05
1.10764e-05
1.10604e-05
1.08074e-05
1.08484e-05
1.05958e-05
1.0818e-05
8.51353e-06
1.0998e-05
1.07156e-05
1.08356e-05
1.09246e-05
1.04063e-05
1.10726e-05
1.10152e-05
8.02235e-06
8.92467e-06
1.10735e-05
1.10877e-05
7.88153e-06
4.86213e-06
4.72676e-06
4.68624e-06
4.55079e-06
1.04861e-05
1.07713e-05
1.05821e-05
1.10519e-05
9.42812e-06
1.09699e-05
1.07383e-05
1.08976e-05
1.08612e-05
1.09006e-05
1.10725e-05
1.05585e-05
6.99412e-06
1.07673e-05
1.07233e-05
1.02668e-05
1.10825e-05
1.07145e-05
1.0992e-05
1.07135e-05
8.04951e-06
1.07119e-05
1.08385e-05
1.13824e-05
1.11443e-05
1.08751e-05
1.08151e-05
1.0797e-05
1.08883e-05
1.10719e-05
1.10318e-05
1.09246e-05
1.05821e-05
1.10398e-05
1.10427e-05
8.23064e-06
1.09539e-05
1.04391e-05
1.1024e-05
1.08592e-05
1.05874e-05
9.26376e-06
1.092e-05
1.1199e-05
1.09679e-05
1.09939e-05
1.08504e-05
1.05441e-05
7.72086e-06
1.08331e-05
1.11681e-05
1.10399e-05
9.13572e-06
1.08053e-05
1.10688e-05
1.08185e-05
1.10418e-05
1.09667e-05
1.07494e-05
1.10217e-05
8.54106e-06
1.10642e-05
1.12201e-05
1.06082e-05
1.08388e-05
1.09899e-05
8.07588e-06
8.44989e-06
6.17714e-06
1.1042e-05
7.65586e-06
1.08403e-05
8.01019e-06
1.01937e-05
1.02735e-05
5.12747e-06
1.10357e-05
1.12409e-05
1.01555e-05
7.55185e-06
1.05963e-05
7.12987e-06
6.65589e-06
1.10259e-05
1.10516e-05
1.0529e-05
9.41801e-06
1.09061e-05
1.10369e-05
1.09513e-05
1.09984e-05
9.13206e-06
8.41461e-06
1.05496e-05
1.09256e-05
1.06445e-05
1.05413e-05
8.99715e-06
7.3311e-06
1.05335e-05
3.89894e-06
1.04069e-05
1.12484e-05
8.79835e-06
1.12268e-05
-2.00863e-07
-3.68977e-08
-4.52967e-08
1.05753e-05
1.09107e-05
9.60103e-07
1.07841e-05
8.97494e-06
1.08065e-05
1.03203e-05
1.06351e-05
1.10704e-05
1.04394e-05
1.03214e-05
1.06909e-05
1.08914e-05
1.07964e-05
1.10527e-05
1.09727e-05
1.07409e-05
1.08722e-05
1.0847e-05
1.10147e-05
6.57664e-06
9.52666e-06
1.08313e-05
7.76206e-06
1.05626e-05
1.08815e-05
1.10584e-05
1.06533e-05
1.10763e-05
7.49511e-06
1.1034e-05
1.09867e-05
1.10442e-05
1.10602e-05
9.8239e-06
1.08676e-05
1.08739e-05
1.0943e-05
5.07373e-06
1.10349e-05
1.10882e-05
1.11013e-05
1.10716e-05
1.09707e-05
6.39687e-06
1.06554e-05
1.09901e-05
9.88781e-06
1.09142e-05
1.10282e-05
1.07974e-05
1.05483e-05
1.10239e-05
1.09506e-05
1.01694e-05
1.08023e-05
1.06948e-05
1.1061e-05
1.06276e-05
8.88158e-07
1.05701e-05
1.1054e-05
1.10634e-05
1.08794e-05
1.07021e-05
9.78096e-06
1.10355e-05
1.10621e-05
2.86289e-07
2.77191e-07
2.81803e-07
3.12787e-07
2.69164e-07
1.10606e-05
1.0989e-05
1.11287e-05
1.07092e-05
3.14317e-08
5.6318e-08
1.0896e-05
9.80099e-06
1.09934e-05
7.40556e-06
4.51761e-06
1.10487e-05
1.10331e-05
1.09015e-05
9.6374e-06
1.10168e-05
9.45323e-07
9.86248e-07
1.05478e-06
9.72475e-07
9.97974e-07
1.04824e-05
1.10711e-05
1.11024e-05
1.10717e-05
1.09302e-05
1.10631e-05
1.02845e-05
1.10568e-05
1.04596e-05
1.07109e-05
9.75905e-06
9.67535e-06
1.05617e-05
1.08783e-05
1.05507e-05
1.10608e-05
1.03572e-05
1.04314e-05
1.06531e-05
5.66001e-06
1.07107e-05
1.10251e-05
1.10344e-05
1.06819e-05
1.1512e-05
1.09688e-05
1.11051e-05
8.63853e-06
1.12085e-05
1.11679e-05
9.3722e-06
1.10433e-05
1.10776e-05
8.54947e-06
1.05567e-05
1.07419e-05
1.09324e-05
5.44394e-06
1.10526e-05
1.05319e-05
1.05635e-05
1.05299e-05
1.1058e-05
1.11124e-05
1.10565e-05
8.08708e-06
1.0784e-05
8.20311e-06
1.10699e-05
1.11539e-05
1.03574e-05
1.09548e-05
1.06403e-05
9.40472e-06
1.10765e-05
4.98275e-06
4.73789e-06
1.07983e-05
7.42521e-06
1.08634e-05
8.8406e-06
9.86313e-06
1.10194e-05
1.03152e-05
1.12716e-05
1.10657e-05
1.10395e-05
1.10163e-05
1.10691e-05
1.09444e-05
1.10271e-05
1.06718e-05
1.08715e-05
1.07632e-05
1.10336e-05
5.08307e-06
1.09067e-05
1.06367e-05
1.11062e-05
1.09624e-05
1.08713e-05
1.03124e-05
1.06164e-05
4.61648e-06
4.28678e-06
4.48731e-06
4.52104e-06
5.16286e-06
1.10525e-05
1.10528e-05
5.85189e-07
9.42653e-06
1.10558e-05
1.03516e-05
1.10685e-05
1.01962e-05
1.03339e-05
1.10749e-05
1.10538e-05
1.1077e-05
9.05372e-07
1.14201e-05
1.11872e-05
1.11701e-05
1.06195e-05
6.50155e-06
6.5515e-07
6.71803e-07
6.64548e-07
6.35519e-07
1.04692e-05
1.06316e-05
5.28594e-06
1.08254e-05
1.10815e-05
1.06408e-05
8.93809e-06
1.12396e-05
1.046e-05
1.05337e-05
1.01913e-05
1.06303e-05
1.05915e-05
1.03549e-05
6.67322e-06
1.10594e-05
1.10688e-05
5.16198e-06
4.59983e-06
4.55508e-06
1.1007e-05
1.1129e-05
8.87508e-06
3.31081e-06
1.07383e-05
1.07584e-05
8.89187e-06
8.39166e-06
1.07394e-05
1.10282e-05
1.10564e-05
1.11076e-05
1.28594e-06
1.10712e-05
1.10499e-05
2.92521e-07
3.03334e-07
1.10663e-05
1.13072e-05
1.13359e-05
8.808e-06
1.07008e-05
1.09244e-05
1.03613e-05
1.1e-05
3.28528e-07
3.3583e-07
3.32513e-07
3.20571e-07
3.4871e-07
1.0519e-05
1.05598e-05
4.38665e-06
5.50369e-06
1.11705e-05
1.02849e-05
1.10595e-05
7.01843e-07
1.10315e-05
4.32975e-06
9.17229e-06
1.06165e-05
1.07877e-05
1.06383e-05
7.62911e-06
6.59788e-06
1.10714e-05
1.10708e-05
1.10266e-05
1.07235e-05
3.86256e-07
1.105e-05
1.10616e-05
1.11519e-05
1.10533e-05
1.0708e-05
1.06892e-05
1.28388e-06
1.05497e-05
1.06802e-05
1.098e-05
1.09093e-05
1.05827e-05
1.10076e-05
1.08807e-05
1.03575e-05
1.03638e-05
7.43547e-08
6.82082e-08
1.12925e-05
1.0398e-05
1.09862e-05
1.10822e-05
1.10485e-05
9.40008e-06
1.09419e-05
1.04507e-05
1.03816e-05
4.00319e-07
4.06229e-07
4.11342e-07
4.38112e-07
3.88889e-07
1.10535e-05
1.08658e-05
1.10619e-05
1.09779e-05
1.10682e-05
1.09102e-05
8.84153e-06
1.10601e-05
8.99434e-06
1.10723e-05
1.04117e-05
6.92811e-06
1.10072e-05
1.07967e-05
1.09028e-05
1.0605e-05
1.05827e-05
1.06749e-05
1.09073e-05
1.0681e-05
9.83654e-06
1.02265e-05
1.07021e-05
1.09033e-05
1.03866e-05
9.75251e-06
1.05185e-05
8.23826e-06
1.10539e-05
1.09371e-05
1.10567e-05
1.09254e-05
1.10426e-05
8.37857e-06
7.15117e-06
1.10342e-05
1.05679e-05
1.07575e-05
1.09502e-05
8.44258e-06
1.08286e-05
1.06431e-05
1.12846e-05
8.60097e-06
1.1018e-05
1.05978e-05
1.10584e-05
1.07101e-05
1.00009e-06
8.7576e-06
9.26805e-07
9.78353e-07
9.69669e-07
9.56872e-07
8.42671e-06
8.62003e-06
7.51907e-06
1.09886e-05
7.98609e-06
3.94737e-07
4.14471e-07
8.38022e-06
1.10756e-05
1.02374e-05
1.10532e-05
1.08796e-05
1.03549e-05
1.1045e-05
8.48477e-06
9.07274e-07
8.02126e-06
1.07354e-05
1.10357e-05
1.04716e-05
8.06887e-06
8.08528e-06
7.62436e-06
1.08491e-05
7.63539e-06
1.45311e-06
1.06679e-05
1.06501e-05
6.35687e-07
6.16517e-07
6.63918e-07
4.74922e-06
7.39848e-06
8.42349e-06
1.05816e-05
1.1073e-05
1.05159e-05
4.04937e-07
3.8895e-07
8.5384e-06
1.04751e-05
1.10786e-05
1.10677e-05
1.1049e-05
7.90303e-06
1.06543e-05
1.07329e-05
1.02834e-05
1.11033e-05
9.18425e-06
6.05429e-06
6.07371e-06
8.76975e-06
9.61708e-06
9.12604e-06
1.106e-05
1.05809e-05
6.85402e-06
1.11182e-06
1.10496e-05
9.36728e-06
1.10582e-05
8.54446e-06
1.09544e-05
8.85547e-06
1.10329e-05
1.09603e-05
6.13e-06
1.05797e-05
1.0764e-05
1.10691e-05
8.20364e-06
1.10702e-05
1.05176e-05
3.59331e-06
1.08661e-05
8.52272e-06
1.10619e-05
1.66131e-06
1.06846e-05
1.40046e-06
8.14831e-06
1.03275e-05
1.06106e-05
8.76578e-06
7.67738e-06
7.15903e-06
1.10544e-05
7.64355e-06
8.05945e-06
8.1166e-06
8.45537e-06
8.59461e-06
3.06091e-06
9.80962e-06
7.12693e-06
1.00092e-05
1.0542e-05
1.1006e-05
1.04626e-05
1.10384e-05
7.62179e-06
1.04111e-05
8.72933e-06
1.10545e-05
1.0502e-05
1.09339e-05
1.06408e-05
1.11776e-05
1.10717e-05
1.12993e-05
1.0668e-06
6.26374e-06
6.49217e-06
8.40382e-06
7.78246e-06
1.08837e-05
1.09824e-05
1.0949e-06
1.24818e-06
1.01247e-05
1.06634e-05
1.0509e-05
1.09682e-05
8.46606e-06
1.07087e-05
8.09582e-06
5.11097e-06
1.10712e-05
1.2497e-06
1.08704e-05
6.61237e-06
1.10623e-05
1.00897e-05
1.06271e-05
1.10559e-05
1.10263e-05
1.12101e-05
1.10429e-05
9.98502e-06
1.12437e-05
1.0966e-05
1.35637e-06
1.52752e-06
1.12961e-05
5.40734e-06
1.27172e-06
2.24126e-06
6.47311e-06
7.04634e-06
3.45352e-06
3.43198e-06
6.43793e-06
3.0393e-06
3.40158e-06
3.74855e-06
2.08048e-06
2.30775e-06
6.67502e-06
3.31525e-06
5.88608e-06
1.14804e-05
1.03571e-05
1.09303e-05
8.21038e-06
1.10651e-05
1.06796e-05
1.10677e-05
8.5768e-06
8.06458e-06
1.07229e-05
7.61059e-06
5.00625e-06
7.69889e-06
7.64316e-06
7.1574e-06
1.10144e-05
1.10372e-05
7.21865e-06
8.68663e-06
1.1026e-05
8.13905e-06
1.10718e-05
8.09754e-06
8.58459e-06
9.69503e-06
8.75085e-06
1.10425e-05
8.30806e-06
1.07901e-05
1.10387e-05
1.10687e-05
8.53061e-06
1.10635e-05
1.02668e-05
1.10575e-05
6.70041e-06
9.13358e-06
1.10741e-05
9.5559e-06
5.4984e-06
1.08347e-05
1.05065e-05
1.1058e-05
1.06018e-05
8.55916e-06
1.10828e-05
1.05e-05
1.10192e-05
1.10508e-05
1.11464e-05
1.09786e-05
1.08529e-05
1.10735e-05
9.05789e-06
1.1213e-05
1.08975e-05
1.05806e-05
9.41919e-06
1.03904e-05
1.06166e-05
9.31148e-06
1.04e-05
1.99173e-06
1.02836e-05
1.20035e-06
1.76841e-06
6.7594e-06
6.18787e-06
3.83416e-06
3.88309e-06
3.91211e-06
9.34325e-06
6.34545e-06
7.40955e-06
1.2706e-06
2.64348e-06
2.80678e-06
3.78313e-06
6.35477e-06
5.5972e-06
1.11564e-05
1.10763e-05
1.10342e-05
1.12009e-05
1.13256e-05
3.56372e-06
4.75778e-06
1.10559e-05
1.00981e-05
4.13973e-06
1.54894e-06
2.68845e-06
6.14451e-06
3.55277e-06
1.24153e-06
1.26368e-06
1.25592e-06
4.27669e-06
1.10861e-05
1.55318e-06
4.38303e-07
1.50476e-06
4.99994e-07
7.90679e-06
5.00182e-07
1.43048e-06
5.03532e-07
1.47079e-06
1.49067e-06
4.83323e-07
1.80474e-06
7.81139e-07
2.41269e-06
2.15181e-06
2.32661e-06
3.20352e-06
8.3492e-06
6.9982e-06
3.1589e-06
6.52403e-06
3.04195e-06
7.37433e-06
7.24029e-06
2.29765e-06
3.93635e-06
6.12378e-06
2.10242e-06
5.90948e-06
3.98878e-06
7.17305e-06
6.03488e-06
5.36783e-06
4.07843e-06
2.67789e-06
2.84514e-06
2.69949e-06
2.82394e-06
4.14526e-06
4.50437e-06
4.54979e-06
5.85902e-06
4.74893e-06
5.32217e-06
4.8798e-06
4.25002e-06
4.21011e-06
5.5137e-06
1.07625e-05
1.10867e-05
1.1061e-05
1.08383e-05
1.07427e-05
1.89576e-06
1.09904e-05
8.15027e-06
6.20277e-07
1.12907e-05
1.1005e-05
1.10247e-05
1.1078e-05
1.11567e-05
1.10573e-05
1.06071e-05
1.07663e-05
4.816e-06
4.55724e-06
1.1026e-05
1.10616e-05
1.10551e-05
8.80199e-06
4.47961e-07
4.50663e-07
4.42823e-07
4.29961e-07
1.08404e-05
4.52731e-07
1.10565e-05
1.07302e-05
1.09968e-05
1.10467e-05
9.81289e-06
1.06444e-05
1.05999e-05
1.05963e-05
6.64665e-06
1.05512e-05
1.066e-05
1.06206e-05
1.0851e-05
9.01685e-06
1.06112e-05
9.21134e-06
1.10402e-05
8.8841e-06
5.07614e-06
1.10676e-05
1.04882e-05
1.10707e-05
1.10791e-05
5.05069e-06
1.06197e-05
1.10694e-05
1.10428e-05
1.18754e-05
1.01405e-05
1.10688e-05
1.10421e-05
1.05908e-05
1.10495e-05
1.10012e-05
1.05875e-05
1.09876e-05
1.09615e-05
1.10685e-05
1.10548e-05
1.09834e-05
1.09429e-05
1.10321e-05
1.14255e-05
1.12332e-05
1.04014e-05
1.10532e-05
1.1067e-05
1.1063e-05
1.0573e-05
1.10399e-05
1.10773e-05
1.10505e-05
9.40812e-06
1.06976e-05
1.0213e-05
1.06955e-05
1.07273e-05
1.03608e-05
1.06285e-05
1.05133e-05
1.08953e-05
9.06395e-06
4.47625e-07
1.0921e-05
1.06803e-05
4.91743e-07
1.06747e-05
1.04157e-05
8.88178e-06
1.03484e-05
1.10602e-05
1.02256e-05
1.1138e-05
1.07435e-05
1.1297e-05
1.05766e-05
1.10277e-05
1.10574e-05
1.05893e-05
1.12847e-05
1.08448e-05
1.06766e-05
1.10594e-05
1.04786e-05
1.0493e-05
1.0439e-05
1.11583e-05
1.02666e-05
1.08001e-05
1.05243e-05
1.05798e-05
1.07574e-05
1.10688e-05
1.10771e-05
1.01748e-05
9.76865e-06
1.07879e-05
-1.29581e-07
-5.87275e-08
-7.56337e-08
1.08488e-05
1.06337e-05
1.10679e-05
1.06762e-05
9.28632e-06
1.10312e-05
1.07271e-05
1.09553e-05
1.09941e-05
9.32161e-08
1.12873e-07
1.0825e-07
1.0815e-07
9.5568e-08
9.72671e-08
9.93e-08
1.02664e-07
1.32759e-07
1.18952e-07
1.10629e-05
1.00763e-05
1.08463e-05
1.11113e-05
9.88212e-06
1.00057e-05
1.1023e-05
1.09072e-05
1.06826e-05
8.61881e-06
1.1053e-05
1.06368e-05
1.10516e-05
1.04262e-05
1.07394e-05
1.06336e-05
1.03881e-05
1.1045e-05
1.10501e-05
1.06036e-05
1.10447e-05
1.08811e-05
1.07657e-05
1.05208e-05
1.07967e-05
1.0446e-05
1.04816e-05
1.10556e-05
1.09912e-05
7.98159e-08
9.73556e-08
9.96878e-08
9.53584e-08
7.61886e-08
9.42121e-08
1.16277e-07
9.25464e-08
8.67653e-06
1.10645e-05
1.04091e-05
1.05793e-05
1.08146e-05
9.96894e-06
1.10209e-05
1.05762e-05
1.05738e-05
1.06489e-05
1.10716e-05
1.10557e-05
1.08253e-05
1.06875e-05
9.70959e-06
1.09017e-05
1.09621e-05
1.08278e-05
1.09731e-05
1.09542e-05
1.01962e-07
1.13099e-07
1.03865e-05
1.05662e-05
1.29496e-07
1.30855e-07
1.27826e-07
6.15646e-08
6.88863e-08
4.07879e-08
1.34593e-07
1.24464e-07
1.10652e-05
1.08708e-05
1.07685e-05
1.10871e-05
1.10467e-05
1.05419e-05
1.07505e-05
1.09771e-05
1.09565e-05
1.07172e-05
1.01451e-05
1.10396e-05
1.10337e-05
1.10546e-05
9.77822e-06
1.08905e-05
1.08192e-05
1.00798e-05
1.08739e-05
1.0825e-05
1.099e-05
1.10449e-05
1.00104e-05
1.10489e-05
9.58671e-06
1.10427e-05
1.10478e-05
1.06815e-05
9.84269e-06
9.54111e-06
1.05295e-05
1.07729e-05
1.08509e-05
1.07267e-05
1.11343e-05
1.1044e-05
1.10463e-05
1.10472e-05
1.10522e-05
1.10936e-05
1.11536e-05
1.10474e-05
9.78327e-06
1.12317e-05
1.0509e-05
1.11081e-05
1.10708e-05
9.49812e-06
1.10346e-05
1.08155e-05
1.05549e-05
1.10324e-05
1.1072e-05
9.90764e-06
9.71334e-06
1.10304e-05
9.4953e-06
1.10796e-05
1.06103e-05
9.63634e-06
-5.87406e-09
-2.43924e-08
1.10497e-05
9.33655e-06
1.10774e-05
1.10238e-05
9.75889e-06
1.10439e-05
1.10729e-05
1.11436e-05
8.77068e-06
1.10706e-05
9.20209e-06
9.2879e-06
1.11086e-05
1.10707e-05
9.55339e-06
1.08621e-05
1.10389e-05
1.103e-05
1.11479e-05
1.08945e-05
1.10574e-05
9.11471e-06
1.09842e-05
1.12838e-05
9.52905e-06
8.70119e-06
1.1052e-05
1.00469e-05
1.0875e-05
1.10626e-05
1.10514e-05
1.08103e-05
1.10575e-05
1.10454e-05
1.10432e-05
1.0957e-05
1.10666e-05
1.08033e-05
1.10766e-05
1.10435e-05
1.11086e-05
1.08445e-05
1.06126e-05
1.06589e-05
1.10515e-05
9.58128e-06
1.08231e-05
1.09764e-05
8.88716e-06
1.06492e-05
9.14894e-06
1.06154e-05
1.10494e-05
1.10534e-05
1.03632e-05
1.10325e-05
1.12066e-05
1.1001e-05
1.10096e-05
1.1068e-05
1.10741e-05
1.10706e-05
1.10659e-05
1.10345e-05
9.34654e-06
9.43061e-06
1.10677e-05
8.20029e-06
6.3072e-06
9.30724e-06
8.67687e-06
1.10189e-05
1.07472e-05
1.10707e-05
1.13181e-05
1.10682e-05
8.13845e-06
1.06105e-05
1.10474e-05
1.10692e-05
1.09908e-05
7.67085e-06
7.35051e-06
1.10833e-05
9.10902e-06
1.10212e-05
1.1073e-05
1.10139e-05
1.10772e-05
1.10834e-05
1.07046e-05
1.10666e-05
8.36403e-06
1.09591e-05
1.02731e-05
1.10437e-05
6.93547e-06
9.2456e-06
1.10564e-05
1.08982e-05
7.8188e-06
7.30715e-06
1.07717e-05
1.10552e-05
8.29232e-06
1.10607e-05
7.77857e-06
7.30934e-06
8.24852e-06
4.49099e-06
6.65729e-06
3.43728e-06
3.41124e-06
7.43896e-06
7.691e-06
4.29763e-06
5.08483e-06
5.57332e-06
5.40404e-06
5.05795e-06
4.79552e-06
8.18801e-06
3.84021e-06
2.46771e-06
1.88655e-06
6.77073e-06
6.16179e-06
4.43829e-06
8.74148e-07
3.89248e-06
5.16798e-06
3.4129e-06
3.6535e-06
5.79491e-06
1.28762e-06
4.85716e-06
7.46696e-06
5.82717e-06
5.27248e-06
3.96218e-06
2.46293e-06
3.03981e-06
2.23277e-06
5.76885e-06
2.23328e-06
5.71382e-06
2.25283e-06
2.71299e-06
8.83789e-07
4.43995e-06
4.40655e-06
6.88648e-06
3.81771e-06
2.80733e-06
6.32705e-06
5.91457e-06
4.23984e-06
2.5191e-06
6.64427e-06
3.01693e-06
3.30319e-06
7.03154e-06
5.47193e-06
4.17667e-06
2.04274e-06
1.74975e-06
2.90062e-06
5.60706e-06
4.08985e-06
4.58517e-06
2.27636e-06
3.90611e-06
6.51308e-06
6.33561e-06
2.2709e-06
3.66587e-06
8.06686e-06
8.17635e-06
2.91685e-06
8.5443e-06
7.43215e-06
1.96788e-06
7.26609e-06
3.81403e-06
1.52046e-06
3.88754e-06
4.82452e-06
5.98964e-06
2.90809e-06
6.16428e-06
4.60311e-06
3.85809e-06
7.75374e-06
2.89402e-06
3.62329e-06
3.52534e-07
3.5526e-07
3.53343e-07
4.20827e-06
5.42146e-06
3.37825e-06
1.54723e-06
9.58465e-07
6.24078e-06
1.41229e-06
7.11393e-06
7.13696e-06
8.59428e-06
8.5689e-06
2.48452e-06
7.09796e-06
8.89118e-06
3.52437e-06
1.71723e-06
9.48991e-07
9.60461e-07
9.66366e-07
1.705e-06
2.35334e-06
3.18564e-06
6.39575e-06
1.6664e-06
6.49929e-06
1.7368e-06
4.60972e-06
5.49543e-06
5.0043e-06
6.34912e-06
3.53548e-06
2.28261e-06
4.34338e-06
5.31851e-06
3.36377e-06
1.40189e-06
1.39072e-06
2.63781e-06
7.6703e-06
4.58431e-06
2.6746e-06
8.28713e-06
7.92291e-06
7.14127e-06
1.77899e-06
4.1274e-06
6.45653e-06
6.72321e-06
6.58965e-06
6.43928e-06
7.88886e-06
5.47114e-06
6.11381e-06
5.43317e-06
6.17953e-06
4.81941e-06
7.55963e-06
9.10724e-07
3.86892e-06
7.91808e-06
2.24872e-06
5.2615e-06
3.25796e-06
1.68903e-06
1.22902e-06
7.83669e-06
5.69385e-06
3.44214e-06
5.03109e-06
3.23825e-06
6.58665e-06
2.2617e-06
3.03733e-06
1.60817e-06
8.64892e-06
1.99547e-06
7.53011e-06
1.25407e-06
9.69317e-07
6.93931e-07
7.34878e-07
6.42242e-06
6.59889e-06
5.87822e-06
6.29214e-06
1.48282e-06
3.01272e-06
1.24469e-06
8.82068e-06
2.12828e-06
1.39235e-06
3.23358e-06
1.22707e-06
8.66308e-06
2.36071e-06
4.07306e-06
1.19388e-06
4.67578e-06
1.27505e-06
9.19815e-07
2.76131e-06
1.2699e-06
7.04031e-06
8.72167e-06
4.67194e-06
8.90059e-06
8.43804e-06
2.47623e-06
3.93739e-06
6.03933e-06
7.12447e-06
5.81209e-06
8.01139e-06
1.44908e-06
1.46854e-06
1.47921e-06
1.60539e-06
4.64519e-06
6.76854e-07
1.35469e-06
3.41926e-06
7.11666e-06
3.80404e-06
3.14274e-07
2.7669e-06
3.40091e-07
2.60484e-06
8.78543e-06
6.88698e-06
8.41595e-06
6.78915e-06
2.01928e-06
2.46678e-06
1.87561e-06
1.81316e-06
1.86344e-06
3.60933e-06
3.65323e-06
3.68118e-06
3.02811e-06
7.88792e-06
4.06117e-06
4.1056e-06
4.13912e-06
6.25784e-06
3.02666e-06
6.49912e-06
1.86441e-06
7.59771e-06
3.59042e-06
1.8327e-06
7.17435e-06
8.69956e-06
1.35058e-06
1.15965e-06
2.10867e-06
5.83221e-06
8.48467e-06
7.38325e-07
1.27789e-06
8.84661e-06
2.32312e-06
1.20335e-06
2.77987e-06
6.81804e-06
2.15099e-06
6.05103e-06
6.69754e-06
4.91419e-06
5.83249e-06
5.38913e-06
1.65379e-06
4.74818e-06
3.20069e-06
3.59598e-06
4.5967e-06
5.09785e-06
5.73536e-06
8.1266e-06
8.66173e-06
7.1606e-06
6.40621e-06
1.33313e-06
7.55367e-06
8.8851e-06
8.00078e-06
5.02318e-06
5.33406e-06
8.4402e-06
3.81131e-06
4.65734e-06
6.40282e-06
7.5784e-06
6.30666e-07
6.94639e-06
4.36728e-06
7.43942e-06
4.41299e-06
4.85968e-06
4.90494e-06
5.60474e-06
7.95691e-06
5.14014e-06
5.89193e-06
8.76769e-06
8.47955e-06
7.41291e-06
7.36544e-06
4.3409e-06
9.07204e-06
4.28789e-06
2.75505e-06
3.93762e-06
6.68797e-07
6.72624e-06
2.49138e-06
7.30984e-06
5.6276e-06
3.91911e-06
3.94341e-06
1.34596e-06
5.2501e-06
7.79341e-07
4.94515e-06
4.59072e-06
4.61341e-06
1.8272e-06
6.32593e-06
6.56602e-06
9.10134e-06
7.67561e-06
8.79328e-06
2.6736e-06
3.90449e-06
9.80228e-07
8.78173e-06
6.22598e-06
1.35189e-06
6.25685e-06
9.34889e-06
9.37094e-06
5.00207e-07
8.0512e-06
8.05436e-06
5.89592e-07
4.11082e-06
4.80231e-07
1.23732e-06
6.01699e-06
2.88966e-06
6.11102e-06
3.32989e-06
3.82203e-06
8.32792e-06
7.64573e-06
7.95097e-06
8.03215e-06
7.96582e-06
9.9821e-07
5.95048e-06
6.22671e-06
8.39245e-06
8.39047e-06
8.64025e-06
5.5678e-06
6.02323e-06
6.77225e-06
1.10495e-05
7.01008e-06
6.79877e-06
7.807e-06
6.7292e-06
6.56774e-06
1.10615e-05
5.29326e-07
9.56998e-06
9.4527e-06
1.10438e-05
7.25027e-07
1.10705e-05
1.10633e-05
1.10617e-05
1.10645e-05
1.10625e-05
4.49442e-07
4.35664e-07
8.82776e-06
1.10425e-05
1.10721e-05
9.23268e-06
1.1063e-05
1.11633e-05
8.76583e-06
1.10618e-05
1.10597e-05
9.18075e-06
1.10637e-05
1.11236e-05
1.10606e-05
1.10681e-05
1.0952e-05
1.10546e-05
8.9889e-06
1.10585e-05
9.90882e-06
1.10497e-05
1.10555e-05
1.10669e-05
1.11905e-05
1.10724e-05
1.10642e-05
1.10636e-05
1.10671e-05
1.10645e-05
1.12714e-05
1.11217e-05
1.08001e-05
1.10546e-05
1.10508e-05
1.10092e-05
1.10798e-05
1.10613e-05
1.10768e-05
1.10706e-05
1.10078e-05
1.106e-05
1.09876e-05
9.80868e-06
1.10873e-05
1.1007e-05
1.10592e-05
1.09887e-05
1.10576e-05
1.06227e-05
1.09369e-05
9.91759e-06
1.10647e-05
1.10586e-05
1.10434e-05
1.10674e-05
1.10241e-05
1.12346e-05
1.10631e-05
1.10478e-05
1.06582e-05
1.10602e-05
1.10409e-05
1.10609e-05
1.11046e-05
1.09192e-05
1.10743e-05
1.10459e-05
1.11489e-05
1.10433e-05
1.08308e-05
9.62116e-06
1.15342e-05
1.1642e-05
1.14623e-05
1.04368e-05
1.10151e-05
1.09554e-05
1.09659e-05
1.10677e-05
1.07371e-05
1.09725e-05
1.113e-05
1.10327e-05
1.10342e-05
1.10815e-05
1.1014e-05
1.01775e-05
1.10122e-05
1.10415e-05
9.16422e-06
1.07167e-05
1.10502e-05
1.10596e-05
1.12593e-05
1.11126e-05
9.25883e-06
1.10467e-05
1.10092e-05
9.45386e-06
1.11165e-05
1.09186e-05
1.06092e-05
1.0977e-05
1.11766e-05
1.11767e-05
1.08227e-05
1.08381e-05
1.09332e-05
1.08579e-05
1.06768e-05
1.07228e-05
1.06096e-05
1.10104e-05
1.06647e-05
4.55023e-07
5.12208e-07
4.62888e-07
9.94378e-06
1.07365e-05
9.74737e-06
1.10776e-05
1.05539e-05
1.07976e-05
1.02652e-05
1.08287e-05
9.73306e-06
1.15558e-05
9.76481e-06
1.06799e-05
1.08082e-05
1.09996e-05
1.087e-05
1.10286e-05
8.27757e-06
1.07954e-05
1.06171e-05
1.08655e-05
1.0817e-05
1.08037e-05
1.0335e-05
1.07761e-05
1.0924e-05
8.73084e-06
1.09197e-05
1.05711e-05
1.10279e-05
1.09826e-05
1.09985e-05
1.06604e-05
1.0815e-05
1.05513e-05
1.08694e-05
1.09898e-05
1.08949e-05
1.09491e-05
1.00288e-05
9.82862e-06
1.09584e-05
1.05557e-05
1.10055e-05
1.08855e-05
1.02553e-05
1.10223e-05
1.05295e-05
1.09918e-05
9.16022e-06
1.0705e-05
1.04203e-05
1.05695e-05
5.44168e-06
5.78009e-06
5.65287e-06
3.52872e-06
3.72902e-06
3.35421e-06
3.31521e-06
3.22578e-06
6.15859e-06
6.9868e-06
3.37803e-06
6.67519e-06
2.95889e-06
7.35774e-06
2.17179e-06
2.08423e-06
2.22761e-06
6.75887e-06
1.45646e-06
1.32192e-06
1.2021e-06
1.10316e-05
1.08626e-05
1.03218e-05
1.07492e-05
9.44903e-06
1.07653e-05
1.06266e-05
1.10502e-05
1.06076e-05
1.08487e-05
1.04607e-05
1.02234e-05
1.08337e-05
1.01168e-05
1.08938e-05
1.04644e-05
1.10455e-05
1.07821e-05
1.10385e-05
1.03912e-05
1.10573e-05
1.02283e-05
1.04591e-05
1.04412e-05
1.13818e-05
1.10687e-05
1.12744e-05
1.10722e-05
1.06038e-05
1.08852e-05
1.09545e-05
1.03502e-05
1.07801e-05
1.09699e-05
1.09187e-05
1.06296e-05
1.06003e-05
1.09698e-05
1.04595e-05
1.10558e-05
1.06412e-05
1.09144e-05
1.09786e-05
1.07273e-05
1.05848e-05
1.10187e-05
1.10407e-05
1.04348e-05
1.10453e-05
1.1063e-05
1.08546e-05
9.89614e-06
1.02937e-05
1.10355e-05
1.05052e-05
1.11361e-05
1.10179e-05
1.07708e-05
1.12663e-05
1.10365e-05
1.08991e-05
1.10547e-05
7.92257e-06
1.10838e-05
1.03701e-05
1.05386e-05
1.03029e-05
4.21075e-07
4.2918e-07
4.33248e-07
4.39176e-07
4.37652e-07
1.06227e-05
1.0712e-05
1.09348e-05
3.23333e-07
3.2389e-07
3.20268e-07
3.10877e-07
3.12795e-07
1.10252e-05
1.10574e-05
8.86199e-06
1.10663e-05
1.10461e-05
1.08268e-05
1.10618e-05
1.1062e-05
8.90602e-06
1.10539e-05
1.10645e-05
9.08568e-06
1.10454e-05
1.04088e-05
1.10315e-05
1.10514e-05
1.10193e-05
1.1069e-05
1.10712e-05
1.10644e-05
1.10479e-05
1.03766e-05
8.46742e-06
8.81676e-06
1.05305e-05
1.10557e-05
1.10621e-05
1.03516e-05
1.10489e-05
4.74682e-07
1.10752e-05
1.1021e-05
1.0962e-05
9.34383e-06
1.05509e-05
1.11706e-05
1.0611e-05
6.968e-07
1.1065e-05
1.10685e-05
1.107e-05
1.10841e-05
1.09383e-05
1.06893e-05
1.09726e-05
1.0495e-05
6.30066e-06
5.76912e-06
5.11444e-06
5.15975e-06
5.48081e-06
4.46388e-06
4.43145e-06
4.38821e-06
4.81528e-06
5.10986e-06
5.1548e-06
4.59976e-06
4.28463e-06
5.25867e-06
4.12392e-06
4.20286e-06
5.92996e-06
5.79082e-06
5.74846e-06
5.65654e-06
5.91244e-06
5.7717e-06
3.91326e-06
5.60564e-06
5.86823e-06
6.26377e-06
3.64372e-06
6.36294e-06
3.38422e-06
6.20598e-06
3.38923e-06
3.12257e-06
3.27523e-06
3.27595e-06
6.29888e-06
3.03886e-06
6.9067e-06
2.85519e-06
6.772e-06
3.16273e-06
3.13804e-06
7.11235e-06
7.13651e-06
7.47801e-06
2.34612e-06
2.37846e-06
2.11099e-06
6.95388e-06
1.7579e-06
7.63762e-06
1.83584e-06
1.8521e-06
1.81156e-06
7.99649e-06
1.86465e-06
1.623e-06
1.26146e-06
1.0636e-06
8.06206e-06
1.06996e-06
7.67011e-06
8.68384e-06
4.96163e-06
5.02052e-06
4.89614e-06
6.31386e-06
3.49499e-06
3.73228e-06
3.7042e-06
4.58553e-06
3.66951e-06
3.66534e-06
4.01477e-06
1.38534e-06
1.6321e-06
5.70857e-06
6.46444e-06
1.88769e-06
1.05852e-06
3.41951e-06
2.56418e-06
7.48073e-06
1.79238e-06
6.881e-06
6.26944e-06
2.60294e-06
2.73262e-06
1.12119e-06
6.43804e-06
1.09112e-06
1.11194e-06
1.1045e-06
8.26999e-06
4.66605e-06
4.82074e-06
4.11336e-06
4.909e-06
5.25687e-06
8.67526e-06
8.73598e-06
8.58211e-07
8.12376e-07
8.37665e-07
8.47954e-07
8.53599e-07
8.90826e-06
7.25872e-06
6.81159e-06
1.12419e-05
1.11821e-06
8.64125e-06
1.10659e-05
1.10524e-05
7.88018e-06
1.1043e-05
6.64058e-07
1.09994e-05
1.10314e-05
1.10562e-05
8.32844e-06
7.66267e-06
6.12648e-07
1.10541e-05
6.97604e-07
9.17654e-06
8.13353e-06
1.08725e-05
6.41598e-07
8.82058e-06
1.10308e-05
1.10732e-05
1.06923e-05
1.10533e-05
1.11399e-05
1.0958e-05
8.18354e-06
1.10542e-05
1.10627e-05
1.10724e-05
1.09337e-05
1.04976e-05
1.05327e-05
1.05769e-05
8.57418e-06
4.74777e-07
4.61073e-07
1.04855e-05
1.09951e-05
1.03509e-05
1.09456e-05
1.07302e-05
1.10773e-05
1.09801e-05
1.06595e-05
9.98792e-06
1.09012e-05
1.07556e-05
1.05799e-05
1.04247e-05
1.07358e-05
1.10742e-05
7.88199e-06
1.10372e-05
1.07935e-05
1.09724e-05
1.05639e-05
1.07166e-05
1.10757e-05
9.96104e-06
1.09233e-05
1.11201e-05
1.12531e-05
1.05672e-05
1.03633e-05
1.10123e-05
1.07957e-05
1.08957e-05
2.75627e-07
2.64448e-07
1.09122e-05
8.43235e-06
8.04846e-06
1.10599e-05
9.96711e-06
1.10355e-05
1.0328e-05
1.06318e-05
1.10378e-05
9.69724e-06
1.02789e-05
1.10695e-05
1.10458e-05
1.10091e-05
9.15169e-06
1.17016e-05
1.10477e-05
1.10582e-05
9.43222e-06
1.11537e-05
1.10724e-05
1.07212e-05
1.04731e-05
8.92522e-06
1.1183e-05
9.12309e-06
1.10607e-05
1.06096e-05
1.07062e-05
1.0621e-05
1.06535e-05
1.11684e-05
1.0576e-05
1.0929e-05
1.06433e-05
1.06565e-05
1.10272e-05
1.11416e-05
1.12461e-05
1.08526e-05
1.11311e-05
1.09558e-05
1.06591e-05
8.88436e-06
8.08541e-06
1.09362e-05
8.29492e-06
8.7324e-06
1.10453e-05
8.22897e-06
1.09847e-05
1.08154e-05
8.95589e-06
7.75888e-06
8.67203e-06
8.78147e-06
8.57931e-06
3.01528e-06
8.51147e-06
9.10098e-06
7.87099e-06
8.68902e-06
8.35651e-06
7.37928e-06
7.82011e-06
8.34928e-06
7.35339e-06
6.8753e-06
5.15085e-06
4.95904e-06
4.7418e-06
4.70185e-06
7.23537e-06
6.0425e-06
6.40645e-06
5.22252e-06
2.46841e-06
4.0677e-06
4.27248e-06
5.55248e-06
7.24433e-06
8.06462e-06
5.31289e-06
2.40368e-06
2.84014e-06
2.71121e-06
2.62289e-06
3.61262e-06
1.96842e-06
2.45087e-06
7.41406e-06
4.54328e-06
2.15323e-06
2.44468e-06
1.99518e-06
2.6474e-06
2.19736e-06
1.92605e-06
1.95125e-06
1.84913e-06
6.87769e-06
4.25278e-06
2.2157e-06
2.23453e-06
7.59601e-06
2.46379e-06
5.68628e-06
6.7872e-06
7.83138e-06
3.97474e-06
6.52542e-06
3.82605e-06
4.25727e-06
3.03084e-06
5.74903e-06
1.7254e-06
6.18422e-06
2.84664e-06
4.49299e-06
7.11303e-06
3.35587e-06
3.31871e-06
1.53662e-06
4.49654e-06
1.37944e-06
5.93465e-06
1.11709e-06
8.44077e-06
1.10416e-06
1.08199e-06
1.09584e-06
1.05103e-06
3.25747e-06
7.0418e-06
4.51267e-06
1.4051e-06
4.19182e-06
3.06913e-06
3.07951e-06
3.05572e-06
1.28101e-06
3.53648e-06
5.45836e-06
2.32992e-06
4.70196e-06
5.40131e-06
7.64938e-06
2.10064e-06
4.68016e-06
5.39704e-06
7.05113e-06
2.25961e-06
3.61256e-06
6.4753e-06
3.04363e-06
6.43757e-06
6.58609e-06
3.74707e-06
4.48784e-06
5.89545e-06
6.68579e-06
5.0945e-06
3.31507e-06
3.40888e-06
3.44134e-06
5.41106e-06
3.46234e-06
4.79892e-06
6.25273e-06
4.96859e-06
4.89995e-06
4.94814e-06
4.89191e-06
4.94239e-06
4.60773e-06
4.64351e-06
5.00639e-06
7.07192e-06
8.04384e-06
7.54578e-06
6.85411e-06
7.10285e-06
8.08908e-06
7.59383e-06
8.20142e-06
7.4741e-06
7.92573e-06
7.99866e-06
8.46339e-06
1.11823e-05
7.10263e-06
1.10582e-05
7.53809e-06
1.06359e-05
1.10782e-05
1.10601e-05
1.10411e-05
1.09533e-05
8.91149e-06
1.10159e-05
1.07165e-05
1.05758e-05
1.0794e-05
1.0753e-05
1.01195e-05
1.06673e-05
1.08658e-05
1.04787e-05
1.11525e-05
1.106e-05
1.10582e-05
1.10571e-05
1.02784e-05
9.33267e-06
1.04866e-05
4.91576e-06
5.04318e-06
1.00022e-05
)
;

boundaryField
{
    back
    {
        type            empty;
    }
    front
    {
        type            empty;
    }
    ingreso
    {
        type            zeroGradient;
    }
    salida
    {
        type            fixedValue;
        value           uniform 0;
    }
    defaultFaces
    {
        type            zeroGradient;
    }
}


// ************************************************************************* //
