/*--------------------------------*- C++ -*----------------------------------*\
  =========                 |
  \\      /  F ield         | OpenFOAM: The Open Source CFD Toolbox
   \\    /   O peration     | Website:  https://openfoam.org
    \\  /    A nd           | Version:  8
     \\/     M anipulation  |
\*---------------------------------------------------------------------------*/
FoamFile
{
    version     2.0;
    format      ascii;
    class       volVectorField;
    location    "4.6";
    object      U;
}
// * * * * * * * * * * * * * * * * * * * * * * * * * * * * * * * * * * * * * //

dimensions      [0 1 -1 0 0 0 0];

internalField   nonuniform List<vector> 
1642
(
(4.63466e-06 -5.43431e-06 1.13649e-26)
(0.00203814 0.00504398 1.04246e-20)
(0.00235327 0.00486358 6.00941e-21)
(0.00214081 0.00399628 3.30413e-20)
(0.000887401 1.49161e-05 1.50593e-21)
(0.000713173 0.000130998 3.84795e-20)
(0.00108824 0.000160563 9.38805e-21)
(0.00107399 0.000247814 -5.32089e-24)
(0.000684645 0.000473353 9.13704e-21)
(0.000841751 0.000248957 2.42879e-20)
(0.00272797 0.00312303 -1.81034e-20)
(0.00034197 0.000938125 -1.97224e-20)
(0.000778516 0.000397223 2.39368e-20)
(0.000877457 0.000201169 -1.62943e-20)
(0.000479949 0.000395112 0)
(0.000682997 0.000485392 0)
(2.18728e-05 0.000245935 -1.28402e-20)
(-4.1448e-07 0.00020841 2.12718e-20)
(1.5066e-05 1.93482e-05 6.07311e-25)
(2.73458e-05 1.1526e-05 4.39425e-21)
(0.000894897 0.000124312 -6.22755e-21)
(0.000985372 0.000255183 7.149e-21)
(0.000846301 0.000206729 0)
(0.00242404 6.36928e-05 -2.13211e-20)
(0.000340959 0.000237878 -3.55227e-20)
(2.78133e-05 0.000505423 -4.55687e-21)
(0.000816133 -0.000108999 1.39673e-20)
(0.000108291 0.000216059 0)
(0.0040444 0.00419751 5.73103e-22)
(0.00412458 0.00426802 2.1996e-22)
(0.0043005 0.00443995 -2.74316e-22)
(0.00103235 8.91625e-05 -1.08823e-20)
(0.000349781 0.00123534 0)
(4.08568e-05 -4.60361e-05 -4.64388e-21)
(0.000358721 0.000220172 1.08013e-20)
(0.000385009 0.000432187 -2.02414e-21)
(0.000904698 0.000370375 -3.53988e-20)
(0.000939247 2.74527e-05 3.3762e-22)
(0.000411439 0.000330896 -9.4629e-25)
(0.000906141 0.000244046 -1.0668e-20)
(0.000797155 0.000204098 0)
(1.89865e-05 4.52735e-05 -2.49983e-21)
(3.4416e-05 8.61781e-06 0)
(0.000676869 0.0048919 -2.21396e-20)
(-0.00138803 2.40971e-05 -2.07887e-21)
(0.000742376 3.86086e-05 -2.34331e-21)
(0.000852317 1.58054e-05 6.9737e-22)
(0.000485155 0.000111563 -4.86063e-21)
(0.000357906 0.00012151 -1.368e-20)
(0.000673123 0.000389211 -2.09456e-20)
(3.37199e-05 8.55236e-05 -5.14259e-21)
(0.000743412 0.000424461 -6.67998e-21)
(1.5896e-05 -6.25111e-06 3.64513e-21)
(0.000281868 0.00471014 0)
(0.00251606 0.00379018 -1.61621e-20)
(0.000562208 0.00048464 1.05361e-21)
(0.00108304 0.000191385 -4.74331e-21)
(0.000195918 1.1583e-05 -7.08481e-21)
(0.00122298 0.000424225 -2.84334e-20)
(0.000356088 -0.000343194 0)
(0.000263785 0.000143924 0)
(0.000930511 5.49843e-05 -1.33129e-21)
(9.0316e-05 -7.45375e-05 3.90564e-21)
(0.00142664 0.000180294 -1.99389e-20)
(7.38546e-05 0.000424067 1.63835e-20)
(5.58319e-05 9.71381e-06 1.21755e-21)
(0.000109992 0.000125108 0)
(4.91007e-05 1.77701e-05 -4.95539e-21)
(0.000431191 0.000531534 5.499e-21)
(6.03687e-06 6.21401e-05 -4.62494e-21)
(0.000317222 9.88699e-05 -1.3201e-20)
(7.66281e-05 0.000279397 -1.45536e-20)
(0.000247515 7.12098e-05 1.75027e-20)
(0.000864009 3.30397e-05 1.35972e-21)
(0.000475352 0.000624387 8.63619e-21)
(0.00130611 0.00156382 -2.24659e-21)
(0.00416235 0.00434488 9.87938e-25)
(0.00398361 0.00417389 0)
(0.0038946 0.00410012 -2.95471e-22)
(0.000427956 0.000180426 6.21012e-21)
(5.81595e-05 -1.76343e-07 2.49522e-21)
(3.4528e-05 2.05016e-05 1.72156e-20)
(0.00111428 0.000364704 -1.84087e-20)
(0.000950073 0.000464681 1.1434e-20)
(-0.00199738 0.000311091 0)
(0.000412291 0.000618296 -4.15075e-21)
(0.000409908 0.000538779 -1.58803e-20)
(9.64338e-06 -9.53343e-05 0)
(0.000555244 0.000592429 4.05307e-21)
(3.37027e-05 -3.26056e-05 -1.87363e-21)
(0.00105437 0.00012421 -7.45986e-21)
(0.000122236 0.000326259 3.0144e-20)
(0.000742584 0.000568479 -1.90215e-20)
(0.000451127 0.000459697 -8.22916e-21)
(0.000536819 0.000402283 -3.25077e-20)
(7.51227e-05 -0.000181683 -1.08771e-21)
(0.000794157 0.00015639 -2.63565e-20)
(0.000569965 0.000336956 2.79361e-20)
(0.000351942 0.000316924 1.64746e-20)
(0.000454172 0.000534034 -1.09524e-20)
(0.00040887 0.00060545 2.03885e-20)
(0.000511562 0.000780839 0)
(2.54349e-05 -0.000200863 9.12125e-21)
(0.00455257 0.00451023 -1.382e-22)
(0.00436475 0.00433039 1.96077e-20)
(0.00427831 0.00424551 5.28725e-21)
(0.00422338 0.00396871 2.12532e-20)
(0.00414927 0.00389688 2.22725e-22)
(0.00440922 0.00412293 4.00446e-21)
(0.00423933 0.00394545 -1.27434e-22)
(0.00422294 0.0039665 6.62552e-21)
(0.00416198 0.00386897 -8.09628e-21)
(0.00440529 0.00413953 0)
(0.00442256 0.00411303 6.87273e-21)
(0.00424625 0.00394587 1.92442e-21)
(0.00424511 0.00394543 4.11022e-21)
(0.00442162 0.00411214 -1.31649e-21)
(0.00415547 0.00389856 0)
(0.00422978 0.00346384 0)
(0.00405875 0.00357247 9.24173e-21)
(0.00416267 0.00387343 -1.15455e-21)
(0.00390606 0.00290024 -2.60528e-20)
(0.0044072 0.00350899 0)
(0.000400665 0.000633384 4.028e-21)
(0.000505362 0.000595705 0)
(0.000315841 -8.66879e-05 2.62234e-21)
(0.00094913 0.000241719 1.51566e-20)
(7.98768e-06 -6.20025e-05 0)
(0.00055155 0.000279421 5.14651e-21)
(0.000600666 0.0003256 -1.51622e-20)
(0.000415047 2.46911e-05 0)
(0.000215302 -0.000106452 -2.5596e-21)
(2.29802e-05 -4.24048e-05 -1.09822e-21)
(0.000789017 0.0001434 9.44122e-21)
(5.73563e-05 -1.02997e-05 -7.52176e-26)
(3.27642e-05 -5.77195e-05 1.1506e-21)
(0.000613626 0.000278966 -2.83601e-21)
(0.000319756 -4.02051e-06 2.82002e-21)
(0.000608556 0.000225013 0)
(0.000672545 0.000324339 0)
(2.81765e-05 0.000386608 8.77196e-21)
(5.83585e-05 2.00167e-05 -1.6546e-21)
(9.6829e-05 7.54575e-05 0)
(0.000328245 6.01807e-05 1.19409e-20)
(0.000582722 0.00045468 4.12336e-20)
(6.5501e-05 0.000219118 1.54539e-20)
(0.000789857 0.000113974 0)
(4.87534e-05 0.000130666 2.12994e-20)
(0.000791969 0.00016441 -2.69495e-21)
(0.000699003 0.000185039 4.45565e-20)
(0.000280639 0.000187604 1.78961e-20)
(0.000846766 4.6222e-05 4.05032e-21)
(6.60833e-05 -1.57324e-05 -2.34014e-21)
(0.000317264 0.000236229 0)
(0.00106767 -0.000102655 1.28735e-20)
(0.000819288 0.000155371 0)
(0.000864883 0.000133375 -2.21289e-21)
(4.60233e-06 2.25393e-05 -1.47171e-20)
(6.63863e-06 -4.52518e-05 -6.98198e-23)
(-1.41726e-05 0.000295824 0)
(8.85549e-05 7.39857e-05 4.03415e-20)
(6.59741e-05 5.06074e-05 -4.29109e-21)
(0.000139227 -4.36583e-05 1.16398e-21)
(0.000887615 0.000266167 0)
(5.50641e-06 -3.00615e-05 0)
(0.000845467 6.54719e-05 0)
(0.000869047 8.62281e-05 0)
(5.28972e-05 -1.94308e-05 -2.58832e-21)
(0.000871247 5.83362e-06 -5.87654e-21)
(2.1095e-05 -0.000191424 -2.16097e-21)
(-1.6454e-05 0.000302693 -2.17419e-20)
(-2.83654e-06 0.000175166 -1.87924e-20)
(5.2071e-06 4.8259e-05 4.55642e-21)
(1.94101e-06 0.000147223 1.9089e-20)
(0.000670915 -1.4622e-05 -6.89675e-21)
(2.17708e-05 -0.000111357 2.0632e-21)
(0.000788105 0.000234296 1.09427e-20)
(0.000355511 0.000143952 1.60668e-20)
(0.000604639 0.000225449 0)
(0.000542977 0.000480947 -4.15763e-21)
(0.000965286 0.000378355 9.55652e-21)
(3.97497e-05 2.02866e-05 1.54e-20)
(0.000769805 0.000775298 4.14135e-21)
(3.89604e-06 3.25176e-05 7.36974e-21)
(4.25921e-06 0.000121715 0)
(0.00054565 0.000310791 1.13392e-20)
(0.000620136 8.88176e-05 1.00695e-21)
(4.96942e-05 -9.63222e-06 -1.02276e-20)
(0.000197405 -0.0001875 1.39447e-21)
(0.000918979 0.000334707 1.55618e-24)
(0.000474593 0.000486174 7.81683e-26)
(0.000372522 0.000125999 -1.30665e-20)
(4.89262e-05 3.15431e-05 1.96013e-21)
(0.000301643 0.000277695 -8.61587e-21)
(0.000189426 -8.14075e-05 -2.45854e-21)
(0.000718754 -3.59934e-05 1.11243e-24)
(0.000397965 0.000621742 -9.72304e-22)
(5.05112e-05 -2.25429e-06 8.12249e-21)
(0.000297406 0.000430511 -2.0457e-20)
(0.000600028 0.000211334 3.483e-20)
(6.36598e-05 1.0528e-05 -4.64999e-21)
(8.0517e-05 6.75678e-07 -2.91436e-22)
(0.000523762 0.000669085 -4.23419e-21)
(0.00062981 0.000435256 1.26663e-20)
(0.00102654 0.000134622 0)
(4.19453e-05 8.19816e-06 1.28774e-20)
(0.000398081 0.000220867 -9.69851e-21)
(0.00441489 0.00413513 -1.96633e-20)
(0.00416904 0.00389328 -8.64195e-21)
(0.00424542 0.00396902 -7.99541e-21)
(0.00441406 0.0041401 -1.20164e-20)
(0.00441021 0.00414176 0)
(0.00262956 0.00267084 4.80872e-21)
(0.00262889 0.00266963 -2.52596e-23)
(0.00416548 0.0038924 -8.75152e-21)
(0.00441492 0.00413669 6.80659e-21)
(0.00423759 0.00396705 -1.00081e-20)
(0.00441563 0.00413666 -6.71788e-21)
(0.0042435 0.00396825 8.19635e-21)
(0.00261832 0.00266166 0)
(0.00441428 0.00414236 0)
(0.0026249 0.00265553 -3.86663e-21)
(0.00441124 0.00413901 -6.088e-21)
(0.00417123 0.00388152 -5.35902e-21)
(0.0044154 0.00414194 -1.58776e-20)
(0.00417211 0.00388537 0)
(0.00248761 0.00253773 -3.95189e-21)
(0.00454332 0.0041074 -3.3215e-20)
(0.00263372 0.00264753 1.74718e-20)
(0.00251775 0.00256787 -7.5732e-21)
(0.00262956 0.00267006 -1.38888e-20)
(0.00252109 0.00256482 -1.01712e-20)
(0.00262812 0.00266923 1.13378e-20)
(0.00263312 0.00265363 -1.21995e-20)
(0.00263268 0.00267169 -1.15986e-22)
(0.00261794 0.00266005 9.09812e-21)
(0.00251438 0.00256123 1.44727e-20)
(0.00262242 0.00266451 2.37938e-20)
(0.00441077 0.00414117 -7.50368e-21)
(0.0042479 0.00395882 -3.628e-21)
(0.00469862 0.00411768 2.51918e-20)
(0.0042399 0.00396722 -1.3693e-22)
(0.00441425 0.00414204 7.01411e-21)
(0.00522608 0.0043173 -1.73328e-20)
(0.00442668 0.00413834 3.61178e-21)
(0.00424326 0.00395534 1.28925e-21)
(0.00263024 0.00266854 7.28637e-21)
(0.00277853 0.00277735 -1.69834e-20)
(0.0041663 0.00389313 0)
(0.00442072 0.00412022 -1.24017e-21)
(0.00261891 0.00267713 2.59614e-21)
(0.00441217 0.00413562 -1.24542e-20)
(0.0042328 0.00388066 0)
(0.0045089 0.00399135 8.21503e-21)
(0.00442512 0.00412118 1.94617e-21)
(0.00424787 0.00395671 2.04027e-21)
(0.00417119 0.00388349 -2.3312e-21)
(0.00430875 0.00411558 1.83302e-20)
(0.00415774 0.00389684 1.11266e-20)
(0.00424786 0.00395565 -2.01335e-21)
(0.00415686 0.00390032 0)
(0.00425667 0.00405136 0)
(0.00426027 0.00406835 -1.53501e-20)
(0.00252229 0.00257824 2.69733e-21)
(0.00261593 0.00264511 -1.67632e-20)
(0.0042535 0.00403513 7.48034e-21)
(0.00417048 0.00388319 0)
(0.00423805 0.00397514 -1.19514e-20)
(0.0031993 0.00308864 -1.86856e-22)
(0.00423978 0.00398029 6.96474e-21)
(0.00262556 0.00266481 -7.54312e-21)
(0.00442506 0.00412289 -1.97218e-21)
(0.00249227 0.00255083 4.73069e-21)
(0.00415707 0.00390028 7.40523e-21)
(0.00442096 0.00412538 8.0157e-21)
(0.00452947 0.00413884 0)
(0.00254178 0.00256726 -2.84555e-20)
(0.00423847 0.00397373 1.31225e-20)
(0.00441279 0.00413614 6.40831e-21)
(0.00252394 0.00256042 1.44607e-22)
(0.00263482 0.00267007 -7.3279e-21)
(0.00250996 0.00256724 2.33906e-21)
(0.00261995 0.00265737 -6.38416e-21)
(0.00346349 0.00333684 -1.82833e-20)
(0.00441324 0.0041224 -2.08433e-21)
(0.00424818 0.00396208 0)
(0.0025291 0.00257038 5.21181e-21)
(0.0041566 0.00389743 0)
(0.00252895 0.00257679 -2.68181e-21)
(0.00248767 0.00252781 1.76296e-20)
(0.00442536 0.00412626 0)
(0.00417131 0.00388475 7.04781e-21)
(0.00415791 0.00389739 6.77318e-21)
(0.00442931 0.0041334 6.69804e-21)
(0.00260695 0.00266847 2.2641e-21)
(0.00253343 0.00257272 0)
(0.00260914 0.00266529 5.06214e-21)
(0.00289429 0.00283083 1.9299e-20)
(0.00293084 0.00288466 0)
(0.00423722 0.00397348 1.24218e-20)
(0.00417108 0.00388306 3.87099e-21)
(0.00260195 0.00266829 -1.54103e-21)
(0.0042468 0.00395603 -3.52925e-21)
(0.00249448 0.00254732 5.78008e-21)
(0.00250507 0.00256833 -4.65636e-21)
(0.00415811 0.00389334 -1.09519e-20)
(0.00247329 0.00241535 0)
(0.00247325 0.00253069 -1.40483e-20)
(0.00261755 0.00267803 1.52343e-21)
(0.00442421 0.00412203 -3.40574e-21)
(0.00251949 0.00257828 1.58079e-21)
(0.00252139 0.00257592 0)
(0.00261626 0.00265807 7.75421e-21)
(0.00351038 0.00337077 0)
(0.00253328 0.00256459 -2.03311e-20)
(0.00262713 0.00267996 -2.59998e-21)
(0.00248168 0.0025323 1.53306e-25)
(0.00247977 0.00253899 -7.74791e-21)
(0.00416948 0.00388876 -8.08205e-21)
(0.00439723 0.00412349 -1.56059e-21)
(0.00315279 0.00342619 -9.70543e-21)
(0.00262457 0.00264119 -4.37738e-21)
(0.00249552 0.00255082 0)
(0.00249295 0.00251228 1.57887e-20)
(0.00519842 0.0043643 -1.77434e-20)
(0.00428634 0.00481616 9.38062e-21)
(0.00252095 0.00256467 0)
(0.00437319 0.00394276 7.90832e-21)
(0.0025713 0.002507 4.00545e-22)
(0.00415704 0.00389387 0)
(0.0026251 0.00266678 -1.42297e-20)
(0.00249889 0.00253312 -3.01607e-20)
(0.0041631 0.00388216 -1.54878e-21)
(0.00424573 0.00396091 6.99255e-21)
(0.00441576 0.00413902 5.26041e-21)
(0.0044247 0.00412672 4.88531e-21)
(0.00249122 0.00254865 -1.68464e-21)
(0.00248992 0.00254522 2.91122e-21)
(0.00247969 0.00251375 0)
(0.00248809 0.00254442 3.65271e-21)
(0.00417096 0.00388397 0)
(0.00423723 0.00397021 -5.48491e-24)
(0.00430753 0.00389218 0)
(0.00252946 0.00254466 1.47528e-20)
(0.00442344 0.0041255 6.76831e-21)
(0.00259037 0.00260032 0)
(0.00345997 0.00341977 9.77558e-21)
(0.00369998 0.00354593 -2.7744e-20)
(0.00262977 0.00267817 0)
(0.0026279 0.00268372 0)
(0.00253356 0.00256511 -6.63276e-21)
(0.00249593 0.00253238 -8.10231e-21)
(0.0041672 0.00388339 3.56749e-21)
(0.00433089 0.00430479 0)
(0.00424723 0.00396251 5.04413e-21)
(0.00437775 0.00411248 5.75469e-22)
(0.00253017 0.00258155 0)
(0.00420132 0.00394548 -2.09912e-21)
(0.00373535 0.00359809 4.96199e-23)
(0.00424627 0.00395901 6.3584e-21)
(0.0024986 0.00252569 -4.73053e-21)
(0.00253527 0.00256438 8.71614e-21)
(0.00441052 0.00413884 8.19409e-21)
(0.00423899 0.00397024 1.43458e-22)
(0.0042375 0.00397028 -4.24294e-21)
(0.00251315 0.00257062 3.41213e-21)
(0.00415571 0.00389571 4.85645e-21)
(0.00262673 0.0026623 1.31182e-20)
(0.00415575 0.00389582 -9.27162e-21)
(0.00433465 0.00514945 0)
(0.00243691 0.00238039 -7.60081e-22)
(0.00248894 0.00252474 -6.16861e-21)
(0.00423712 0.00397315 -6.17473e-21)
(0.0042464 0.00396481 8.81347e-21)
(0.00251831 0.00255265 0)
(0.00548731 0.00487719 -1.76356e-20)
(0.00415723 0.00389222 -1.22624e-20)
(0.00261856 0.0026596 1.53988e-20)
(0.00249162 0.00252759 -7.91234e-21)
(0.00424222 0.00398498 1.42157e-20)
(0.00248677 0.00252423 0)
(0.00248993 0.00252832 1.33512e-20)
(0.00249116 0.00254679 1.05949e-20)
(0.00252196 0.00254782 0)
(0.00424588 0.00396238 6.29765e-21)
(0.00442566 0.00412943 -1.12252e-20)
(0.00441343 0.00413457 -4.73594e-21)
(0.00442024 0.00412491 1.27069e-21)
(0.00441467 0.00413848 1.02304e-20)
(0.00440613 0.00414074 -1.30873e-20)
(0.00262643 0.00266382 0)
(0.00252921 0.002556 -1.81459e-20)
(0.00248576 0.00250946 4.79649e-21)
(0.00424355 0.00395876 -1.31942e-21)
(0.00256865 0.00262128 -2.39133e-20)
(0.00249838 0.00255659 1.63367e-21)
(0.00279856 0.00275027 -9.49286e-21)
(0.00261811 0.00266218 -7.18206e-21)
(0.0042383 0.00397423 5.46248e-21)
(0.00442717 0.00413087 2.934e-21)
(0.00248688 0.00252625 -8.37606e-21)
(0.00415626 0.00389725 0)
(0.00415836 0.00389766 4.0802e-20)
(0.00416312 0.00388248 2.69352e-21)
(0.00261476 0.00267096 -1.78399e-21)
(0.002478 0.00253833 -2.33721e-21)
(0.00248431 0.00254053 2.31598e-21)
(0.00262731 0.00266835 2.75893e-20)
(0.00415671 0.0039001 1.4944e-20)
(0.00262944 0.00268316 5.65749e-21)
(0.00252622 0.00256658 5.98974e-21)
(0.00262163 0.00266295 -2.73659e-20)
(0.00249873 0.00253174 7.69915e-21)
(0.00416998 0.0038864 2.86612e-21)
(0.00249405 0.00252963 2.54552e-20)
(0.00415951 0.00389523 -1.70678e-20)
(0.00259961 0.00263514 -7.44909e-21)
(0.00260896 0.00266662 0)
(0.00250925 0.00253887 2.61618e-20)
(0.00423859 0.00396698 -5.29077e-21)
(0.00251209 0.0025655 0)
(0.00248472 0.00252692 -5.61242e-21)
(0.00251806 0.00257621 4.41035e-24)
(0.0041566 0.00388142 0)
(0.00417094 0.00388345 -2.46463e-21)
(0.00259876 0.00265822 3.93e-21)
(0.00441224 0.00414194 5.83649e-21)
(0.00417187 0.00388239 -4.6166e-21)
(0.0042377 0.00397262 6.09405e-21)
(0.00247838 0.00253464 -7.75642e-21)
(0.0041577 0.00389788 -1.41599e-20)
(0.00425147 0.00401538 -2.89932e-20)
(0.00424519 0.0039993 1.4443e-20)
(0.00251591 0.00256675 3.03199e-21)
(0.00261704 0.00266997 0)
(0.00415831 0.00389472 -2.57659e-20)
(0.00279019 0.00273803 0)
(0.0024818 0.00252192 6.24216e-21)
(0.00446024 0.00411556 8.1115e-21)
(0.00248112 0.00252441 4.34582e-21)
(0.00252527 0.00256656 6.22534e-21)
(0.00294202 0.00289421 8.54247e-21)
(0.00262094 0.00266438 1.17292e-22)
(0.00247956 0.00253707 -7.28741e-21)
(0.00248211 0.00253693 -5.10101e-21)
(0.0025263 0.00257764 -6.40094e-21)
(0.00442446 0.00412335 -2.26903e-21)
(0.00251445 0.00257193 3.62406e-21)
(0.00262725 0.00258909 -7.57586e-21)
(0.00424729 0.00395848 -2.34483e-21)
(0.00441493 0.00414287 -1.10596e-20)
(0.00448286 0.00402586 0)
(0.00423926 0.00397538 1.32609e-20)
(0.00249236 0.00252876 1.29429e-20)
(0.00262327 0.00266023 3.13355e-20)
(0.00261849 0.0026592 -3.08189e-20)
(0.00412113 0.00387324 -2.92994e-21)
(0.00253 0.0025797 -8.82542e-21)
(0.00426537 0.00408414 7.38448e-21)
(0.00417035 0.0038871 0)
(0.00252815 0.00256994 1.66012e-20)
(0.00259203 0.00264983 -5.6553e-22)
(0.00415749 0.00389765 0)
(0.00249378 0.00252854 1.81328e-25)
(0.00440702 0.00413533 -2.32349e-20)
(0.00474478 0.00403897 -8.7343e-21)
(0.0051996 0.00460873 8.83509e-21)
(0.00441096 0.00413736 0)
(0.00415772 0.00389894 7.53387e-21)
(0.00253451 0.00257286 5.87587e-21)
(0.00489035 0.0047735 0)
(0.0026191 0.00261836 0)
(0.00294226 0.00287124 -2.94764e-20)
(0.00249881 0.00253205 0)
(0.00439792 0.00394146 0)
(0.00249494 0.00252975 0)
(0.00249632 0.00253032 0)
(0.00247307 0.00253085 -1.57151e-21)
(0.00247234 0.00252999 1.72583e-21)
(0.00262716 0.002654 1.60179e-20)
(0.00263135 0.00267078 2.11746e-20)
(0.00441361 0.00413614 -6.37178e-21)
(0.00248928 0.00254892 1.97824e-21)
(0.0043621 0.00410573 -1.5202e-22)
(0.00252264 0.00256381 7.98058e-21)
(0.00442253 0.00414004 3.73821e-21)
(0.00245266 0.00251999 -1.22478e-20)
(0.00424584 0.00395616 3.33918e-21)
(0.004162 0.00389428 0)
(0.00546271 0.00456546 -8.75694e-21)
(0.00247742 0.00252927 0)
(0.0025312 0.00256232 6.9821e-21)
(0.00254646 0.00256434 -7.38046e-21)
(0.0026155 0.00266679 0)
(0.00260629 0.00256878 -1.46112e-22)
(0.00248873 0.00252845 5.71312e-21)
(0.00256578 0.00255404 7.57455e-21)
(0.00253187 0.0025547 -9.26561e-21)
(0.00261745 0.00265877 1.23388e-20)
(0.00256446 0.00299828 4.18494e-20)
(0.00418557 0.00394049 -4.53293e-23)
(0.00441421 0.00414074 -7.07251e-21)
(0.00259026 0.00256192 -2.31767e-20)
(0.002518 0.00257242 8.67616e-22)
(0.00346339 0.00350778 -9.9807e-21)
(0.00248245 0.0025008 1.65346e-20)
(0.00440758 0.00413245 7.7095e-21)
(0.00251205 0.00256284 8.46341e-21)
(0.00261006 0.00266624 8.20654e-21)
(0.00261868 0.00263595 5.04384e-21)
(0.00267376 0.00270018 -8.523e-21)
(0.00253 0.00256975 0)
(0.00252954 0.00256755 1.28109e-20)
(0.00251369 0.00257036 3.91636e-21)
(0.00249358 0.00251571 2.59156e-20)
(0.00262857 0.00267955 0)
(0.00249572 0.00251667 -1.49279e-20)
(0.00424155 0.00397018 0)
(0.00258288 0.00265911 -4.63697e-21)
(0.00301497 0.00288121 9.01334e-21)
(0.00424782 0.00396049 0)
(0.0025193 0.0025677 -2.21965e-24)
(0.00261685 0.00267001 -2.48821e-24)
(0.00267424 0.00265828 0)
(0.00330987 0.00314223 -8.89967e-21)
(0.00449802 0.00423862 -1.92171e-20)
(0.0025217 0.00256291 -9.36472e-24)
(0.00246203 0.00253021 0)
(0.0041581 0.00389956 7.09855e-21)
(0.00442328 0.00412205 -3.21986e-21)
(0.00248988 0.0025254 1.19055e-21)
(0.00262419 0.00266383 -7.3011e-21)
(0.00249222 0.00252891 0)
(0.00249076 0.00252888 -1.36124e-20)
(0.00276257 0.00281415 1.94911e-20)
(0.00423565 0.00395682 -3.18076e-21)
(0.00249728 0.00253236 -1.38425e-20)
(0.00261147 0.00265733 0)
(0.00422641 0.0039591 -8.57242e-22)
(0.00261581 0.0026566 -2.40157e-20)
(0.00424699 0.00395739 -3.40745e-21)
(0.00250459 0.00256132 -8.84509e-21)
(0.00415636 0.00390041 0)
(0.00247201 0.00252756 -5.3703e-21)
(0.00262122 0.00266285 1.27768e-22)
(0.00262611 0.00263906 4.59895e-21)
(0.00261566 0.00267573 3.41796e-21)
(0.00200259 0.00192513 0)
(0.0024948 0.00253152 4.40428e-21)
(0.00256218 0.00256278 -1.49397e-20)
(0.00440871 0.00413903 3.07105e-20)
(0.00261102 0.00267015 3.78387e-21)
(0.00410627 0.00386633 7.2328e-22)
(0.00416883 0.00388507 -7.06589e-21)
(0.0051261 0.00512293 8.85116e-21)
(0.00263801 0.0026728 -8.0656e-21)
(0.00251883 0.00252953 -5.26002e-21)
(0.00442604 0.00412763 8.45046e-21)
(0.00260824 0.00262859 5.26553e-21)
(0.00422166 0.00395657 7.69098e-22)
(0.00258523 0.00265676 -2.86115e-23)
(0.00255787 0.00260437 -2.2709e-20)
(0.00251075 0.00256113 0)
(0.00441278 0.00414282 0)
(0.00415153 0.00389615 1.46926e-20)
(0.00262025 0.00268009 2.05729e-21)
(0.00416778 0.00388159 1.57575e-21)
(0.00251384 0.00256906 5.26774e-21)
(0.00258695 0.00266162 0)
(0.00251309 0.00255976 -1.00148e-20)
(0.00415775 0.00389601 0)
(0.002612 0.00262786 -9.80041e-21)
(0.00418866 0.00388745 -1.74721e-20)
(0.00251442 0.0025364 5.60969e-21)
(0.00247799 0.00252684 -5.15886e-21)
(0.00248576 0.00256035 -4.78908e-21)
(0.00499123 0.00415829 1.78866e-20)
(0.00415686 0.00389878 -1.52974e-20)
(0.00442803 0.00413119 0)
(0.00429818 0.00407318 1.29975e-20)
(0.00261885 0.00263202 -5.89071e-25)
(0.00251147 0.00255969 -4.83877e-21)
(0.00248335 0.002504 5.13156e-21)
(0.00442711 0.00413612 0)
(0.00423723 0.00397522 0)
(0.00423943 0.00396913 -5.53427e-21)
(0.00261812 0.00263798 1.05121e-20)
(0.00248116 0.00252766 -1.06669e-20)
(0.00262445 0.00266685 0)
(0.00423849 0.00397918 2.68067e-20)
(0.00248242 0.00252863 1.54371e-20)
(0.00261161 0.00265589 0)
(0.00493447 0.00418053 0)
(0.00247037 0.00253056 -9.10462e-21)
(0.00442413 0.00412031 -3.01063e-21)
(0.00251924 0.00253999 4.80279e-21)
(0.00261801 0.00263724 0)
(0.00246788 0.00252416 -2.07021e-21)
(0.00249242 0.0025654 5.95015e-21)
(0.00252275 0.00257934 2.12683e-21)
(0.00424676 0.00395452 3.05694e-21)
(0.00415612 0.00389563 1.19265e-20)
(0.00250376 0.00256341 -8.53433e-21)
(0.0025826 0.00265356 -1.41489e-22)
(0.00441949 0.00413892 3.87729e-21)
(0.0025198 0.00254045 0)
(0.00247179 0.00252894 0)
(0.00441476 0.00413722 0)
(0.00134631 0.00139909 0)
(0.0044041 0.00412415 0)
(0.00249128 0.00254311 -3.18005e-21)
(0.00251421 0.0025391 1.1949e-20)
(0.00263282 0.00265573 -8.14788e-21)
(0.00417157 0.00388319 4.12533e-21)
(0.00248844 0.00250937 2.40327e-20)
(0.00245544 0.00251815 -3.4816e-21)
(0.00258728 0.00267221 0)
(0.00424892 0.00396341 -2.85912e-21)
(0.00250826 0.00253317 0)
(0.00244976 0.00252353 1.22668e-22)
(0.00253091 0.00256731 -8.09563e-21)
(0.00245652 0.00251998 9.50255e-21)
(0.00259004 0.00266399 3.88053e-21)
(0.00263272 0.00262274 -1.67336e-20)
(0.00258581 0.0026536 -2.88855e-23)
(0.00248769 0.00250841 -1.61023e-20)
(0.00262768 0.00254163 8.48337e-21)
(0.00246267 0.00252865 0)
(0.00248256 0.00250235 0)
(0.00248888 0.00257262 0)
(0.0010473 0.00177576 2.58851e-20)
(0.00261048 0.00263076 -8.25928e-24)
(0.00248856 0.00256012 5.17451e-21)
(0.00261341 0.00263204 -2.27845e-20)
(0.00249207 0.00255543 -2.88242e-23)
(0.00247661 0.0024978 -2.83068e-20)
(0.00253935 0.00251292 0)
(0.00424826 0.00396503 7.57056e-21)
(0.00244924 0.00252213 0)
(0.00247467 0.0024978 -1.48057e-20)
(0.00258828 0.00264772 0)
(0.00249521 0.00255486 9.39007e-21)
(0.00258538 0.00265039 3.16038e-21)
(0.00249374 0.00255532 6.50381e-21)
(0.00258656 0.00271979 7.20334e-22)
(0.00248735 0.00262009 -6.05368e-22)
(0.00261378 0.00263632 -7.15513e-21)
(0.00252685 0.00252287 -7.02255e-21)
(0.00260633 0.00284006 9.887e-22)
(0.00260929 0.00263104 -1.40707e-20)
(0.00258515 0.00265923 5.01411e-21)
(0.00250677 0.00253175 5.84939e-21)
(0.00248947 0.00256297 0)
(0.00249139 0.00255206 5.80833e-21)
(0.00258262 0.00265618 -2.73265e-21)
(0.0024875 0.00255622 -2.81827e-21)
(0.00252994 0.00250796 -7.28702e-21)
(0.00247482 0.00249809 -1.54156e-20)
(0.00261844 0.00263845 -2.20271e-20)
(0.00253456 0.00253282 -7.44635e-21)
(0.00262276 0.00281131 5.23755e-21)
(0.00261669 0.00263392 -6.2439e-21)
(0.00248475 0.00250207 1.25901e-20)
(0.00251265 0.00253111 -1.3027e-20)
(0.00248768 0.00256231 0)
(0.00246925 0.00257682 -2.5248e-20)
(0.00415192 0.00388128 0)
(0.00259121 0.00265197 -7.12659e-21)
(0.00255417 0.00234218 -2.5985e-20)
(0.00259044 0.00265288 -3.84304e-21)
(0.00248336 0.00250581 1.48892e-20)
(0.00189316 0.0021022 3.11858e-20)
(0.00245631 0.00252346 1.1019e-20)
(0.00258487 0.00266072 0)
(0.00258963 0.00264965 -6.59961e-21)
(0.00258552 0.00256099 7.53124e-21)
(0.0026257 0.00264486 2.43306e-20)
(0.00248245 0.00250456 -1.42734e-20)
(0.0024906 0.00249622 0)
(0.00250601 0.00273756 1.67443e-21)
(0.0026137 0.00263532 2.41491e-20)
(0.00261977 0.00263982 0)
(0.0026204 0.0026424 -8.29542e-24)
(0.00247232 0.00237611 -6.40585e-24)
(0.00245464 0.00250849 9.3467e-24)
(0.00260675 0.00262919 -7.41704e-21)
(0.00261099 0.00263283 -8.13246e-24)
(0.00248774 0.00253091 1.64766e-20)
(0.00250066 0.00246824 -1.79951e-20)
(0.00248213 0.00250816 -8.72522e-21)
(0.00247518 0.00253302 -8.75065e-21)
(0.00261475 0.00271277 2.00828e-23)
(0.00247737 0.00249907 -1.60333e-20)
(0.00245212 0.00252385 -4.62653e-21)
(0.00260451 0.00270319 -7.87003e-21)
(0.00417239 0.00388406 -2.97463e-21)
(0.00264173 0.00278911 -2.56698e-20)
(0.00259144 0.00269361 -8.11214e-22)
(0.00249321 0.00259384 -1.00853e-22)
(0.00248445 0.00250649 0)
(0.00248032 0.00250233 0)
(0.00245376 0.00252558 -2.08101e-21)
(0.00245843 0.00252225 -1.53931e-22)
(0.00245167 0.00252374 -2.5429e-21)
(0.00245363 0.00252229 -5.69956e-21)
(0.00245023 0.0025218 5.72643e-21)
(0.00413802 0.00387998 2.56878e-21)
(0.00248988 0.00251327 -1.67324e-20)
(3.05668e-05 2.2836e-05 -1.05675e-20)
(4.52957e-05 -1.64477e-05 5.21897e-21)
(9.27469e-05 0.000120865 1.46403e-21)
(0.000185104 -3.58013e-05 2.28328e-21)
(0.000996883 8.74762e-05 0)
(6.92174e-05 7.26995e-05 -9.43811e-22)
(0.000623224 0.000366525 3.92396e-20)
(5.88198e-05 0.000146358 0)
(0.000215009 -4.41844e-05 0)
(8.02684e-05 -1.75391e-05 -1.53253e-22)
(0.000620084 0.00010382 -1.50456e-20)
(0.00427874 0.00424559 -1.05384e-20)
(0.00427586 0.00424552 4.99398e-21)
(0.00455356 0.00451157 7.05857e-23)
(0.00423555 0.00395403 1.31192e-20)
(0.00415717 0.00387814 1.38261e-20)
(0.0043583 0.00432895 0)
(0.00455309 0.00451156 -4.76115e-21)
(0.00427056 0.00424468 -9.04002e-21)
(0.00435469 0.00432752 0)
(0.00436406 0.00432683 0)
(0.00414998 0.00390014 -1.20691e-20)
(0.00436751 0.00432685 -1.08911e-20)
(0.00415051 0.00390012 6.47889e-21)
(0.00427081 0.00424734 4.59429e-21)
(0.00454806 0.00450742 0)
(0.00436481 0.00433112 6.11449e-21)
(0.00428318 0.00424539 1.9606e-20)
(0.00436267 0.00432888 1.17351e-20)
(0.00454967 0.00450978 0)
(0.00455248 0.0045119 0)
(0.00436863 0.0043324 -1.85909e-20)
(0.00454654 0.00450767 5.52658e-21)
(0.00426348 0.00425891 0)
(0.00425998 0.00426304 0)
(0.00453311 0.00452469 0)
(0.004533 0.00452683 -6.61605e-21)
(0.00434888 0.00434515 0)
(0.00426444 0.00425898 -3.28924e-21)
(0.00434981 0.0043417 -6.25171e-21)
(0.00454158 0.00451759 3.83691e-21)
(0.00454659 0.00450742 -5.5607e-21)
(0.00453492 0.00452276 1.45029e-20)
(0.00426015 0.00426117 0)
(0.00453288 0.00452583 -7.00121e-21)
(0.00453334 0.00452638 0)
(0.00454997 0.00451021 -8.87371e-21)
(0.00426194 0.00426071 3.33891e-21)
(0.00434933 0.00433992 -8.81239e-21)
(0.00440372 0.0041422 0)
(0.00428218 0.00424576 -1.36514e-20)
(0.00438159 0.00432271 -6.86931e-21)
(0.00453043 0.00452592 -1.12204e-20)
(0.00428227 0.00424519 -1.39017e-20)
(0.00453182 0.00452453 0)
(0.00428196 0.00424554 0)
(0.00454784 0.00451169 1.15666e-20)
(0.00440331 0.00413663 1.33714e-20)
(0.00434877 0.00434021 2.87833e-21)
(0.00440236 0.00414156 -6.13918e-21)
(0.00434859 0.00434061 5.17471e-21)
(0.00453159 0.00452627 5.02301e-21)
(0.00428153 0.00424551 -7.50136e-21)
(0.00428063 0.00424575 7.79895e-21)
(0.00425815 0.00426106 5.59073e-21)
(0.00434886 0.00434076 -5.43785e-21)
(0.00453061 0.00452629 -5.2859e-21)
(0.00427965 0.00424399 0)
(0.00428122 0.00424598 7.43189e-21)
(0.00425965 0.00426015 -5.87643e-21)
(0.00453131 0.0045271 -4.59816e-21)
(0.00438882 0.00431748 -1.43379e-20)
(0.00434691 0.00434176 -4.76981e-21)
(0.00442939 0.00426918 0)
(0.00440427 0.00430673 -7.24346e-21)
(0.00425969 0.00426267 -6.45936e-21)
(0.00455018 0.00450938 -1.35775e-20)
(0.0042803 0.00424497 -2.35391e-20)
(0.0044223 0.00428991 1.46469e-20)
(0.00427734 0.00424425 -8.19293e-21)
(0.00425942 0.0042603 9.64903e-21)
(0.00434372 0.00434464 0)
(0.00452929 0.00452949 0)
(0.00427413 0.00424404 1.65592e-20)
(0.00441037 0.00425157 0)
(0.00452935 0.00453049 2.02957e-21)
(0.00434385 0.00434561 2.09986e-21)
(0.00425964 0.00426267 3.99825e-21)
(0.00454988 0.00451495 0)
(0.00436146 0.00415938 -1.43228e-20)
(0.00427585 0.00423756 0)
(0.00437497 0.00423276 1.5655e-20)
(0.00455054 0.00451438 -6.98151e-21)
(0.00425874 0.00426139 4.44052e-21)
(0.00455029 0.004512 0)
(0.00435789 0.00419918 7.84966e-21)
(0.00454957 0.00450414 1.58402e-20)
(0.00455056 0.00451508 7.32145e-21)
(0.00425168 0.00383178 1.80588e-20)
(0.00411852 0.00380704 9.12367e-21)
(0.00427289 0.0042435 -8.37219e-21)
(0.0042595 0.00426024 -7.69373e-21)
(0.00420304 0.00365928 8.53922e-21)
(0.00457457 0.00448095 0)
(0.00434146 0.00435674 2.00834e-21)
(0.00409319 0.00370136 -1.86834e-20)
(0.00452589 0.00453989 1.91798e-21)
(0.00431659 0.00436219 2.19753e-21)
(0.00433056 0.00436136 9.45553e-22)
(0.00451545 0.0045457 -8.88654e-22)
(0.00442666 0.00376426 1.74144e-20)
(0.00450091 0.00454599 0)
(0.00446882 0.00454892 1.10414e-21)
(0.00454918 0.00425125 9.55243e-21)
(0.00428581 0.00436512 1.81439e-21)
(0.00439759 0.00439826 1.93289e-20)
(0.00522733 0.0043756 3.43412e-20)
(0.000807311 0.000589563 -8.55819e-21)
(-3.1303e-05 0.00110321 4.28737e-24)
(3.56911e-05 2.85071e-05 -8.78309e-21)
(5.13494e-05 4.54417e-06 -2.06152e-21)
(6.18578e-05 0.000259412 0)
(0.000117655 -2.66163e-05 -7.15213e-21)
(6.73308e-05 -2.0881e-06 3.01228e-22)
(0.000688723 0.000593707 -9.11749e-24)
(0.00248769 0.00251046 -1.77623e-20)
(0.00436706 0.00432768 5.31099e-21)
(0.00248402 0.002501 0)
(0.00249781 0.00256473 3.83736e-21)
(0.00259753 0.00265817 7.81978e-21)
(0.00249775 0.00256044 -3.40393e-21)
(0.00261921 0.00263843 1.99279e-20)
(0.00245923 0.00252767 0)
(0.00252315 0.00253171 6.83482e-21)
(0.00259128 0.00266505 -4.47913e-21)
(0.00249274 0.00256585 -1.44665e-22)
(0.00262754 0.00265754 -8.11039e-21)
(0.0043449 0.00435175 2.33884e-21)
(0.00425569 0.00427321 0)
(0.00245635 0.002529 3.06367e-21)
(0.00452898 0.00453527 -1.04499e-21)
(0.0021632 0.00193808 1.91631e-20)
(0.00247207 0.00269317 1.17337e-21)
(0.00210484 0.00186278 1.76476e-20)
(0.00173515 0.0013862 -1.33517e-23)
(0.00108721 0.00158168 1.69454e-20)
(8.82663e-05 1.85121e-05 0)
(0.00414933 0.00389925 2.92888e-20)
(0.00422417 0.00396898 0)
(0.00414534 0.00389913 -1.98978e-20)
(0.00423944 0.00394777 3.49227e-21)
(0.00423951 0.00394129 -7.61753e-21)
(0.00441189 0.0041095 0)
(0.00440327 0.00414062 -1.33091e-20)
(0.00416305 0.0038697 0)
(0.00420951 0.00396816 0)
(0.00442085 0.00411101 5.69881e-21)
(0.00424345 0.0039435 2.89425e-21)
(0.00440392 0.0041427 4.10203e-24)
(0.00423859 0.00394767 -1.08272e-21)
(0.00391761 0.00352922 -3.80617e-20)
(0.0044167 0.00411491 1.1989e-21)
(0.00416418 0.00387154 -1.32961e-21)
(0.00411619 0.0029595 8.17547e-23)
(0.00416125 0.00387782 0)
(0.00402058 0.00325998 -1.7628e-22)
(0.00309191 0.00344946 -8.94794e-21)
(7.5567e-05 1.49866e-05 0)
(5.62192e-05 -8.93413e-05 0)
(0.000153946 0.000179066 -2.38412e-21)
(0.000126721 2.88759e-05 4.61313e-21)
(6.39203e-05 -2.90174e-05 2.67108e-21)
(6.22053e-05 8.97905e-05 -2.24705e-20)
(0.000772682 0.00021037 2.22711e-20)
(0.000787988 -0.00023174 2.90182e-20)
(5.62202e-05 5.77155e-05 5.56661e-22)
(0.000108476 2.33464e-05 0)
(0.00082729 0.00081783 4.61276e-21)
(0.000765131 0.000108936 -1.41456e-20)
(0.000231343 0.000193138 4.59052e-21)
(7.47859e-05 5.6792e-05 0)
(0.000158528 7.61035e-05 0)
(0.000638227 0.000362022 1.19642e-20)
(6.77323e-05 2.7516e-05 -5.67516e-22)
(0.000374218 0.000533678 1.20549e-20)
(0.000414855 0.000529893 3.62971e-20)
(0.000137306 6.16035e-05 0)
(0.000303668 -1.61615e-05 -1.00904e-20)
(5.61916e-05 3.75468e-05 2.86307e-22)
(3.47041e-05 6.77666e-05 -2.93338e-21)
(0.000468515 0.000643927 3.64871e-20)
(0.00055808 0.000150459 1.02e-20)
(0.000371829 0.000485218 0)
(0.000893284 9.72777e-05 5.66399e-21)
(0.00063594 0.000564295 0)
(0.000195517 7.0841e-05 -1.70722e-20)
(0.000590443 0.000435517 -3.95696e-20)
(0.000137467 -4.66196e-06 -4.61043e-21)
(0.000651851 0.0001757 0)
(0.00037518 0.000570256 -3.15954e-20)
(0.000996974 0.00025288 -2.7013e-20)
(0.000519096 0.000478017 5.26713e-21)
(0.000227981 0.00022695 -2.00516e-20)
(3.76952e-05 8.73836e-05 1.17618e-21)
(0.00082334 3.63421e-06 0)
(9.58777e-05 -2.597e-06 4.91281e-21)
(0.000278259 8.99438e-05 0)
(4.31797e-05 -8.74283e-05 7.5608e-21)
(7.90775e-05 3.41884e-05 4.3888e-21)
(0.000992443 0.000234302 1.19333e-21)
(0.000288202 5.59874e-05 2.06395e-21)
(0.000493757 0.000294877 -5.86281e-22)
(0.00013242 0.000206582 0)
(9.36479e-05 -2.51151e-05 -1.33013e-20)
(0.000585712 0.000187599 0)
(1.82972e-05 -2.88958e-05 -1.12331e-21)
(0.000521627 0.000252673 -2.22984e-20)
(4.07171e-05 3.6953e-05 1.21183e-21)
(4.6764e-05 4.61551e-05 0)
(0.000175983 5.39913e-06 0)
(0.000783826 0.000306191 3.00661e-20)
(0.000266307 0.000307988 -4.03763e-20)
(0.000685961 0.000290718 0)
(0.00066008 0.000216899 -3.59709e-20)
(0.000213157 0.000250591 1.3833e-20)
(0.000378882 0.000563416 -9.71458e-21)
(0.00103658 5.35798e-05 -5.16574e-21)
(0.000117151 1.65568e-07 -2.90595e-22)
(0.000161163 0.000282297 5.21989e-21)
(0.000784474 0.000200665 -2.56868e-22)
(0.000284295 0.000369494 0)
(0.000244309 3.89013e-05 1.67388e-20)
(7.7084e-05 -3.18786e-05 -5.60022e-21)
(0.00209745 0.00165474 -1.74025e-20)
(0.0022976 0.00206063 2.85157e-20)
(0.0026143 0.00264672 -1.58117e-20)
(0.00250881 0.00252868 -1.35799e-20)
(0.00261169 0.00263405 4.51297e-24)
(0.00247892 0.00249773 -1.31395e-20)
(0.00247593 0.00250267 1.16757e-20)
(0.00410866 0.00395681 1.11264e-21)
(9.95359e-05 0.000352643 -1.75708e-20)
(0.000232307 0.000361432 1.97943e-20)
(0.000244455 0.000402688 0)
(0.000932845 0.000260679 1.61781e-20)
(0.000921118 8.04079e-05 -1.63836e-22)
(4.55435e-05 1.81367e-06 1.39387e-27)
(0.000315754 0.000246535 1.49481e-20)
(0.0025131 0.00253203 -1.12389e-20)
(0.000218326 0.000210515 -1.54489e-20)
(0.00452958 0.00453277 -2.46221e-21)
(0.00434573 0.00434937 -2.56069e-21)
(0.00440512 0.00414112 4.49384e-21)
(0.00473547 0.00407872 -1.72916e-20)
(0.00492226 0.00445484 1.71335e-20)
(0.00425853 0.00426985 2.49744e-21)
(0.00451731 0.00406892 -1.88e-20)
(0.0017915 0.00152926 1.75216e-20)
(0.00245497 0.00253094 -1.46702e-21)
(0.00246 0.00255341 -1.82282e-21)
(0.00423383 0.00427982 8.53209e-22)
(0.00243016 0.00249299 -8.68063e-21)
(0.00248912 0.0025624 -4.28136e-21)
(0.00258763 0.00266229 3.96703e-21)
(0.00513694 0.00414699 8.68117e-21)
(0.00258766 0.00266212 -3.5074e-21)
(0.00245118 0.00252474 1.78605e-21)
(0.00248962 0.00256386 -5.58238e-21)
(0.00453054 0.00453004 1.64317e-21)
(0.00434568 0.00434599 -1.71119e-21)
(0.00423691 0.00396305 2.77248e-22)
(0.00436974 0.00432797 -2.00491e-20)
(0.00428093 0.00424515 7.74541e-23)
(0.00454865 0.00451048 0)
(0.00249408 0.00256128 1.12436e-20)
(0.00434557 0.00434871 -7.14953e-21)
(0.00441192 0.00412964 4.79446e-21)
(0.00245739 0.00252742 8.23195e-21)
(0.00414913 0.00389644 -5.25931e-21)
(0.00415809 0.00389058 5.53827e-21)
(0.00425941 0.00426459 4.04088e-21)
(0.00423303 0.00397197 -9.8141e-21)
(0.0024972 0.00256157 0)
(0.00436516 0.00433031 -2.70906e-20)
(0.00260346 0.00265521 -4.16391e-21)
(0.00454681 0.00451112 -4.08305e-21)
(0.00043255 0.000411416 0)
(0.000332756 0.000398868 -2.74195e-20)
(0.000833938 0.000191345 -1.72334e-20)
(0.000159291 3.51998e-05 2.24659e-21)
(0.000302304 0.000583051 -1.15938e-20)
(0.000339793 0.000339609 0)
(4.51487e-05 5.15088e-06 -7.56394e-22)
(0.000744055 0.000953428 0)
(0.000703177 0.000596356 1.07045e-21)
(0.00441044 0.00411692 -4.00994e-21)
(0.00416208 0.00387034 0)
(0.00423838 0.00394289 7.90577e-21)
(0.00415327 0.00389612 -1.51358e-22)
(0.00423889 0.00394771 0)
(0.00414966 0.00389814 1.30901e-20)
(0.00416379 0.00387312 0)
(0.0042211 0.00397025 1.65181e-20)
(0.00440666 0.00413972 -1.29616e-20)
(0.00415558 0.00388149 0)
(0.00424457 0.00394612 1.67377e-21)
(0.00422214 0.003968 0)
(0.00420082 0.00316843 -8.80521e-21)
(0.0041191 0.00390926 -5.89517e-22)
(0.00442122 0.00411305 -1.61319e-21)
(0.00440643 0.00414458 1.55337e-20)
(0.00402584 0.00352039 1.87161e-20)
(0.0043082 0.0033015 0)
(0.00423786 0.00395107 -3.22668e-21)
(0.00441539 0.00411819 2.05747e-21)
(0.00355092 0.00306985 -1.72135e-20)
(0.000434023 0.000454209 -1.82769e-20)
(9.37319e-05 -4.66577e-05 5.27148e-21)
(0.000474636 0.000371553 -5.07769e-21)
(0.000913849 1.66746e-05 -1.03888e-21)
(0.000764988 0.000306348 -9.63228e-21)
(0.000910342 0.000287271 4.13997e-21)
(0.000169925 0.000215624 8.45009e-21)
(0.00414922 0.00389276 -4.49253e-23)
(0.00423883 0.00394329 4.14781e-21)
(0.00439897 0.00414315 5.1627e-23)
(0.00416571 0.00387286 3.43345e-21)
(0.000664758 0.000413207 -1.96195e-21)
(0.000939787 0.000527102 -1.30913e-20)
(0.000749025 -3.97988e-05 4.46878e-21)
(0.00103072 0.000561027 3.69591e-21)
(0.000809443 0.000395743 0)
(0.00029372 0.000556602 8.99752e-22)
(0.00105317 0.000386886 -2.2723e-21)
(0.000264113 0.000271773 2.11052e-20)
(5.75164e-06 -1.69991e-05 -8.01752e-22)
(0.000762382 0.000384565 0)
(0.00105923 0.000274098 -2.76414e-20)
(4.34513e-05 1.03066e-05 -3.3397e-20)
(0.000418297 0.000710026 -8.42241e-21)
(0.000324163 0.000532659 -9.04126e-21)
(0.000371636 8.33511e-05 0)
(0.00018372 5.86409e-05 -1.89235e-21)
(0.00108157 0.000309685 -1.15615e-21)
(4.00161e-05 2.9612e-06 1.10887e-20)
(9.66433e-05 4.32148e-05 -4.36347e-21)
(0.000115989 5.4388e-05 4.77499e-21)
(0.000382304 0.000417239 2.6884e-20)
(0.000867569 6.9178e-05 0)
(3.4527e-05 2.12308e-06 -3.29215e-20)
(0.000244683 0.000170399 -3.16656e-21)
(0.000733271 -0.000234736 -5.48017e-21)
(0.000687631 0.000398163 -1.23748e-20)
(0.000194869 0.000126146 3.94951e-21)
(3.13848e-05 1.12031e-05 0)
(0.000669252 0.000397017 -5.57288e-21)
(0.000191909 0.000177725 5.4727e-21)
(0.00012156 0.000368541 0)
(0.000505832 0.000311159 -1.84943e-20)
(4.15139e-05 -7.31384e-06 -1.20863e-20)
(0.000545333 -0.000138201 1.15047e-20)
(0.000721338 7.31398e-05 8.22322e-21)
(0.000704818 0.00038778 -8.61443e-22)
(0.000428349 -3.63912e-05 2.45918e-21)
(0.00410783 0.00385175 -3.9332e-22)
(0.00436532 0.00408653 -4.39179e-22)
(0.00418848 0.00392372 0)
(0.00425929 0.00426273 -1.66862e-21)
(0.00454757 0.00451557 7.63739e-21)
(0.00435503 0.00432995 -8.49084e-21)
(0.00427796 0.00424513 -1.65501e-20)
(0.00483314 0.0046785 0)
(0.00441496 0.00396208 -8.36623e-21)
(0.0042934 0.00422158 1.73364e-20)
(0.00424642 0.00394555 0)
(0.00442296 0.00411161 -5.38389e-21)
(0.00416134 0.00386456 -4.22648e-21)
(0.00422286 0.00396885 1.98268e-20)
(0.00440215 0.00414067 -3.03337e-20)
(0.00440887 0.00412479 8.32635e-21)
(0.00422437 0.00397135 -1.57124e-20)
(0.00415516 0.00388271 0)
(0.00423438 0.00395638 0)
(0.000436955 0.000340659 5.80732e-21)
(0.00102654 8.70464e-05 2.15676e-20)
(0.000905798 0.000275053 2.65524e-20)
(0.000391658 0.0003845 2.31802e-20)
(0.00027489 0.000634841 0)
(0.000753542 0.000336785 -5.33404e-21)
(0.00054299 1.75898e-05 -1.51827e-20)
(0.000128264 9.15276e-05 0)
(0.000702912 0.000568 2.15365e-21)
(3.91648e-05 2.02186e-06 1.17036e-20)
(0.000976011 0.000145582 -4.12703e-21)
(0.000778194 9.08037e-05 0)
(0.000796907 0.000234089 0)
(0.000178282 0.000290218 0)
(0.000311184 0.000598162 1.73824e-20)
(0.000838062 0.00032338 -2.42369e-21)
(0.000837094 0.000277762 -7.69423e-21)
(0.00089056 0.000257466 0)
(0.000888889 0.000341697 3.06672e-21)
(0.00456297 0.00412867 0)
(0.00489039 0.00404767 8.87526e-21)
(0.00246113 0.00254627 -3.25843e-21)
(0.00459109 0.00485237 1.70551e-20)
(0.00426177 0.00426371 -1.48319e-21)
(0.00524831 0.00418475 -8.49637e-21)
(0.0042046 0.00428068 -1.27708e-21)
(0.00259087 0.00266739 1.05598e-22)
(0.00249176 0.00256771 3.19894e-21)
(0.00434542 0.0043474 -1.66666e-21)
(0.00453014 0.00453156 4.61046e-21)
(0.00454291 0.0045127 -1.55684e-20)
(0.00454889 0.00450949 -6.53856e-21)
(0.00425931 0.00426446 0)
(0.00437519 0.00432598 -1.3325e-20)
(0.00434726 0.00434826 0)
(0.00428232 0.00424512 -6.50119e-21)
(0.00434909 0.00434541 3.97895e-21)
(0.00427987 0.00424856 5.67328e-21)
(0.00454668 0.00451293 -3.81857e-21)
(0.00250991 0.00252959 5.3594e-21)
(0.00401771 0.005342 0)
(0.00139933 0.00136828 0)
(0.00499599 0.00418245 0)
(0.00370594 0.00369087 9.49962e-21)
(0.00437264 0.00415176 -1.2815e-22)
(0.00452941 0.00453211 -2.7952e-21)
(0.00423034 0.00397256 -1.55725e-21)
(0.00419715 0.00398383 -6.72292e-22)
(0.00440707 0.00413926 -8.5514e-22)
(0.00434492 0.00434828 -2.89755e-21)
(0.00239658 0.00203762 0)
(0.00245621 0.0025334 2.29605e-21)
(0.00455189 0.00416746 2.52454e-20)
(0.00492161 0.00421963 -1.72997e-20)
(0.00440936 0.00412443 0)
(0.00242166 0.00224355 9.13115e-21)
(0.004392 0.00412944 0)
(0.00258993 0.00266183 -1.30357e-21)
(0.00446689 0.00425925 -2.58733e-20)
(0.00231938 0.00222039 -8.71457e-21)
(0.00416592 0.00386929 0)
(0.00423233 0.00395771 -2.67889e-21)
(0.00249212 0.00256301 1.20557e-21)
(0.00446468 0.00407381 0)
(0.00245971 0.00258634 -1.48577e-21)
(0.00426163 0.0042659 1.4719e-21)
(0.00424718 0.00427739 -2.67548e-21)
(0.00331718 0.00314759 0)
(0.0044106 0.00412456 -8.03442e-21)
(0.0041656 0.00387046 1.38423e-22)
(0.00416643 0.00386983 0)
(0.004151 0.00389766 8.75662e-21)
(0.00371419 0.00371163 6.55953e-21)
(0.00416315 0.00387508 0)
(0.00245582 0.00252745 0)
(0.00416625 0.00386983 0)
(0.00249327 0.00256575 5.04373e-21)
(0.00381823 0.00381886 -1.76517e-20)
(0.00259133 0.00266434 4.86284e-21)
(0.00262479 0.00264855 -1.51953e-20)
(0.00454977 0.00450913 3.29064e-20)
(0.00439462 0.00413999 7.38458e-21)
(0.00394163 0.00387996 1.61488e-20)
(0.0041464 0.00389887 0)
(0.00424157 0.00395022 -5.23129e-21)
(0.00442144 0.00411151 0)
(0.0042452 0.00394657 -2.09112e-21)
(0.0040413 0.00393955 0)
(0.00442126 0.00411074 4.60586e-21)
(0.00424467 0.00394602 4.75834e-21)
(0.00414543 0.00389883 -8.208e-21)
(0.00441969 0.00411323 -5.07101e-21)
(0.00416266 0.0038731 0)
(0.00439841 0.00413724 1.46414e-20)
(0.00416369 0.00387294 -5.59041e-21)
(0.00416359 0.00387383 -6.30462e-21)
(0.00442054 0.00411109 0)
(0.00411562 0.00397258 -7.46162e-21)
(0.00414278 0.0038982 8.10439e-21)
(0.00416484 0.00387274 5.29668e-21)
(0.0044014 0.00413368 7.0816e-21)
(0.00416402 0.00387105 0)
(0.00415704 0.00397726 7.32863e-21)
(0.00424321 0.00394721 0)
(0.00414507 0.00389749 0)
(0.00424036 0.00395135 1.09826e-20)
(0.00441869 0.00411413 1.07384e-20)
(0.00418457 0.0039727 2.16512e-20)
(0.00416443 0.00387376 1.19407e-20)
(0.00440322 0.00413545 1.3987e-20)
(0.00420198 0.00396677 -7.03927e-21)
(0.00414704 0.0038958 7.78966e-21)
(0.00441837 0.00411427 5.63834e-21)
(0.00424009 0.00395136 -1.2976e-22)
(0.00424013 0.00394946 -3.22301e-21)
(0.00262681 0.00264549 1.39679e-22)
(0.00414456 0.0038965 -7.67756e-21)
(0.00441512 0.00411659 -3.19136e-21)
(0.00455117 0.004511 0)
(0.00414504 0.00389551 -7.51228e-21)
(0.00423962 0.00395039 0)
(0.00414541 0.00389558 6.91233e-21)
(0.00252128 0.00254139 -1.93749e-20)
(0.00414768 0.00389542 -1.11709e-23)
(0.00414457 0.00389494 2.1546e-20)
(0.00441771 0.00411466 6.00684e-21)
(0.00414701 0.00389669 2.11621e-20)
(0.00249269 0.00250815 2.52007e-20)
(0.00428154 0.00424952 -2.348e-20)
(0.0024976 0.00256231 3.51011e-21)
(0.00441294 0.004116 9.70562e-21)
(0.00441166 0.00411401 0)
(0.00428214 0.0042456 -6.30528e-21)
(0.00422609 0.00396759 1.18985e-20)
(0.00434537 0.0043482 0)
(0.00422477 0.00396974 -6.12098e-21)
(0.00428189 0.00424847 6.11711e-21)
(0.00245918 0.00252831 0)
(0.00455358 0.00451479 0)
(0.00441147 0.00410953 1.40427e-20)
(0.00415774 0.00388769 -5.15499e-21)
(0.00422787 0.00396721 -2.37309e-20)
(0.00414429 0.00389579 5.30651e-21)
(0.0042222 0.00396819 1.13212e-20)
(0.00441212 0.00410894 -7.2472e-21)
(0.00252454 0.00253741 -1.05868e-20)
(0.00249753 0.00256333 -7.92592e-21)
(0.00440305 0.00413607 5.65931e-21)
(0.00248961 0.0025114 -5.64286e-21)
(0.00440032 0.00413607 -1.40827e-22)
(0.00440001 0.00413812 4.67243e-21)
(0.00415959 0.00387095 9.00718e-21)
(0.00439621 0.00413664 5.11503e-21)
(0.00439759 0.00413635 5.4437e-21)
(0.00260273 0.00265871 1.41931e-22)
(0.00440035 0.0041376 2.41008e-20)
(0.00439774 0.00413651 -1.40393e-22)
(0.00423691 0.00396168 -4.80152e-21)
(0.0043961 0.00413611 -5.06714e-21)
(0.00441197 0.00412892 -9.0655e-21)
(9.06562e-05 0.000478077 1.56678e-20)
(0.0011238 -1.8364e-05 0)
(0.0042596 0.00426297 -1.6225e-21)
(0.00454383 0.00451636 -7.7317e-21)
(0.004353 0.00433797 -3.94006e-21)
(0.00427702 0.00424618 -1.16709e-20)
(3.49591e-05 -8.54649e-06 -1.12952e-20)
(0.000820188 8.36646e-05 -1.27561e-21)
(0.000385516 0.000510302 -1.16914e-20)
(0.000811943 0.000473817 8.46652e-22)
(0.000297194 0.000689812 0)
(0.00123564 0.000205036 -2.32214e-21)
(0.000543413 0.000277928 -4.13151e-21)
(0.000794323 0.000104643 -3.10857e-21)
(0.00013054 0.000155629 -1.85446e-20)
(0.000289581 0.000392367 0)
(0.000696701 0.00051192 2.55433e-25)
(0.000233618 0.000376627 8.41108e-21)
(0.000835623 1.86094e-05 -1.37226e-21)
(0.00127972 0.000516584 1.54829e-20)
(0.000183144 -0.000125688 1.26424e-21)
(0.000518178 0.000429339 2.45316e-20)
(4.36096e-05 3.11414e-06 2.59711e-20)
(0.00435492 0.00432699 4.58065e-21)
(0.00427196 0.00424409 -2.47911e-20)
(0.00436611 0.00433096 1.00493e-20)
(0.00429942 0.00377061 -1.59655e-20)
(0.00437042 0.00433121 1.25448e-20)
(0.00413929 0.00386753 9.10177e-21)
(0.00463581 0.00442793 0)
(0.00455161 0.00451507 -1.74576e-20)
(0.00454782 0.00451 4.45939e-21)
(0.00453005 0.00452942 -5.89248e-21)
(0.00434477 0.00434494 3.88044e-21)
(0.00426746 0.0042544 8.59051e-21)
(0.00295441 0.00382536 9.25863e-21)
(0.000880768 0.000508943 0)
(0.000480174 6.49787e-05 2.84742e-21)
(0.000895209 0.000143152 0)
(2.06617e-05 9.52433e-07 0)
(4.49551e-05 -2.69472e-06 1.08108e-20)
(0.000667156 0.000340389 -3.78566e-21)
(2.89495e-05 4.33447e-06 3.81688e-20)
(0.00052223 0.000470207 2.17466e-21)
(0.00229048 0.00470605 5.39718e-21)
(3.94822e-05 -6.48893e-06 1.1587e-20)
(0.000817664 0.00020861 0)
(0.000412284 0.000479243 6.83157e-21)
(0.000185956 0.000136805 5.52283e-21)
(4.35066e-05 -1.07742e-06 -1.1293e-20)
(0.000169611 0.000550002 -1.65033e-20)
(0.000872283 7.99328e-05 -1.57374e-22)
(0.000196873 0.000571538 0)
(0.00026652 0.000773651 0)
(0.00416569 0.00386937 -3.74148e-21)
(0.00439669 0.00414446 7.65105e-21)
(0.00423679 0.0039443 8.59112e-21)
(0.00414729 0.00389529 -1.10803e-20)
(0.0034831 0.00341397 -8.45837e-21)
(0.00474684 0.00433801 -1.70164e-20)
(0.00414874 0.00389271 -4.29813e-20)
(0.00438443 0.00410321 2.69072e-21)
(0.00434474 0.00434528 -1.91275e-21)
(0.00452988 0.00452942 3.56155e-21)
(0.00436999 0.00432865 -6.48547e-21)
(0.00455282 0.00451609 1.80393e-20)
(0.00426085 0.0042618 -4.06933e-21)
(0.00454634 0.00451075 -4.2486e-21)
(0.00436578 0.00433094 2.1e-20)
(0.00427032 0.00424403 4.70323e-21)
(0.0043542 0.00432705 -4.47904e-21)
(0.00057674 0.000508646 6.11971e-21)
(0.000840767 4.44581e-05 0)
(0.000448432 0.000146221 1.41472e-24)
(0.00112191 0.00082827 -8.39868e-21)
(0.000994798 0.000357048 3.35287e-21)
(0.0041804 0.00501562 -8.29893e-21)
(0.00441086 0.00407589 8.36081e-21)
(0.00434253 0.00430454 1.01792e-20)
(0.00433001 0.0041871 0)
(0.00442251 0.00411203 3.95863e-21)
(0.0042461 0.00394622 -1.95543e-21)
(0.00422147 0.00397017 -1.25428e-20)
(0.00440333 0.00413801 2.31745e-20)
(0.00423569 0.00395983 0)
(0.00415658 0.00388606 9.90007e-21)
(0.00416074 0.00386673 -1.54133e-22)
(0.00422522 0.00397284 1.45266e-22)
(0.00440989 0.00412721 0)
(0.000678253 0.000369619 0)
(0.000701737 7.10102e-05 5.7356e-21)
(0.00271522 0.00321256 -1.60917e-22)
(0.0023956 0.00268456 -6.18148e-22)
(0.00290441 0.00340414 -1.32929e-22)
(0.00278372 0.00328034 -1.4424e-22)
(0.00252067 0.00282842 -5.53923e-22)
(0.00242736 0.00272851 0)
(4.30942e-05 -3.69602e-06 -3.37086e-22)
(0.000179758 0.000105152 0)
(0.000291508 0.000624362 0)
(3.21758e-05 2.18523e-06 -4.37012e-20)
(0.000182894 0.000397514 3.43454e-20)
(0.000640294 0.000385611 -2.83227e-20)
(6.76064e-05 0.000877988 6.25527e-21)
(3.88847e-05 3.62313e-06 1.85301e-25)
(0.000717018 0.000513053 -3.91539e-21)
(4.65468e-06 9.9497e-05 -9.20427e-21)
(2.1696e-05 3.20223e-05 -7.55529e-21)
(0.000896942 0.000199916 -6.12644e-21)
(7.83612e-05 0.000653536 1.18493e-21)
(0.000746936 0.000333626 6.4627e-21)
(0.000376279 0.000244866 3.08923e-23)
(0.000712262 0.000466546 9.23534e-21)
(0.00111089 0.000146815 0)
(0.000102324 0.000480596 -6.9017e-21)
(0.000104257 -0.00012975 -1.1234e-21)
(0.000109945 0.000106002 -2.82144e-20)
(8.93383e-05 0.000126614 0)
(2.22972e-05 5.48933e-05 2.5645e-21)
(0.00443805 0.0045356 2.98845e-23)
(0.00425596 0.00435335 1.00906e-22)
(0.000805918 2.23599e-05 -4.00605e-21)
(0.00331857 0.00334029 -1.82972e-20)
(3.47411e-05 -1.2224e-05 5.15929e-21)
(0.000461588 0.000156804 -1.48524e-20)
(0.00258596 0.00274463 3.30691e-20)
(2.26439e-05 -2.82307e-06 -5.95784e-21)
(0.000114221 0.000221669 -1.79129e-20)
(0.00436127 0.00420274 -1.02275e-21)
(0.00418552 0.00403269 -5.71596e-22)
(0.000222981 8.38376e-05 2.3488e-20)
(0.000142125 0.000135377 1.17558e-20)
(0.00168544 0.000483105 0)
(4.53465e-05 0.000119858 -2.67724e-21)
(0.00110689 0.000437265 0)
(9.87496e-05 0.000741469 0)
(0.00063346 0.000518945 2.06407e-21)
(3.72477e-05 4.88917e-06 -3.45235e-20)
(0.000261431 0.000489188 2.20378e-20)
(0.000432691 -0.000256462 2.9854e-20)
(0.000907576 -3.84893e-05 -4.53329e-20)
(3.9734e-05 4.74539e-06 -1.21802e-20)
(0.000107988 -5.66654e-05 9.78048e-21)
(0.000129899 0.000275115 0)
(0.00417601 0.00426802 4.99278e-22)
(0.000680229 0.000357998 -5.07062e-22)
(0.000948069 0.000402779 -1.24081e-20)
(0.000541764 0.0001333 -3.63339e-21)
(0.000633288 0.000385937 1.60884e-21)
(0.000163154 0.000347278 -4.85982e-20)
(0.00120821 0.00029282 1.50779e-20)
(2.95767e-05 -0.000382472 9.35668e-21)
(0.000135651 0.000145279 0)
(0.000581393 -5.79205e-05 -4.85315e-21)
(2.77327e-05 4.45291e-05 -2.6065e-21)
(0.00055633 0.000141413 2.4848e-20)
(5.07934e-05 -4.08522e-05 0)
(0.000850424 0.000111369 5.05571e-21)
(0.000236736 0.000446907 0)
(4.0375e-05 1.29726e-05 8.73502e-21)
(0.000526958 4.56399e-05 1.31246e-24)
(0.000321658 0.000520528 -1.12019e-20)
(0.00134197 0.000199518 0)
(0.000766929 0.000121787 -4.60354e-21)
(0.000997461 0.000434641 5.58518e-21)
(0.00284601 0.00287572 5.30802e-22)
(0.00287983 0.00292735 0)
(0.00300279 0.00304681 -9.0067e-22)
(6.81279e-05 -7.63434e-05 0)
(0.000860048 0.000163412 5.5655e-21)
(0.00401082 0.00429057 -2.93866e-20)
(0.00086729 0.000104626 8.26262e-22)
(2.90552e-05 0.00039939 -2.7033e-24)
(0.00143129 0.000728823 3.34449e-20)
(0.000702282 0.000270873 1.58228e-20)
(2.47807e-05 0.000534061 -7.17964e-21)
(0.000576319 0.000428893 -8.767e-21)
(4.49042e-06 4.50135e-06 0)
(0.000638634 0.00047475 -4.41521e-21)
(2.61686e-05 -1.20817e-05 2.42201e-20)
(0.00333521 0.0038284 -3.05231e-20)
(2.56951e-05 6.97198e-05 4.79271e-21)
(0.000238455 0.000540493 -9.07625e-24)
(0.000856904 2.00893e-05 3.66595e-21)
(0.000382159 0.00135548 -3.32098e-22)
(0.00013468 9.21325e-05 0)
(0.000675992 0.00078007 -4.59034e-21)
(1.83221e-05 3.01809e-05 2.30579e-20)
(0.000622302 0.00106861 1.45394e-20)
(0.000141601 0.000568575 2.80844e-21)
(2.27988e-05 -1.1843e-05 -3.43142e-20)
(0.000146708 0.000462453 0)
(-0.000688524 0.000310073 -1.23344e-21)
(2.20604e-05 -1.06089e-06 1.42767e-20)
(0.000671037 0.00146897 2.82461e-21)
(9.78295e-05 0.0006049 1.06592e-21)
(0.000206472 0.000429483 -1.45169e-20)
(0.000878874 0.000539814 1.37143e-20)
(0.000456575 0.000216843 6.22427e-21)
(0.00201942 0.00272503 -1.3218e-20)
(0.0006585 0.000296695 3.73119e-21)
(1.77044e-05 2.80671e-05 6.20587e-21)
(0.000151474 0.000300611 -4.30941e-21)
(0.000482214 0.00110657 -9.11472e-21)
(4.62537e-05 0.000592545 0)
(0.00023996 0.000511739 0)
(1.99561e-05 8.96814e-06 -6.23068e-26)
(0.00087332 5.23743e-05 -3.80734e-21)
(0.000460349 0.000324552 -1.11256e-20)
(0.000687489 0.000417832 1.27974e-20)
(0.00086491 4.53337e-05 2.73082e-21)
(0.00147463 -0.00026486 0)
(0.000856487 0.000251554 2.83278e-22)
(0.00379652 0.0046111 9.68043e-21)
(3.7093e-05 0.000106324 -9.58284e-21)
(5.43609e-05 0.000157476 -9.8407e-21)
(0.00014911 0.000433406 0)
(-0.000499205 -0.000244251 0)
(0.000140782 0.000385001 2.09328e-20)
(0.000805534 0.000158803 -1.85139e-20)
(0.00195647 0.00235691 4.708e-23)
(0.000343061 0.000574345 1.38238e-20)
(0.000936637 0.00198344 0)
(0.000312131 0.000582662 -3.05556e-20)
(0.0029455 0.00301492 2.09184e-20)
(0.000709901 0.000517592 1.05017e-20)
(0.00237292 0.00178229 0)
(0.000671547 0.000133666 -1.53005e-20)
(1.71428e-05 -1.46783e-05 -6.67354e-21)
(0.00115883 0.000822853 1.89554e-20)
(0.000688577 0.00029363 0)
(0.000683517 0.000460285 0)
(0.00076884 0.000268271 -1.412e-20)
(0.00426723 0.00404813 1.193e-21)
(0.00408537 0.00388803 -4.53847e-22)
(0.00400357 0.00382223 -7.52121e-22)
(0.00104196 0.000532634 -5.68562e-21)
(3.99555e-06 1.3367e-05 0)
(4.44926e-05 9.98714e-05 0)
(0.00126128 0.00263403 -1.58987e-21)
(4.96524e-05 -5.08708e-05 -6.24116e-21)
(0.00412162 0.00452323 9.4651e-21)
(0.00012122 0.000247846 8.68193e-21)
(2.85696e-05 -2.58469e-05 5.76965e-21)
(0.000518615 0.000283476 1.15575e-20)
(0.00112906 0.000444641 1.09857e-20)
(0.00104461 0.0021349 6.13352e-21)
(0.00356007 0.00469797 -2.64274e-20)
(0.000891611 0.000167869 -1.18131e-20)
(0.000168491 0.000699968 0)
(0.00245608 0.00199915 -1.44086e-20)
(0.000521072 0.000507255 -4.31474e-21)
(0.000875945 0.000140769 -1.33308e-21)
(0.000556407 0.000433019 1.0645e-20)
(0.00044609 0.000244181 -1.29229e-21)
(3.04701e-05 5.41547e-05 2.32403e-21)
(0.000862144 -7.31279e-05 0)
(0.000219148 0.000770019 3.11528e-21)
(0.000907835 0.000405635 0)
(3.41001e-05 -3.1385e-06 3.86318e-20)
(0.00053444 0.000240252 -9.70401e-21)
(6.97735e-05 -5.65298e-05 8.23002e-21)
(0.000133419 -0.000170571 1.22349e-21)
(0.000684463 4.38428e-05 0)
(3.79706e-05 -2.23717e-05 -1.01094e-20)
(0.000651957 0.000450566 -2.15417e-21)
(0.000577581 0.000478594 1.1295e-20)
(0.0030548 0.0037943 7.57618e-21)
(0.000409169 8.36768e-05 3.08448e-21)
(0.00110319 6.1758e-05 0)
(0.00013056 -8.47869e-05 -4.72895e-21)
(0.000599091 0.000407522 -4.23424e-21)
(0.00102948 0.000220229 7.71551e-21)
(0.00016371 0.000348904 1.96974e-20)
(6.70432e-06 8.01372e-05 9.27416e-21)
(0.000490634 0.000614398 1.37499e-20)
(0.00106376 8.171e-05 -2.55109e-21)
(0.0010346 4.30557e-05 6.65406e-21)
(0.00105481 9.00283e-05 0)
(0.000356978 -4.27655e-05 8.349e-25)
(0.000546866 0.000165789 0)
(0.000151079 0.000683125 -1.42034e-21)
(0.000876656 5.31593e-05 0)
(0.000375011 -0.0001792 -1.02483e-20)
(-2.53172e-05 0.000404574 -6.74026e-21)
(0.000827796 0.000172951 0)
(3.60205e-05 0.000747895 -1.23367e-21)
(0.000911238 9.78212e-05 -2.64334e-21)
(0.00397003 0.00385259 -6.30676e-22)
(0.00223932 0.00261536 -1.08179e-20)
(-0.000368224 0.000699648 -1.65237e-20)
(5.46078e-05 0.000201555 -2.34629e-20)
(0.000914869 0.000322059 -1.84828e-20)
(0.000679648 0.000490729 -5.67042e-21)
(-2.9647e-05 0.00041573 -4.15376e-21)
(0.000879046 0.000272582 1.78912e-20)
(0.00087235 0.000239975 7.54419e-21)
(0.000415734 -0.000189515 0)
(0.0040514 0.00393104 0)
(0.00421961 0.00409774 1.0188e-21)
(0.000390535 0.000787671 -3.5931e-23)
(0.000609916 9.4219e-06 3.80208e-21)
(0.000724453 0.000109966 -2.8956e-20)
(0.00109547 9.61892e-05 -7.32932e-22)
(0.000725446 0.000286241 0)
(0.00288947 0.00237438 2.79508e-21)
(4.41355e-05 -3.04389e-05 1.31483e-21)
(1.32078e-05 1.17561e-05 2.47515e-21)
(0.00412079 0.00423398 -1.04023e-21)
(0.000706725 0.000334949 3.71086e-21)
(0.00108704 0.000120803 4.19036e-21)
(0.00419982 0.00431713 1.01616e-21)
(0.00438232 0.00449906 5.2294e-22)
(0.00100796 1.57128e-05 -7.46339e-25)
(0.000978707 0.00105488 9.37217e-21)
(0.000475453 0.00084762 -1.13373e-20)
(1.23028e-05 3.37056e-06 0)
(0.00352715 0.00421545 3.12167e-23)
(0.00123715 0.00282603 8.77391e-21)
(0.00236868 0.00218811 0)
(0.00247042 0.00228343 -2.84464e-22)
(0.00234607 0.00217016 -4.93109e-22)
(-0.000195862 0.00217931 2.91726e-22)
(2.46582e-05 1.56318e-05 -1.10717e-20)
(0.000900271 0.000139479 0)
(0.00180431 0.00174047 3.51997e-20)
(0.00102352 0.00264406 0)
(0.00207726 0.00219103 2.27074e-20)
(0.00271985 0.00235666 -9.64768e-21)
(-0.000259516 0.00359506 -1.24633e-20)
(0.000708333 -0.000647284 -4.43763e-20)
(0.000771121 0.000156148 3.85819e-20)
(0.0027107 0.00440298 -1.41948e-20)
(0.000303214 0.000754809 -2.02325e-21)
(0.000671458 0.000460637 0)
(0.00184302 0.00109306 -1.65069e-20)
(8.46239e-05 0.000167035 0)
(0.0027475 0.00230773 2.41473e-20)
(0.00132957 0.0011245 -1.51059e-20)
(0.00335925 0.00502362 0)
(0.000768086 0.00092823 1.6062e-20)
(0.000134003 -0.000370391 -1.44051e-21)
(0.004259 0.00446471 9.42156e-23)
(0.00408597 0.00428426 3.18757e-22)
(0.000613843 0.000479804 -7.89818e-21)
(0.000979515 0.00052537 -8.26239e-21)
(0.000594105 0.000623318 -3.04755e-20)
(0.002544 0.00337504 9.42689e-21)
(0.00275442 0.0042103 7.58104e-22)
(6.25308e-05 0.000163595 0)
(0.00400616 0.00420028 2.91876e-22)
(0.00236358 0.00147154 5.35752e-20)
(0.00216496 0.0019274 0)
(8.52462e-05 0.000194351 1.28075e-20)
(0.000103216 0.000204719 0)
(0.000878706 0.00174974 -3.63523e-20)
(0.000657933 0.000469362 2.2169e-21)
(0.00274177 0.00189291 -2.90215e-20)
(0.0011009 0.000253871 0)
(0.00231574 0.00113896 1.69878e-20)
(0.00319863 0.00571846 0)
(0.00344341 0.00525584 -8.71507e-21)
(0.00253075 0.00252329 1.13486e-22)
(0.00265016 0.00263953 1.08424e-22)
(0.00248235 0.00247653 -2.05486e-22)
(0.000639634 0.000469506 0)
(0.000642912 0.000490112 4.80116e-21)
(0.0031788 0.00452946 6.91048e-21)
(0.00278572 0.00273104 1.39976e-20)
(0.00264974 0.00389973 1.88465e-20)
(0.00239115 0.00472289 2.49002e-20)
(0.00150515 0.00428058 0)
(0.00203196 0.00346808 8.9481e-21)
(0.000615403 0.00182696 1.87443e-20)
(0.0036465 0.00403998 -1.38327e-22)
(0.0037268 0.00409774 0)
(0.00388781 0.00424541 -4.18386e-25)
(0.00272858 0.00286748 1.80092e-22)
(0.00282317 0.00293463 0)
(0.00299308 0.00307745 0)
(0.000148001 0.00334556 -9.63731e-21)
(0.00317229 0.00356006 4.92923e-22)
(0.00322527 0.00361818 1.42071e-22)
(0.00187862 0.00018705 4.4207e-21)
(0.00335445 0.00376211 1.57778e-22)
(0.00181194 0.00219747 -9.17598e-22)
(0.00243247 0.00264066 4.49112e-22)
(0.00185634 0.00223947 -4.73149e-22)
(0.00248211 0.00268581 4.19672e-22)
(0.00196338 0.00234981 -4.99217e-22)
(0.00260495 0.00280368 4.09231e-22)
)
;

boundaryField
{
    back
    {
        type            empty;
    }
    front
    {
        type            empty;
    }
    ingreso
    {
        type            fixedValue;
        value           uniform (0.000970309 0 0);
    }
    salida
    {
        type            zeroGradient;
    }
    defaultFaces
    {
        type            noSlip;
    }
}


// ************************************************************************* //
