/*--------------------------------*- C++ -*----------------------------------*\
  =========                 |
  \\      /  F ield         | OpenFOAM: The Open Source CFD Toolbox
   \\    /   O peration     | Website:  https://openfoam.org
    \\  /    A nd           | Version:  8
     \\/     M anipulation  |
\*---------------------------------------------------------------------------*/
FoamFile
{
    version     2.0;
    format      ascii;
    class       volScalarField;
    location    "9.6";
    object      p;
}
// * * * * * * * * * * * * * * * * * * * * * * * * * * * * * * * * * * * * * //

dimensions      [0 2 -2 0 0 0 0];

internalField   nonuniform List<scalar> 
5101
(
6.84108e-06
7.51395e-06
7.19516e-06
2.4448e-06
7.55329e-06
2.19e-06
1.09143e-06
9.65282e-06
7.98334e-07
2.53193e-06
7.04973e-06
1.88552e-06
5.38861e-07
1.35062e-06
4.81565e-06
4.61453e-06
3.81776e-06
2.72642e-06
5.4091e-06
9.11715e-06
6.0747e-06
2.4952e-06
4.72466e-06
2.97308e-06
5.84314e-06
3.84618e-06
4.97808e-06
5.50976e-06
7.13795e-06
6.88403e-06
5.68643e-06
4.98081e-06
4.6195e-06
9.25168e-06
6.17724e-06
6.41089e-06
6.66306e-06
6.36902e-06
7.36631e-06
9.3222e-06
9.68951e-06
1.16337e-06
5.27374e-06
4.5171e-06
7.2712e-06
4.77805e-06
7.42539e-06
2.80044e-06
6.61269e-06
5.66148e-06
7.23032e-06
6.47528e-06
6.18484e-06
6.73349e-07
9.63014e-06
7.20752e-06
6.5969e-06
9.30037e-06
9.59339e-06
4.10666e-06
9.27387e-07
5.0051e-06
9.70455e-06
6.3555e-06
5.36419e-06
7.65405e-06
1.18053e-06
3.66278e-06
6.0384e-06
9.69744e-06
2.33593e-06
9.02799e-06
9.68317e-06
5.15052e-06
4.45727e-06
9.1627e-06
2.9109e-06
9.20778e-06
9.45841e-06
2.03171e-06
9.69619e-06
1.60337e-06
2.90592e-06
6.13015e-06
9.62646e-06
6.64879e-06
7.58324e-06
2.30508e-06
7.84014e-06
4.3926e-06
9.14151e-06
3.55615e-07
6.50516e-06
6.11885e-06
6.81383e-06
6.89922e-06
9.20093e-06
7.75605e-06
9.63362e-06
7.95993e-06
5.81178e-06
9.48036e-06
1.63443e-06
8.05633e-06
4.73931e-06
9.2103e-06
6.35483e-06
7.84589e-06
9.47967e-06
3.4645e-06
1.56225e-06
1.72058e-06
6.58727e-06
7.54145e-06
3.53323e-06
9.18163e-06
9.23961e-06
3.5117e-06
4.99493e-06
4.31748e-06
1.79359e-06
3.25635e-06
9.10355e-06
8.12017e-06
4.23468e-06
9.70308e-06
5.21175e-06
7.25899e-06
9.69204e-06
2.25397e-06
6.97091e-06
6.68449e-06
7.71081e-06
9.67562e-06
6.83124e-06
6.93599e-06
9.28693e-06
6.57562e-06
7.73515e-07
9.43254e-06
9.1244e-06
8.35506e-06
9.33282e-06
6.37226e-06
3.89754e-06
4.06532e-06
9.49159e-06
6.05057e-06
8.15931e-06
9.30631e-06
6.20447e-06
9.69181e-06
5.4827e-06
3.39461e-06
7.97672e-06
5.88702e-06
2.96354e-06
9.13199e-06
5.88824e-06
6.03948e-06
5.33035e-07
9.21427e-06
3.37374e-06
7.26631e-06
7.94489e-06
7.06202e-06
5.45897e-06
6.71508e-06
2.40436e-06
9.27693e-06
3.40451e-06
5.68853e-06
5.94378e-06
7.39739e-06
7.93806e-06
3.23427e-06
1.95151e-06
9.65919e-06
4.68677e-06
7.20745e-06
7.61939e-06
3.72218e-06
5.65084e-06
8.81526e-06
9.24977e-06
6.71033e-06
9.54916e-06
5.34205e-06
6.22757e-06
6.50666e-06
7.90969e-06
6.17717e-06
9.25302e-06
9.23117e-06
4.02913e-06
6.69828e-06
9.7087e-06
7.91363e-06
1.40045e-06
1.56329e-06
5.14627e-06
7.97195e-06
7.08836e-06
9.17263e-06
9.56512e-06
7.04851e-06
8.33296e-06
3.13238e-06
9.66938e-06
2.10622e-06
7.71191e-06
5.28461e-07
4.24859e-06
9.32517e-06
1.47179e-06
9.25824e-07
7.31521e-06
6.85513e-06
1.71201e-06
3.44367e-06
7.00101e-07
3.23395e-06
8.66944e-06
7.71014e-06
8.25925e-06
9.78649e-06
3.18844e-06
7.79257e-06
2.26026e-06
9.70097e-06
9.10947e-06
8.30034e-06
7.84039e-06
5.91375e-06
8.8413e-06
9.6148e-06
9.69936e-06
3.42438e-06
6.20152e-06
7.62349e-06
2.41238e-06
9.69892e-06
9.70567e-06
6.78851e-06
5.99074e-06
7.51076e-06
6.35101e-06
9.1223e-06
7.29986e-06
6.27517e-06
7.34921e-06
2.00423e-06
1.66292e-06
6.32983e-06
3.49523e-06
4.72491e-06
4.69437e-06
5.69716e-06
3.62108e-06
9.39038e-06
4.53993e-06
4.1892e-06
4.90547e-06
3.29541e-06
3.27084e-06
9.33631e-06
7.03939e-06
2.64276e-06
1.28795e-06
9.19017e-06
4.17296e-06
4.16577e-06
9.00091e-06
4.01966e-06
9.54576e-06
8.88018e-06
9.36705e-06
9.24224e-06
2.5656e-06
2.71801e-06
5.54224e-06
6.13689e-06
4.98883e-06
7.18203e-06
9.13756e-06
5.92649e-06
6.44913e-06
5.76519e-06
7.53666e-06
8.60643e-06
4.06629e-06
8.99221e-06
6.14094e-06
9.36897e-06
4.82942e-06
9.69767e-06
2.58015e-06
6.34068e-06
8.7263e-06
6.57262e-06
9.36225e-06
9.02062e-06
7.14592e-06
4.32854e-07
-9.86913e-08
7.96855e-06
5.78772e-06
9.07589e-06
2.62536e-06
6.98899e-06
3.02729e-06
5.65913e-07
6.62674e-06
6.80029e-06
5.61236e-06
9.69592e-06
3.48565e-06
8.86563e-06
5.91734e-06
9.30802e-06
7.81088e-06
8.54467e-06
9.25886e-06
4.24162e-06
2.16067e-06
7.31827e-06
9.48788e-06
7.5966e-06
8.86051e-06
2.87426e-06
6.85129e-06
1.95477e-06
9.37011e-06
6.88093e-06
2.89687e-06
9.69574e-06
6.67232e-06
7.14898e-06
7.01781e-06
6.89033e-06
7.88051e-06
2.2627e-06
3.32545e-06
6.3681e-07
1.87175e-06
6.45694e-06
6.11792e-06
6.08733e-06
5.43449e-06
9.48146e-06
9.42265e-06
4.78158e-06
5.91745e-06
2.90988e-06
7.349e-07
9.18159e-06
8.28723e-06
2.79613e-06
8.06617e-06
2.60465e-07
9.69467e-06
2.34693e-06
9.61769e-06
7.11664e-06
6.64292e-06
5.77851e-06
8.14793e-06
1.31519e-06
9.24395e-06
7.19112e-06
9.07484e-06
8.81597e-06
7.96551e-06
6.74262e-06
7.62483e-06
7.46419e-06
8.85984e-06
8.43214e-07
4.06861e-06
3.41214e-06
6.74502e-06
5.76095e-06
7.33968e-06
5.74051e-06
2.55029e-06
1.13426e-06
3.78063e-06
3.12584e-06
7.02523e-06
2.24947e-06
6.03332e-06
6.0343e-06
1.41197e-06
2.84537e-06
1.95496e-06
2.56564e-06
2.28572e-06
6.25792e-06
9.59133e-06
3.57652e-06
6.07085e-06
3.56642e-06
6.48174e-06
3.32767e-06
7.43483e-06
5.50418e-06
5.58639e-06
9.23369e-06
5.38511e-06
9.6744e-06
5.72011e-06
6.33139e-06
9.41357e-06
5.56543e-06
6.56247e-06
5.45159e-06
7.7734e-06
5.84038e-06
9.67979e-06
3.30859e-06
3.27708e-06
5.30121e-06
1.90509e-06
-2.18717e-07
6.93893e-06
2.72337e-06
9.68874e-06
3.77498e-06
7.73798e-06
7.16417e-06
4.08258e-06
7.80881e-06
3.12628e-07
8.08464e-06
9.48842e-06
3.27304e-06
9.07425e-06
3.57443e-06
3.54906e-06
5.637e-07
3.53401e-06
3.51106e-06
5.49595e-06
3.71907e-06
3.92912e-06
4.36935e-06
6.03796e-06
6.7769e-06
2.86835e-06
6.45068e-06
7.0589e-06
5.47607e-06
5.44664e-06
5.39954e-06
5.34756e-06
1.0218e-06
9.44112e-06
8.27792e-06
8.60554e-06
2.02732e-06
7.59668e-06
6.82308e-06
7.88613e-06
3.36004e-06
9.5116e-06
5.05607e-06
5.96317e-06
1.63532e-06
6.89389e-06
6.70823e-06
4.41577e-06
4.38718e-06
9.40055e-06
7.47421e-06
6.70669e-06
9.58627e-06
9.66933e-06
9.45083e-06
7.525e-06
5.93543e-06
1.55089e-06
2.18163e-06
9.60127e-06
9.42278e-06
6.94246e-06
7.05697e-06
6.44753e-06
8.46942e-06
4.07353e-06
4.97725e-06
6.23303e-06
9.15846e-06
3.02841e-06
1.71773e-07
5.85021e-06
6.72541e-06
3.86197e-06
4.60777e-06
8.966e-06
2.42577e-06
9.67844e-06
5.46924e-06
7.81734e-06
7.44157e-06
7.39674e-06
2.93515e-06
9.37343e-06
7.43408e-06
3.19677e-06
3.49528e-06
9.23424e-06
2.88371e-06
8.12818e-07
7.13925e-06
1.77863e-06
2.19046e-06
2.61469e-06
1.23237e-06
3.05113e-06
4.62856e-06
4.64337e-06
8.11001e-06
7.08519e-06
4.26324e-06
7.09988e-07
7.50876e-06
7.68377e-06
6.13454e-06
9.61745e-06
9.10181e-06
5.1835e-06
5.60215e-06
2.33447e-06
8.80838e-07
4.672e-06
3.8611e-06
3.86423e-06
9.34343e-06
4.04901e-06
9.58584e-06
1.86177e-06
4.0389e-06
6.73725e-06
1.51424e-06
1.96742e-06
2.41636e-06
2.86252e-06
3.30679e-06
6.99263e-06
6.10917e-06
6.54739e-06
5.69533e-06
5.23306e-06
2.8778e-06
3.30504e-06
5.60343e-06
5.99636e-06
3.4686e-06
3.46127e-06
4.24016e-06
5.47942e-06
8.91051e-06
9.59598e-06
4.71769e-06
8.33919e-06
4.83448e-06
4.57948e-06
9.39521e-06
3.64122e-06
4.4025e-06
5.88285e-06
3.58048e-07
5.56849e-06
6.52854e-06
8.8141e-06
7.30655e-06
2.57e-06
6.12725e-07
9.16835e-06
8.21469e-06
9.5139e-06
7.58996e-06
3.1892e-06
6.97847e-06
4.37905e-06
8.85837e-06
9.64884e-06
7.42863e-06
7.69503e-06
1.12223e-06
3.44317e-06
5.87066e-06
4.85761e-06
4.8915e-06
6.48823e-06
1.83772e-06
4.80682e-06
4.80815e-06
1.58062e-06
9.17566e-06
2.97209e-06
9.262e-06
5.76717e-06
9.29931e-06
2.48777e-06
5.24882e-06
7.20228e-06
5.35741e-06
5.10308e-06
3.29332e-06
3.28939e-06
7.34468e-06
7.43872e-06
9.67129e-06
9.70512e-06
8.19743e-06
9.45399e-06
9.71079e-06
5.99961e-06
7.81571e-06
4.53168e-06
9.70435e-06
6.38193e-06
9.23988e-06
3.44064e-06
7.03804e-06
8.72785e-06
5.85558e-06
8.76515e-06
5.41163e-06
6.95707e-06
6.88818e-06
7.2839e-06
4.47201e-06
7.22164e-06
9.39693e-06
4.34491e-06
4.34363e-06
3.32704e-06
1.50204e-06
2.88891e-06
2.4542e-06
2.01996e-06
1.05709e-06
9.02001e-06
4.17234e-06
4.77602e-06
7.78987e-06
5.32102e-06
3.01084e-06
7.90159e-06
9.65162e-06
5.73774e-06
2.79631e-06
9.69408e-06
6.30286e-06
7.57644e-06
5.32975e-07
7.11294e-06
9.63548e-06
9.3357e-06
2.6411e-06
4.47565e-06
4.48642e-06
4.80118e-06
3.19948e-06
1.37447e-06
5.24814e-06
4.58578e-06
6.11264e-06
8.34756e-06
7.87754e-06
4.82652e-06
5.85076e-06
4.69858e-06
9.41201e-07
2.75782e-06
2.32985e-06
1.91499e-06
5.59609e-06
7.63303e-06
7.31081e-06
6.30102e-06
9.39358e-06
8.60077e-06
2.03336e-06
9.53527e-06
9.7107e-06
5.59901e-06
2.95868e-06
3.89307e-06
4.72013e-06
5.03707e-06
7.16199e-06
2.49652e-06
6.42252e-06
9.70792e-07
7.59506e-06
6.33436e-07
2.21385e-06
7.79403e-06
3.60032e-06
2.22413e-06
9.31178e-06
6.38437e-06
5.1291e-06
8.50866e-07
2.69395e-07
4.95857e-06
2.20974e-06
7.13627e-06
9.70359e-06
7.65126e-06
4.28456e-06
7.19339e-06
8.86728e-06
6.55345e-06
6.62091e-06
8.51693e-07
3.03623e-06
6.06696e-06
4.93176e-06
4.95664e-06
1.46363e-06
5.54914e-06
9.10237e-06
1.00866e-06
3.33253e-06
5.9985e-06
6.63042e-06
1.71876e-06
5.00507e-06
5.03664e-06
5.10732e-06
1.91714e-06
6.06518e-06
7.06921e-06
5.70104e-06
7.22377e-06
5.50042e-06
9.46635e-06
9.11534e-06
4.64931e-06
6.08563e-06
6.50809e-06
1.02661e-06
6.94101e-06
8.48984e-06
6.56223e-06
4.33049e-06
6.66478e-06
9.70538e-06
5.10926e-06
6.52015e-07
4.56991e-06
6.65677e-06
5.63155e-06
5.17302e-06
8.98822e-06
5.06602e-06
6.97033e-06
7.49599e-06
9.36554e-06
4.41142e-06
7.39917e-06
8.74314e-06
6.73103e-06
6.54062e-06
9.1458e-06
7.35121e-06
8.04104e-06
3.27642e-06
7.89529e-06
4.82569e-06
7.05542e-06
3.27564e-06
7.74966e-06
1.24685e-06
9.48166e-06
3.3466e-06
9.17285e-06
5.45942e-07
9.49547e-06
3.62736e-06
5.29602e-06
6.39858e-06
3.73215e-06
9.37522e-06
9.57259e-06
8.46625e-06
8.52866e-06
5.8252e-06
1.05934e-06
5.74799e-06
3.88149e-06
6.14691e-06
6.29529e-06
3.42804e-06
4.56842e-06
5.96604e-06
6.12456e-06
7.78273e-06
5.76793e-06
9.69464e-06
9.40237e-06
8.8091e-07
3.19321e-06
6.14896e-06
6.77303e-06
1.57702e-06
5.15107e-06
5.18338e-06
5.10298e-06
5.07833e-06
1.31525e-06
7.16695e-06
9.70835e-06
9.47877e-06
3.40817e-06
6.67656e-06
9.69168e-06
9.42822e-06
9.6945e-06
8.00595e-06
3.1669e-06
5.75656e-07
5.8244e-07
5.72243e-06
5.22122e-07
5.27217e-07
2.74972e-06
5.79688e-07
6.47745e-06
7.61533e-07
1.42661e-06
6.02223e-06
3.75891e-06
4.96488e-06
1.06561e-06
1.81871e-06
1.7943e-06
1.06393e-06
1.80824e-06
6.64135e-06
4.78905e-06
9.83191e-07
4.96295e-06
3.2972e-06
3.75943e-06
1.69574e-06
5.04811e-06
5.01234e-06
4.34543e-06
4.21833e-06
9.58595e-06
1.22237e-06
1.21446e-06
1.56495e-06
1.37355e-06
1.36273e-06
3.4503e-06
5.10997e-06
7.38349e-06
7.4085e-06
2.48242e-06
5.01897e-06
1.53934e-06
6.88643e-06
9.10062e-07
6.38341e-06
7.12441e-07
7.38975e-06
7.73037e-06
9.24028e-06
9.66164e-06
3.94622e-06
1.29525e-06
7.46876e-06
6.00256e-06
9.29985e-06
6.40789e-06
2.35056e-06
6.82502e-06
5.3737e-06
9.11895e-06
5.64402e-07
8.46197e-06
4.42504e-06
3.79979e-06
8.04492e-06
7.21891e-06
3.26268e-06
4.15875e-06
9.23449e-06
7.06135e-06
2.95425e-06
9.6793e-06
4.10388e-06
4.07661e-06
9.21523e-06
1.96629e-06
1.95699e-06
1.94423e-06
6.44221e-06
8.36495e-06
4.41063e-06
6.88864e-06
2.45794e-06
5.53597e-06
7.54985e-06
6.2275e-06
7.22624e-06
9.65181e-06
8.96293e-06
6.5091e-06
5.66156e-06
7.55346e-06
2.39598e-06
7.41903e-06
1.3408e-06
8.64861e-06
2.56387e-06
7.28649e-06
5.54382e-06
3.01629e-06
1.08572e-06
9.01811e-06
1.99892e-06
9.52176e-06
6.99784e-06
7.77849e-07
7.50962e-06
9.71058e-06
3.01084e-06
2.56557e-06
2.11773e-06
1.66635e-06
5.07373e-06
3.45597e-06
3.45775e-06
5.54953e-06
5.0231e-06
9.69404e-06
9.64658e-06
3.21903e-06
9.05302e-06
5.40751e-06
9.36913e-06
1.69227e-06
1.78262e-06
7.4356e-07
7.47704e-06
3.40859e-06
3.39422e-06
8.43348e-06
7.12411e-06
2.76779e-06
1.19716e-06
1.18648e-06
7.20372e-06
5.74966e-07
5.66135e-07
9.47073e-06
5.53803e-06
6.5329e-06
8.04154e-06
4.79328e-06
1.18431e-06
1.91717e-06
6.36042e-06
1.93785e-06
1.92967e-06
8.34429e-06
9.1412e-06
7.67214e-06
6.37527e-06
7.7274e-06
9.23686e-06
9.36152e-06
3.07526e-06
1.20898e-06
5.47445e-06
7.48816e-07
7.5592e-07
1.52276e-06
1.51226e-06
1.49098e-06
7.4856e-06
7.16726e-06
6.1695e-06
9.28533e-06
2.37117e-06
3.88439e-06
8.08274e-06
9.66785e-06
5.38753e-06
3.92529e-06
7.9153e-08
4.76639e-06
6.7359e-06
9.31732e-06
4.31561e-06
9.70567e-06
7.05769e-06
7.75625e-06
4.90072e-06
9.60885e-06
3.88902e-06
3.51882e-06
4.08677e-06
9.42351e-06
6.20722e-06
2.61255e-06
1.87795e-06
4.52045e-06
4.00775e-06
4.01264e-06
6.83445e-06
6.27717e-06
9.51158e-06
5.37645e-06
8.34907e-07
7.88205e-06
1.65855e-06
8.04009e-06
7.35266e-06
6.28744e-06
9.68505e-06
4.88444e-06
9.70748e-06
2.36539e-06
1.34841e-06
1.33837e-06
3.7948e-06
3.05169e-06
6.27627e-06
4.50365e-06
6.00957e-07
8.19197e-06
6.19968e-06
9.06336e-06
5.04499e-06
6.52609e-06
9.6356e-06
3.9023e-06
3.90026e-06
1.55237e-06
6.5895e-06
9.3884e-06
4.50746e-06
2.48792e-06
1.47077e-06
1.4876e-06
1.49699e-06
8.63905e-06
7.19824e-07
7.3006e-07
3.88189e-06
9.66372e-06
6.83448e-06
8.73785e-06
9.70635e-06
5.71331e-06
6.88175e-06
8.48254e-06
1.1214e-06
7.15058e-07
1.0047e-06
1.29859e-06
2.08612e-06
2.38016e-06
5.93515e-06
2.68443e-06
7.23035e-06
2.11071e-06
2.10182e-06
2.99707e-06
2.09112e-06
5.64669e-06
4.49244e-06
6.93833e-06
4.19388e-06
5.35234e-06
5.89768e-06
6.91845e-06
6.62341e-06
5.31206e-06
6.3234e-06
5.60682e-06
5.27004e-06
3.90232e-06
5.25424e-06
4.04319e-06
4.28807e-06
4.25998e-06
2.40557e-06
2.6889e-06
2.96985e-06
3.25035e-06
3.542e-06
3.86316e-06
2.04692e-06
7.34107e-06
7.1853e-06
7.75877e-06
6.75814e-06
1.76673e-07
1.76913e-07
5.2792e-06
4.64015e-06
4.19321e-06
4.04427e-06
1.27312e-06
5.11903e-06
5.11513e-06
5.16351e-06
5.20127e-06
3.14881e-06
6.17326e-06
6.79121e-06
8.37785e-07
9.45366e-06
1.45973e-06
3.11862e-06
2.0667e-06
9.15393e-06
9.55561e-06
2.08284e-06
8.30179e-06
2.07212e-06
6.96141e-06
3.03203e-06
6.30088e-06
6.91858e-06
1.43092e-06
5.30084e-06
5.33146e-06
5.2532e-06
5.2207e-06
1.16584e-06
7.67295e-06
6.84282e-06
1.24806e-06
9.2926e-06
5.94128e-06
9.20606e-06
8.18238e-06
2.36535e-07
8.93275e-06
9.69461e-06
6.9936e-06
1.72387e-06
5.40613e-06
3.73912e-06
9.25703e-06
7.33853e-06
4.67017e-06
8.55157e-06
4.98416e-06
9.40636e-06
9.68193e-06
9.21657e-06
8.38279e-06
7.549e-06
1.19116e-06
6.53603e-06
2.24653e-06
7.11259e-06
4.80962e-06
7.68694e-06
9.27633e-06
9.15372e-06
9.19239e-06
7.68055e-06
9.47667e-06
1.49008e-06
2.02744e-06
9.4647e-06
7.6555e-06
6.81565e-06
9.63442e-06
9.46207e-06
9.53001e-06
1.77054e-06
9.14882e-06
8.91541e-06
5.83711e-06
6.91908e-06
6.66067e-06
3.5612e-06
3.77064e-06
4.21677e-06
2.70567e-06
6.59964e-06
7.20097e-06
5.59414e-06
5.62081e-06
5.54832e-06
8.7664e-07
3.26704e-06
3.92316e-06
6.88904e-06
2.39804e-06
5.88749e-06
5.90051e-06
2.98478e-06
3.63743e-06
6.18291e-06
2.10118e-06
2.70456e-06
1.80807e-06
2.42481e-06
2.14449e-06
1.27672e-06
4.56756e-06
4.53804e-06
9.8853e-07
8.03735e-06
4.01708e-06
7.74056e-06
9.22511e-06
2.6591e-06
9.2454e-06
9.65099e-06
1.68542e-06
9.68587e-06
9.16858e-06
9.30143e-06
6.76178e-06
1.43855e-06
9.69084e-06
9.69399e-06
6.83586e-06
6.99297e-06
9.27567e-06
9.71217e-06
5.12144e-06
3.42267e-06
9.6724e-06
9.54082e-06
6.46061e-06
8.37685e-07
9.28147e-06
3.43086e-06
2.99375e-06
2.55124e-06
2.10179e-06
9.66281e-06
1.64504e-06
2.21737e-06
7.86801e-06
8.2776e-06
9.6872e-06
9.62629e-06
4.18132e-06
4.40808e-06
9.57098e-06
4.2639e-06
4.23612e-06
7.54679e-06
4.98682e-06
6.08332e-06
9.68527e-06
9.0124e-06
3.87173e-07
5.70364e-06
1.33737e-06
6.24106e-06
3.71278e-06
9.3405e-06
6.93717e-06
1.77189e-06
4.23671e-06
5.76213e-06
6.64288e-06
1.95382e-06
6.98308e-06
9.69696e-06
7.14185e-06
2.51856e-06
9.68693e-06
9.68939e-06
6.94427e-07
9.71068e-06
5.49827e-07
9.19797e-06
4.6534e-06
7.76621e-06
3.23259e-06
9.28019e-06
2.10884e-07
3.97175e-07
6.50341e-06
5.06742e-07
3.71847e-07
4.60124e-06
7.12749e-06
2.84353e-06
4.16103e-07
4.6556e-06
9.69844e-06
1.93094e-06
3.13417e-06
9.65829e-06
4.56529e-07
9.23237e-06
2.25482e-06
6.69934e-06
3.11954e-06
5.54204e-06
4.6908e-06
5.95352e-06
8.58488e-06
9.70546e-06
5.8736e-06
8.55115e-06
6.87178e-06
3.2138e-06
9.24018e-06
9.39054e-06
1.41232e-06
7.34305e-06
9.71125e-06
9.67986e-06
6.66156e-06
6.16566e-06
9.21126e-06
3.92295e-06
3.94887e-06
9.55652e-06
3.22638e-07
7.78078e-06
6.96354e-06
2.26122e-06
4.55606e-06
8.04559e-06
2.88012e-06
5.43902e-06
7.04689e-06
9.70448e-06
3.62946e-07
6.39352e-06
5.86003e-06
7.77024e-06
5.20797e-06
5.78404e-06
3.63795e-06
8.76802e-06
9.68246e-06
6.76356e-06
7.79071e-06
9.70102e-06
4.4348e-06
4.40571e-06
2.26284e-06
1.93946e-06
6.04259e-06
3.75732e-06
5.42093e-06
3.89051e-06
3.26667e-06
6.55201e-06
9.02087e-06
7.32411e-06
2.98935e-06
9.70451e-06
4.43744e-06
5.87839e-06
9.08455e-06
4.96204e-06
6.93545e-06
5.26393e-06
9.64492e-06
9.5159e-06
8.66049e-06
9.26179e-06
6.07403e-06
9.52503e-06
6.59961e-06
9.31186e-06
9.18145e-06
9.27565e-06
2.43163e-06
3.78456e-06
3.92694e-06
7.64301e-06
8.42373e-06
5.33136e-06
9.38734e-06
9.70281e-06
7.44962e-06
6.45301e-06
6.04023e-06
4.57914e-06
8.08068e-07
5.19129e-06
9.25837e-06
9.70754e-06
6.7029e-06
8.42363e-06
3.96484e-06
9.24182e-06
6.59744e-06
3.32234e-06
5.43634e-06
3.11249e-06
9.70735e-06
3.90967e-06
9.71489e-07
4.18266e-06
5.86514e-06
6.40416e-06
5.26043e-06
4.19109e-06
9.07064e-06
9.69632e-06
9.06208e-06
6.68488e-06
4.66727e-06
7.47517e-06
6.51546e-06
8.12072e-06
9.69486e-06
7.56754e-06
6.20548e-06
9.5204e-06
9.318e-06
6.22353e-06
7.07249e-06
6.08487e-06
7.38911e-06
5.40663e-06
2.26961e-06
8.88205e-07
8.74835e-07
1.6182e-06
1.64437e-06
1.64033e-06
4.10822e-06
4.13548e-06
4.44507e-06
4.45643e-06
5.86786e-06
6.27784e-06
7.88692e-06
8.01908e-07
1.14292e-06
-6.10964e-08
9.42466e-06
4.39351e-06
7.7908e-08
9.32695e-06
9.19071e-06
7.24373e-06
3.77498e-06
3.7472e-06
4.59068e-06
8.4433e-06
2.82064e-06
4.63049e-06
6.25624e-06
7.51887e-06
4.29353e-06
6.90767e-06
2.65014e-06
9.32653e-06
7.09041e-06
9.68613e-06
9.68693e-06
6.66284e-07
9.25233e-06
4.15229e-06
4.15969e-06
9.70693e-06
5.54943e-06
1.51077e-06
9.28326e-06
6.99311e-07
3.8025e-06
6.39796e-06
6.10857e-06
7.20156e-06
2.35062e-06
4.37444e-07
1.37435e-06
7.20487e-06
6.2725e-06
9.41203e-06
9.67929e-06
5.61638e-06
6.75294e-06
9.25472e-07
4.48002e-06
3.95135e-06
7.54577e-06
9.5054e-06
9.66036e-06
8.06468e-06
4.94226e-07
8.27208e-06
3.3429e-06
3.46415e-06
5.68051e-06
4.96991e-06
3.5724e-06
5.24892e-06
7.40198e-06
7.97802e-06
3.71029e-06
3.73523e-06
3.57531e-06
3.13912e-06
2.70028e-06
2.25257e-06
9.29358e-06
1.79821e-06
6.64093e-06
4.02347e-06
9.70747e-06
9.69131e-06
9.13935e-06
7.02465e-06
7.67973e-06
5.90815e-06
7.89605e-06
6.27836e-06
8.57475e-06
5.12915e-06
9.608e-06
5.67447e-06
4.01679e-06
9.6407e-06
5.96111e-06
7.25706e-06
1.87668e-06
1.35508e-06
2.31013e-06
2.74336e-06
4.49355e-06
3.18192e-06
4.49932e-06
9.10777e-07
9.26732e-06
9.36783e-06
8.18205e-06
8.02499e-06
4.07942e-07
4.12576e-07
4.85638e-06
3.69148e-06
6.38756e-06
9.15295e-06
9.08168e-06
9.70879e-06
9.7015e-06
9.52989e-06
7.95929e-06
9.27623e-06
9.19442e-06
1.81153e-06
9.67549e-06
5.13531e-06
6.69668e-06
8.27097e-06
9.69376e-06
8.25654e-06
2.12847e-06
7.31405e-06
2.83005e-06
9.30699e-06
7.753e-06
7.3451e-06
9.22719e-06
9.2959e-06
5.69376e-07
9.52696e-06
8.59127e-07
1.15351e-06
2.54657e-06
2.82886e-06
2.23125e-06
3.1086e-06
6.77367e-06
5.75368e-06
5.7931e-06
2.52955e-06
4.04639e-06
3.39276e-06
5.46062e-06
5.50263e-06
6.47492e-06
7.08651e-06
2.84028e-06
4.34253e-06
3.69721e-06
9.43118e-06
2.04367e-06
6.8893e-06
8.79415e-06
9.31206e-06
4.10857e-06
7.95755e-06
3.09257e-06
5.80037e-06
9.61279e-06
2.07836e-06
9.26039e-06
9.70843e-06
7.99177e-06
5.73865e-06
9.34389e-06
6.25518e-06
1.04333e-06
8.86388e-06
7.48102e-06
7.54403e-06
4.7531e-06
6.84558e-06
2.24946e-06
3.012e-06
7.62043e-06
9.65913e-06
3.61892e-06
9.58082e-06
3.59511e-06
9.7074e-06
8.92878e-06
9.70672e-06
5.76733e-06
9.31788e-06
4.64758e-06
6.64991e-07
2.28914e-06
9.08489e-06
4.26193e-06
9.69198e-06
3.88908e-07
1.00164e-06
7.02636e-06
7.78857e-06
6.5495e-06
9.33398e-06
6.9262e-06
4.83764e-06
3.70239e-06
4.15298e-07
3.70273e-06
1.7957e-06
5.56903e-06
4.04771e-06
3.61467e-06
6.18558e-06
1.40969e-06
4.04286e-06
3.74017e-06
4.5814e-06
4.55072e-06
2.12234e-06
4.22995e-06
6.60825e-06
1.84296e-06
1.70184e-06
8.72402e-06
4.23504e-06
9.44111e-06
8.95089e-06
5.57798e-07
5.95281e-07
5.5286e-06
9.29597e-06
2.24021e-06
2.20668e-06
1.2328e-06
4.93385e-06
4.48326e-06
9.30237e-06
9.27459e-06
8.72585e-06
7.83419e-06
5.81911e-06
9.70058e-06
9.65765e-06
8.19046e-06
5.50873e-06
5.50158e-06
9.70959e-06
4.10418e-06
3.50569e-06
7.44434e-06
9.61973e-06
8.43239e-06
8.43915e-06
1.26216e-06
2.22958e-06
3.72754e-06
7.71255e-06
9.50441e-06
2.57021e-06
1.06933e-06
2.01027e-06
9.60937e-06
9.7126e-06
9.60385e-06
7.36006e-06
9.42854e-06
7.87577e-06
2.48856e-06
9.68267e-06
9.15953e-06
3.55686e-06
8.17807e-06
7.16775e-06
6.09549e-06
3.32388e-06
9.61391e-06
9.66734e-06
9.63101e-06
9.70931e-06
7.79086e-06
8.35225e-06
9.12024e-06
5.07112e-06
3.46027e-06
1.6662e-06
9.54825e-06
2.11751e-06
2.56123e-06
3.00724e-06
3.46182e-06
9.17504e-06
9.38559e-06
5.73606e-06
9.69459e-06
1.39407e-06
9.31798e-06
1.92121e-06
7.14414e-06
4.71279e-06
9.47416e-06
3.58988e-06
6.75477e-07
6.86144e-07
8.26333e-06
7.30827e-06
1.37815e-06
1.36348e-06
9.26292e-06
2.09966e-06
3.8608e-06
9.61163e-06
2.09548e-06
6.28009e-06
6.70822e-06
7.91344e-06
9.16506e-06
2.10192e-06
9.64718e-06
5.24881e-06
5.36942e-06
3.15757e-06
2.39051e-06
5.9225e-06
3.67789e-06
9.67608e-06
3.99947e-06
3.97262e-06
6.74488e-06
7.13812e-06
9.70497e-06
1.35849e-06
7.92355e-06
4.13085e-07
4.14685e-07
7.43249e-06
2.16186e-06
9.69798e-06
1.84736e-06
7.19128e-07
1.19546e-06
9.20291e-06
9.68694e-06
8.5716e-06
8.00145e-07
7.92831e-07
1.5179e-06
1.50294e-06
1.53457e-06
4.70599e-06
3.19368e-06
3.20023e-06
9.227e-06
8.77235e-06
9.42185e-06
2.80809e-06
9.62898e-06
1.23023e-06
1.22236e-06
6.00289e-06
9.25364e-06
3.27161e-06
9.6967e-06
9.55401e-06
9.33706e-06
8.07238e-06
2.00607e-06
9.69942e-06
2.77853e-06
1.36788e-06
4.55215e-06
1.23789e-06
5.10182e-06
5.11645e-06
1.5493e-06
6.78846e-06
6.17361e-06
3.12771e-06
5.16323e-06
5.19923e-06
8.38501e-07
9.67351e-06
5.93093e-06
7.10754e-06
9.5089e-06
8.77905e-06
1.9477e-06
9.61879e-06
9.40577e-06
7.47006e-06
1.94993e-06
4.94836e-06
3.58405e-06
9.37235e-06
2.62307e-06
8.24008e-06
1.97059e-06
1.81825e-06
2.26551e-06
2.70943e-06
3.15892e-06
3.58745e-06
9.15343e-06
7.52115e-06
7.98767e-06
4.40166e-06
6.63133e-06
2.60204e-06
8.96289e-06
6.38605e-06
8.62171e-06
9.28341e-06
9.66833e-06
8.65894e-06
5.96336e-06
9.48204e-06
9.64766e-06
8.39752e-06
9.23384e-06
5.3886e-06
3.15929e-06
7.63357e-06
9.27556e-06
9.61026e-06
4.59885e-06
4.42711e-06
6.40225e-06
9.3696e-06
9.15877e-06
6.10883e-06
5.98562e-06
7.63517e-06
8.47815e-06
5.82348e-06
5.20423e-06
9.70767e-06
9.25063e-06
6.31167e-06
5.51601e-06
4.07692e-06
4.10427e-06
9.33279e-06
1.77732e-06
8.38168e-06
3.15762e-06
2.71373e-06
2.26662e-06
1.81685e-06
3.46064e-06
9.5983e-06
1.61257e-06
5.86495e-06
9.69683e-06
9.45559e-06
1.09045e-06
5.85608e-06
6.13331e-07
8.08857e-06
4.79976e-06
8.4842e-06
3.69559e-07
3.63286e-07
9.77707e-06
3.97183e-06
9.67123e-06
9.60989e-06
8.94725e-06
3.42843e-06
5.90308e-07
6.62147e-07
9.28462e-06
9.70737e-06
9.68145e-06
7.00572e-06
4.56204e-06
9.624e-06
9.56972e-07
7.65242e-06
9.68507e-06
4.93568e-06
3.6039e-06
7.2637e-06
3.60287e-06
9.1856e-06
9.67191e-06
7.68789e-06
5.97257e-06
9.2143e-06
8.21101e-06
9.3105e-06
9.7093e-06
9.24528e-06
4.6355e-07
9.49321e-06
8.87384e-06
9.70782e-06
9.372e-06
7.50891e-06
8.41332e-06
9.67892e-06
9.66627e-06
9.72181e-06
4.34836e-06
9.7182e-06
9.53415e-06
5.35364e-06
9.49175e-06
7.93261e-06
5.67703e-06
1.58613e-06
8.28041e-06
8.43506e-06
6.35397e-06
1.73321e-06
6.80264e-06
4.49627e-06
8.93025e-06
6.30274e-07
9.22329e-06
9.46799e-06
6.42693e-08
9.70598e-06
9.12263e-07
9.0813e-07
1.64479e-06
1.65992e-06
1.6716e-06
8.18602e-06
9.16319e-06
1.36165e-06
7.63899e-07
6.42911e-06
4.64046e-06
4.63884e-06
3.03399e-06
1.20001e-06
2.60187e-06
2.16814e-06
1.70833e-06
2.35801e-07
6.17793e-06
4.94278e-06
4.9289e-06
1.40534e-06
9.71361e-07
3.2924e-06
6.01683e-06
6.60801e-06
1.69983e-06
4.97994e-06
5.01461e-06
7.50978e-06
5.61879e-06
8.9104e-06
7.5451e-06
9.67599e-06
9.58909e-06
9.64844e-06
2.54713e-07
4.1756e-06
9.68672e-06
9.63141e-06
9.44487e-06
3.9568e-06
3.93013e-06
8.63831e-06
3.84295e-07
7.75596e-06
8.03653e-06
5.97212e-06
4.84458e-06
4.87412e-06
9.04449e-07
2.74393e-06
2.31418e-06
1.86214e-06
9.53418e-06
7.97264e-06
4.48462e-06
4.50497e-06
3.1835e-06
1.36492e-06
8.21807e-06
9.60013e-06
2.67954e-06
4.34337e-06
9.21444e-06
9.64867e-06
3.37171e-06
7.59446e-06
1.29855e-06
9.59815e-06
9.73087e-06
9.20074e-06
9.54343e-06
1.2669e-07
9.70828e-06
9.34922e-06
2.22264e-06
7.45451e-06
5.2729e-06
3.26935e-06
1.18804e-06
1.1186e-06
9.70586e-06
1.90698e-06
1.93302e-06
9.70106e-06
9.70328e-06
2.51053e-06
2.21597e-06
9.75341e-07
9.59626e-06
5.75905e-06
9.53863e-06
3.85594e-06
1.56181e-06
9.26009e-06
1.95041e-06
2.40229e-06
2.84783e-06
3.28413e-06
9.66702e-06
9.61991e-06
9.70108e-06
5.13904e-06
3.09846e-06
8.00089e-06
8.20697e-06
8.87907e-06
9.48524e-06
9.01563e-06
1.91683e-06
9.69006e-06
7.76463e-06
9.19618e-06
4.09169e-07
4.06562e-07
8.78869e-06
9.69726e-06
9.28334e-06
5.18375e-06
3.10489e-06
6.89046e-06
7.9296e-06
5.59557e-06
3.25475e-06
9.51132e-06
8.04607e-06
9.35526e-06
9.59668e-06
2.15911e-06
6.13124e-06
2.06689e-06
6.55724e-07
4.26267e-06
9.05485e-06
1.49168e-06
2.07323e-06
9.23716e-07
9.38719e-07
5.68322e-06
9.70547e-06
1.67054e-06
1.65304e-06
1.63422e-06
6.0163e-06
9.29742e-06
9.69949e-06
9.05861e-06
9.31191e-06
9.69043e-06
5.29992e-06
5.2646e-06
6.88077e-06
5.19002e-06
9.70426e-06
6.33828e-06
1.28197e-06
5.2173e-06
3.1922e-06
1.4674e-06
6.26553e-06
9.68938e-06
9.54837e-06
1.46111e-06
1.47712e-06
4.94068e-06
6.98939e-06
7.43967e-06
9.70139e-06
9.50441e-06
1.32247e-06
1.32094e-06
7.47817e-06
9.25322e-06
2.04643e-06
4.36426e-06
9.3859e-06
2.24728e-06
9.21089e-06
1.44048e-06
6.18927e-06
9.60249e-06
9.09216e-06
7.47335e-07
1.15884e-06
3.54133e-06
6.63707e-06
7.09398e-06
4.89222e-06
5.55374e-06
4.54124e-06
8.33709e-06
9.38646e-06
7.69508e-06
3.51938e-06
1.75049e-06
2.69601e-06
3.14013e-06
5.72142e-06
9.69967e-06
9.65926e-06
6.55293e-07
9.67666e-06
3.68219e-06
2.39769e-06
1.30254e-06
3.88426e-06
7.55038e-06
4.9977e-06
1.94203e-06
4.3338e-06
3.97038e-06
9.30626e-06
9.65641e-06
3.07928e-06
7.4902e-06
8.56143e-06
2.8452e-06
3.28229e-06
4.85151e-06
3.44346e-07
9.28234e-06
2.07421e-06
2.39075e-06
4.92093e-07
2.35648e-06
2.8232e-06
6.47249e-06
7.08712e-06
5.45292e-06
5.50017e-06
5.42059e-06
5.40503e-06
9.62818e-07
9.64015e-06
1.74731e-06
1.78568e-06
1.03707e-06
9.79144e-07
3.20297e-06
1.60732e-06
1.67106e-06
6.35427e-06
2.85518e-06
4.09259e-07
9.48874e-06
9.39942e-07
3.39778e-06
4.04332e-06
2.5193e-06
6.777e-06
5.80001e-06
5.74908e-06
7.38187e-06
1.80172e-06
2.05487e-06
1.07731e-06
2.47675e-06
1.12852e-06
9.0796e-06
3.11892e-06
3.75685e-06
6.07489e-06
2.2323e-06
6.04353e-06
7.07326e-06
2.83588e-06
1.94499e-06
2.54805e-06
2.25812e-06
1.42186e-06
7.35508e-06
1.13981e-06
2.90281e-06
4.73795e-06
4.40934e-06
4.38095e-06
1.97215e-06
1.07851e-06
1.08741e-06
9.68979e-06
1.02953e-06
1.04301e-06
8.17479e-07
3.65526e-06
9.5446e-06
3.64623e-06
1.78616e-06
1.42429e-06
9.22025e-06
1.79116e-06
1.82146e-06
1.76848e-06
8.96418e-06
1.80195e-06
1.79493e-06
8.74708e-07
8.53245e-06
9.30869e-06
3.44912e-06
9.72376e-06
7.46206e-06
4.51042e-06
2.85441e-06
3.28684e-06
8.75879e-07
4.18662e-06
5.40536e-06
7.36733e-06
1.39041e-06
1.3263e-06
8.57031e-06
1.25001e-07
4.81468e-07
7.64569e-06
4.19922e-06
4.20593e-06
7.63848e-06
9.69489e-06
1.58493e-06
5.23458e-06
5.27017e-06
3.18757e-06
5.54265e-06
7.58128e-06
1.25122e-06
5.18778e-06
5.05111e-06
9.70358e-06
7.21872e-07
7.6626e-06
4.54804e-06
5.78913e-06
6.14108e-06
6.85283e-06
3.99684e-06
4.00184e-06
1.25683e-06
7.62007e-07
2.51224e-06
6.98974e-06
4.61133e-06
5.73038e-06
6.52787e-06
1.37213e-06
1.65388e-06
1.48695e-06
9.69974e-06
2.38608e-06
3.29456e-06
9.61516e-06
2.61963e-06
2.19124e-06
1.8005e-06
1.96385e-06
3.0521e-06
3.91418e-06
1.21781e-06
7.50901e-06
6.83019e-06
5.38197e-06
1.50695e-06
1.5672e-06
8.68589e-06
3.58438e-06
5.72361e-06
3.46811e-06
6.32257e-06
1.65942e-06
1.97583e-06
4.69413e-06
4.72467e-06
4.45652e-06
1.07858e-06
1.80836e-06
6.07706e-06
5.94414e-06
2.36634e-06
2.26813e-06
4.51386e-06
2.48835e-06
6.76688e-06
7.08957e-06
6.09553e-06
9.69923e-06
5.0608e-06
6.37809e-06
9.07071e-06
1.13216e-06
8.93779e-07
4.6313e-06
1.78371e-06
3.74555e-06
2.61883e-06
3.64376e-06
7.2394e-06
8.08875e-07
2.5593e-06
3.97569e-06
3.94718e-06
5.35401e-06
5.36296e-06
6.95248e-06
7.43796e-06
3.95458e-06
3.92814e-06
4.33493e-06
4.48736e-06
2.26767e-06
2.70625e-06
3.14914e-06
3.61453e-06
3.27382e-06
6.46357e-06
5.73502e-06
4.92725e-06
3.57234e-06
5.10689e-06
1.54311e-06
9.46014e-07
5.30618e-06
5.7447e-07
9.18752e-06
7.12731e-06
9.69e-06
3.52925e-06
2.13895e-06
6.66593e-06
2.24409e-06
6.18466e-06
5.18186e-06
3.40556e-06
1.66241e-06
6.21941e-06
2.55724e-06
2.23599e-06
9.51923e-07
2.78887e-06
6.61477e-06
7.29631e-06
3.34642e-06
5.40203e-06
4.16915e-07
4.22239e-07
5.57301e-06
8.46432e-06
3.87111e-06
4.34667e-06
4.3368e-06
3.96596e-06
3.9388e-06
3.77899e-06
4.79456e-06
2.21414e-06
3.97337e-06
2.07615e-06
7.54321e-07
1.36322e-06
1.97289e-06
2.70148e-06
2.99106e-06
6.0359e-06
6.23246e-06
4.17217e-06
4.04352e-06
5.88296e-06
7.21104e-06
5.60265e-06
5.61957e-06
3.89554e-06
4.52462e-06
4.49629e-06
1.01305e-06
5.5863e-06
1.88119e-06
2.12152e-06
2.09704e-06
2.41245e-06
8.88138e-07
2.08957e-06
7.39762e-06
5.81183e-06
5.7481e-06
6.92825e-06
6.09696e-06
2.2661e-06
1.95349e-06
5.97116e-06
2.4132e-06
1.81753e-06
3.64806e-06
1.48338e-06
8.47292e-06
3.44744e-06
5.25535e-06
3.00389e-06
3.44779e-06
4.21916e-06
4.18676e-06
4.80733e-06
3.13464e-06
4.04087e-06
4.82782e-06
1.10514e-06
9.69826e-06
1.01647e-06
7.36939e-06
2.84654e-06
5.89239e-06
2.11975e-06
1.24967e-06
1.24349e-06
3.91406e-06
4.62546e-06
4.05323e-06
4.08001e-06
3.90209e-06
1.82797e-06
9.70092e-06
7.58325e-07
8.96014e-07
6.47029e-06
4.88498e-06
3.78332e-06
5.47152e-07
7.70653e-06
9.59122e-06
6.39152e-06
6.34725e-06
7.11147e-07
6.79863e-06
5.40063e-06
2.37427e-06
5.90536e-07
3.4577e-06
4.8539e-06
5.27898e-06
3.24041e-06
3.49015e-06
1.51921e-06
5.17621e-06
6.3437e-06
2.32647e-06
6.35263e-07
6.21084e-06
7.48791e-06
3.49822e-07
8.42296e-06
1.36134e-06
7.13105e-06
9.59966e-06
3.38893e-06
5.11922e-06
6.74896e-06
4.66541e-06
5.33828e-06
6.50301e-07
6.47499e-07
3.55739e-06
6.66579e-06
4.76688e-06
6.30091e-06
7.32239e-06
4.73605e-06
4.80926e-06
4.11507e-06
4.08951e-06
2.27807e-06
1.97023e-06
1.18492e-06
4.75998e-06
4.80437e-06
4.83563e-06
3.51167e-06
2.20404e-06
9.69353e-06
4.16284e-06
2.25724e-06
2.69915e-06
3.14806e-06
3.69096e-06
6.4438e-06
4.87763e-06
1.40456e-06
4.06503e-06
3.40124e-06
6.51699e-06
4.94945e-06
7.46169e-06
5.75377e-06
5.88725e-06
2.71231e-06
1.9343e-06
5.49243e-06
2.99885e-06
8.32768e-07
1.38392e-06
9.63898e-06
3.98707e-06
3.96972e-06
3.28288e-06
4.25351e-06
3.6542e-06
3.41986e-06
9.70065e-06
4.91662e-06
1.64522e-06
5.21286e-06
2.03768e-06
2.47935e-06
6.27057e-06
3.47764e-06
4.7717e-06
1.55305e-06
3.81638e-06
1.2167e-06
1.01016e-06
1.32463e-06
3.8198e-06
1.74793e-06
1.79382e-06
6.83355e-06
4.90838e-06
1.62423e-06
9.72107e-07
3.42296e-06
7.21514e-06
1.00392e-06
1.77877e-06
9.94858e-07
6.45306e-06
3.00592e-06
1.33276e-06
3.15173e-06
4.43998e-07
5.57901e-06
5.42343e-06
2.09026e-06
1.26409e-06
4.98816e-06
2.44756e-06
2.71052e-06
7.19659e-06
6.90261e-06
1.99354e-06
2.22671e-06
2.42124e-06
6.03376e-06
1.5521e-06
1.48922e-06
1.64164e-06
3.26785e-06
4.89596e-06
1.10373e-06
5.64289e-06
6.03084e-06
1.86716e-07
4.58867e-06
3.48331e-07
1.24743e-06
5.60984e-06
2.71849e-06
7.57517e-07
5.53186e-06
5.49006e-06
5.53478e-06
3.74294e-07
2.71256e-06
2.9946e-06
4.08228e-06
3.3988e-07
2.96741e-06
6.90038e-06
9.08352e-08
4.65662e-07
3.33378e-07
2.03373e-06
5.57623e-06
2.64565e-06
3.47996e-07
5.78274e-06
2.95599e-06
3.11545e-06
2.18782e-06
2.79891e-06
4.52646e-06
2.89545e-06
4.03749e-07
4.36255e-07
2.27471e-06
1.36708e-06
1.78078e-07
3.7283e-06
4.8238e-07
5.38578e-06
7.90906e-06
5.58656e-06
4.81532e-06
4.58974e-06
4.51976e-06
8.10721e-06
2.37076e-06
8.19609e-06
9.71139e-06
2.49309e-06
9.71511e-06
9.70296e-06
9.59312e-06
7.5661e-06
5.82719e-06
2.49676e-06
1.00284e-06
4.73687e-06
7.10178e-06
4.33065e-06
8.26796e-06
4.50566e-06
2.34068e-06
7.49403e-06
4.76701e-06
9.59379e-06
1.32669e-06
8.04619e-06
7.20274e-06
4.05576e-06
7.05706e-06
1.47035e-06
4.49417e-06
4.20026e-06
3.70608e-06
4.85152e-07
5.62611e-06
1.84871e-06
2.52441e-06
5.87532e-06
1.82848e-06
2.85439e-06
1.94763e-06
2.27751e-07
6.93312e-07
3.01065e-06
2.93602e-06
2.86462e-06
3.55022e-06
-2.86348e-07
3.5349e-06
2.44416e-06
2.99804e-06
5.88908e-07
4.26377e-06
5.9211e-06
6.11381e-06
5.59588e-06
5.6446e-06
3.43679e-06
2.63075e-06
5.63096e-06
6.85854e-07
1.42677e-06
1.04864e-06
5.67087e-06
5.03755e-06
3.02889e-06
7.7485e-06
6.52294e-06
3.73311e-06
6.0931e-07
4.12142e-06
2.67611e-06
2.11173e-06
4.50128e-06
5.35363e-07
3.1604e-06
4.66272e-06
3.49357e-06
2.77085e-06
8.50054e-08
1.08585e-06
3.82782e-06
3.57648e-06
1.2891e-06
8.66579e-07
7.01398e-07
7.56036e-07
6.34637e-06
4.13444e-06
4.2977e-06
7.14534e-06
7.41054e-07
1.58625e-06
2.44212e-07
5.24855e-06
4.11219e-06
1.03742e-06
4.1087e-06
6.54036e-06
4.1966e-06
4.84007e-06
9.6991e-06
4.17569e-06
2.52642e-06
5.19902e-07
2.69738e-07
2.4162e-06
2.57491e-06
2.51054e-06
2.11661e-06
1.23726e-06
1.13181e-06
1.99441e-06
2.55073e-06
8.27347e-06
4.85898e-06
4.21602e-06
7.50403e-07
4.48232e-07
2.05894e-06
3.9802e-06
2.52524e-06
1.90532e-06
1.51993e-06
1.83504e-06
7.2088e-06
5.06625e-06
5.45563e-06
2.55634e-06
5.0009e-06
4.7084e-06
1.61351e-06
1.34866e-06
3.79053e-06
2.18785e-06
1.26351e-06
2.61916e-06
5.57866e-06
1.67073e-06
2.80089e-06
5.996e-07
5.18741e-07
2.25534e-06
6.60166e-06
1.44346e-06
3.44403e-06
6.15423e-06
2.3876e-06
3.45468e-06
8.1179e-07
4.48188e-06
9.12081e-07
8.63902e-07
9.42474e-07
5.4276e-06
7.40123e-06
7.62547e-06
8.09073e-07
8.14799e-07
5.85988e-06
6.10271e-06
6.20007e-06
9.01103e-07
4.98907e-06
4.96322e-06
3.52539e-06
1.36387e-06
8.27223e-07
1.57456e-06
7.62071e-06
5.04572e-06
4.6409e-07
2.75142e-06
5.46395e-06
5.50314e-06
9.88315e-07
4.66919e-06
1.51224e-06
6.79299e-07
1.43173e-06
6.30376e-07
3.18485e-06
4.31962e-06
6.58189e-06
4.2474e-06
3.21558e-06
5.25586e-06
5.21885e-06
2.69139e-06
8.45185e-07
1.39517e-06
5.16733e-06
1.20264e-06
2.73999e-06
2.32766e-06
1.9341e-06
8.11896e-06
8.09396e-06
3.85369e-06
3.82739e-06
7.34188e-06
6.00133e-06
4.34719e-06
9.71147e-06
9.74706e-07
1.68265e-06
4.91418e-06
2.75092e-06
6.43513e-06
1.10755e-06
2.33581e-06
1.91094e-06
4.52241e-06
6.57897e-06
4.98773e-06
5.98875e-06
4.93884e-06
4.90833e-06
3.37021e-06
6.5314e-06
3.93189e-06
5.73608e-06
6.18384e-06
2.85733e-06
3.65562e-06
2.5651e-06
1.83092e-06
1.55446e-06
4.90456e-06
5.37393e-06
2.22132e-06
9.20509e-06
6.97903e-07
3.29033e-06
5.88968e-06
3.45589e-06
4.84815e-06
1.40994e-06
4.95514e-06
1.82044e-06
2.13465e-06
2.21146e-06
6.08465e-06
2.02171e-06
8.71937e-07
5.00476e-06
1.89553e-06
7.47558e-06
1.53264e-06
1.00606e-06
6.74996e-06
2.82732e-06
3.93352e-06
2.40141e-06
1.20924e-06
5.73105e-06
6.32785e-06
4.82214e-06
4.86514e-06
2.47109e-06
9.3784e-06
2.87703e-06
7.05655e-06
1.12733e-06
5.79419e-06
5.25073e-06
2.46858e-06
2.06085e-06
7.08732e-06
9.68746e-07
1.84349e-06
4.99047e-06
1.36276e-06
4.54336e-06
4.11224e-06
2.40362e-06
2.84842e-06
3.29387e-06
4.51441e-06
5.2263e-07
6.14544e-06
5.87612e-06
1.82061e-06
7.0452e-06
1.83294e-06
3.78578e-06
8.7305e-07
3.0544e-06
1.82875e-06
2.69884e-06
7.64708e-06
7.11268e-07
7.72992e-07
2.60691e-06
2.18639e-06
5.13444e-06
4.78635e-07
6.59402e-06
4.50545e-06
9.1692e-06
8.00171e-07
2.43105e-06
2.11327e-06
8.97886e-07
9.58963e-06
2.80812e-06
2.66011e-06
7.34478e-07
4.1147e-06
5.81253e-06
4.42743e-06
4.4806e-06
1.89931e-06
5.62121e-07
5.39386e-07
7.20147e-06
5.58902e-06
5.61532e-06
1.00387e-06
7.52872e-06
7.16591e-06
3.36314e-06
1.75354e-06
7.29186e-06
5.01854e-06
4.98449e-06
1.14036e-06
4.30097e-06
9.57292e-06
5.96349e-06
6.60955e-06
7.44293e-06
9.47477e-07
8.37939e-06
9.08156e-06
3.84286e-06
6.27169e-06
7.28027e-06
7.59028e-06
5.48531e-06
4.21934e-06
9.70146e-06
6.48889e-06
3.31844e-06
5.59779e-06
9.8224e-07
6.18087e-06
6.94802e-06
5.50493e-06
1.38438e-06
2.0959e-06
2.54713e-06
2.99445e-06
3.42442e-06
9.53304e-06
6.88705e-06
2.84196e-06
4.88501e-06
4.93395e-06
1.53353e-06
9.578e-06
3.24514e-06
3.5637e-06
1.3814e-06
1.27174e-06
5.88341e-06
2.15813e-06
6.58778e-06
9.59534e-06
6.21302e-06
5.54707e-06
1.96747e-06
7.74696e-06
9.7006e-06
2.76125e-06
2.33388e-06
1.92628e-06
4.92707e-07
2.9738e-07
8.87237e-07
4.72655e-06
2.95288e-07
9.61158e-06
4.68531e-06
4.29555e-06
4.32264e-06
9.70116e-06
8.22885e-06
1.62536e-06
7.71585e-06
7.82205e-06
9.18876e-06
7.54501e-06
7.79612e-06
9.19426e-06
9.69966e-06
9.6908e-06
4.01958e-07
4.36332e-06
4.33497e-06
9.11972e-06
9.5238e-06
9.18951e-06
7.54121e-06
9.64311e-06
9.62865e-06
9.688e-06
5.2136e-06
3.31897e-06
9.18761e-06
9.64445e-06
9.30775e-06
6.11279e-06
6.84375e-06
9.39485e-06
9.58003e-07
9.53883e-06
9.71152e-06
1.59193e-06
9.69911e-06
7.44822e-07
8.54936e-06
1.17485e-06
9.5862e-06
7.64563e-07
7.83777e-06
5.3961e-07
4.13541e-06
4.15946e-06
8.82362e-06
1.60813e-06
6.39017e-06
1.6462e-06
3.97168e-06
9.70604e-06
8.80155e-07
8.70229e-07
1.63836e-06
8.65865e-06
8.09407e-07
3.70593e-06
4.37981e-06
7.26471e-06
5.3572e-06
1.51328e-06
4.15329e-06
4.12578e-06
2.92679e-06
3.62875e-06
7.69319e-06
1.29466e-06
3.52201e-06
6.32361e-06
1.96863e-06
2.41334e-06
2.85801e-06
3.31401e-06
2.78052e-06
2.91026e-06
1.05024e-06
4.66776e-06
4.69727e-06
9.26484e-06
7.0655e-06
5.45481e-06
5.48211e-06
7.90448e-06
9.71329e-06
9.1304e-06
9.35141e-06
6.43558e-06
3.42223e-06
1.67419e-06
7.66985e-06
5.41098e-06
3.1417e-06
3.79431e-06
2.85503e-06
8.17426e-07
5.6869e-06
9.66477e-06
7.69787e-06
2.02415e-06
2.25803e-06
2.57067e-06
4.07318e-06
2.54419e-06
5.74535e-06
1.41661e-06
1.96713e-06
9.27275e-06
8.73834e-06
6.31621e-06
8.06894e-06
6.01481e-06
9.69622e-06
6.73747e-06
5.7678e-06
5.73607e-06
9.64206e-06
2.29362e-06
1.1263e-06
6.03163e-06
7.0322e-06
7.32738e-06
3.69423e-07
9.7105e-06
9.42435e-06
3.54084e-06
4.75218e-06
6.15644e-06
1.80387e-06
8.38295e-07
3.7869e-06
3.81376e-06
7.88192e-06
9.69803e-06
2.64665e-06
2.99087e-06
3.77378e-06
3.76885e-06
7.99582e-06
9.36766e-06
8.8684e-06
6.63311e-06
4.28285e-06
5.85394e-06
9.31444e-06
9.71074e-06
9.4976e-06
6.67325e-06
6.29338e-06
6.74268e-06
8.00659e-06
8.50145e-06
9.19766e-06
2.37267e-06
9.70415e-06
2.69425e-06
5.27065e-06
7.4913e-06
9.6266e-06
9.23933e-06
9.70244e-06
8.41972e-06
2.72816e-07
2.96314e-07
9.40621e-06
9.25732e-06
5.85657e-06
1.23111e-06
6.51645e-06
9.11394e-06
7.48792e-07
3.06838e-06
7.79887e-06
4.5985e-06
9.51712e-06
5.01155e-06
9.24645e-06
2.37864e-07
2.37131e-07
3.96262e-06
3.99248e-06
2.34943e-06
9.21398e-06
9.47364e-06
9.11197e-06
9.6759e-06
6.82361e-06
9.33611e-06
4.43421e-06
9.22898e-06
9.51225e-06
2.72358e-06
2.19833e-07
9.68485e-06
9.70559e-06
9.65637e-06
7.15552e-06
4.72159e-06
9.60367e-06
2.66854e-07
2.68842e-07
9.43712e-06
9.40241e-06
7.67759e-06
9.06368e-06
9.60229e-06
6.95179e-06
8.0584e-06
6.76243e-06
9.59801e-06
9.52527e-06
9.05066e-06
9.01273e-06
9.45608e-06
9.61616e-06
9.62865e-06
7.57205e-06
7.68829e-07
1.08411e-06
2.05168e-06
2.47136e-06
2.90291e-06
9.81241e-06
9.45828e-06
8.74542e-06
9.69053e-06
7.83745e-06
9.33685e-06
7.39532e-06
9.3638e-06
5.88742e-06
9.35641e-06
9.55954e-06
2.7008e-06
5.14003e-06
9.25316e-06
1.62421e-06
4.80377e-06
4.78168e-06
4.33294e-06
4.35699e-06
1.11253e-06
3.44542e-06
5.86527e-06
3.32807e-06
6.44787e-06
1.51314e-06
1.83941e-06
4.85057e-06
4.81841e-06
8.98913e-06
9.09869e-06
7.34336e-06
9.67556e-06
9.19576e-06
9.33083e-06
8.87339e-07
4.3295e-06
4.32124e-06
3.34864e-06
1.51713e-06
4.79073e-06
4.76505e-06
2.88717e-06
1.05165e-06
2.45888e-06
2.0179e-06
1.57088e-06
9.30074e-06
7.87784e-06
9.69278e-06
9.50822e-06
9.12462e-06
4.21454e-06
9.65756e-06
9.69611e-06
1.92309e-07
2.1559e-07
1.71452e-06
7.29022e-06
8.672e-06
5.80534e-06
9.47514e-06
1.14648e-06
4.88399e-06
4.85275e-06
3.47466e-06
5.84908e-06
6.48283e-06
1.86054e-06
9.40859e-06
2.9998e-06
9.35599e-06
5.34323e-06
6.70818e-06
9.49572e-06
8.91344e-06
5.28653e-06
9.10202e-06
3.62406e-06
7.34443e-06
9.68174e-06
5.26583e-07
3.1966e-07
9.30561e-06
9.52156e-06
9.56995e-06
9.23655e-06
4.2787e-06
7.861e-06
9.70247e-06
6.13432e-07
9.26123e-06
9.67577e-06
9.54699e-06
7.04429e-06
2.4798e-06
9.25859e-06
9.02197e-06
9.20288e-06
3.74525e-06
6.62342e-07
8.07312e-06
9.24155e-06
2.51533e-06
9.1591e-06
9.69577e-06
9.39259e-06
9.60117e-06
6.65777e-07
8.45826e-06
8.13273e-06
4.2895e-06
2.98042e-06
9.54295e-06
2.83366e-06
9.49559e-06
6.80916e-06
5.72768e-07
3.61351e-06
4.57912e-06
9.1597e-06
7.30689e-06
9.24603e-06
6.38601e-06
9.36792e-06
9.69768e-06
7.50896e-06
9.466e-06
9.92414e-07
8.22618e-06
9.71017e-06
3.82712e-06
9.18594e-06
4.03966e-06
1.08364e-06
9.44862e-06
7.45915e-06
4.07016e-06
4.4831e-06
4.05587e-06
8.57942e-06
8.21549e-06
4.58628e-06
3.19047e-06
9.42334e-06
9.38405e-06
9.53343e-06
5.76664e-06
1.36595e-06
9.47321e-06
2.63176e-06
8.50323e-06
8.60855e-06
5.81899e-06
9.1527e-06
4.59937e-07
6.33728e-06
9.22564e-06
2.87556e-06
9.24273e-06
9.4482e-06
5.58222e-06
9.63162e-06
1.8769e-06
6.51491e-06
6.16486e-06
9.23458e-06
9.11158e-06
2.30876e-07
2.79925e-06
9.1844e-06
7.06942e-06
2.98167e-06
6.32258e-06
6.925e-06
1.40242e-06
5.29975e-06
5.33827e-06
5.26025e-06
5.25797e-06
1.09833e-06
9.24849e-06
9.69397e-06
9.10814e-06
9.32372e-06
9.40744e-06
9.67576e-06
8.4272e-06
9.03591e-06
5.61054e-06
8.08551e-06
9.61088e-06
5.60266e-06
9.54215e-06
2.41496e-06
9.1713e-06
9.24298e-06
9.66397e-06
9.21652e-06
7.78743e-06
9.54064e-06
9.14075e-06
8.7672e-06
9.21692e-06
6.9186e-06
9.60046e-06
9.67556e-06
1.4757e-07
3.87561e-07
9.69083e-06
3.97996e-06
1.29474e-06
9.37864e-06
9.67304e-06
1.18236e-06
5.83637e-06
8.71302e-06
2.12425e-06
3.00161e-06
4.38129e-06
4.27476e-07
2.10762e-06
6.45624e-06
5.01306e-06
9.54317e-06
7.69982e-06
9.54917e-06
3.4875e-06
3.53857e-06
3.72722e-06
4.18643e-06
3.26404e-06
2.66787e-06
6.62336e-06
7.2458e-06
5.60231e-06
5.65583e-06
5.57716e-06
3.25862e-06
3.90142e-06
2.37525e-06
6.93164e-06
5.93844e-06
5.89539e-06
2.97803e-06
3.6105e-06
6.18969e-06
2.08872e-06
2.69244e-06
1.80093e-06
2.40283e-06
2.11527e-06
1.2802e-06
4.58259e-06
4.55308e-06
1.00642e-06
4.64291e-07
7.45699e-06
7.77841e-06
9.7061e-06
9.70013e-06
9.39416e-06
9.17287e-06
9.29108e-06
9.24488e-06
8.90507e-06
3.06056e-07
2.50369e-06
3.46405e-06
9.68771e-06
9.49312e-06
8.8685e-06
9.09608e-06
9.3015e-06
9.0982e-06
9.30642e-06
2.64318e-07
9.56952e-06
8.94251e-06
4.22077e-06
4.24842e-06
9.38444e-06
4.96135e-06
1.11998e-06
7.39685e-07
2.71163e-06
6.53455e-06
9.26452e-06
9.3284e-06
9.5634e-06
9.55571e-06
9.09868e-06
1.08605e-06
8.07761e-06
6.00058e-06
9.35353e-06
9.43333e-06
9.40268e-06
9.66812e-06
6.33259e-06
9.41821e-06
9.30236e-06
9.14841e-06
3.1635e-06
5.72765e-07
9.05899e-06
9.15105e-06
9.60394e-06
9.58742e-06
1.79663e-06
4.01328e-06
9.11421e-06
8.13511e-06
3.42897e-06
9.24592e-06
1.00627e-06
9.22652e-06
9.62947e-06
1.39131e-06
9.29315e-06
9.45351e-06
2.29444e-06
9.17269e-06
7.30328e-06
-1.47347e-08
-2.06457e-08
5.34774e-07
5.5353e-07
6.16454e-06
9.22471e-06
6.42606e-06
9.3273e-06
7.82611e-06
9.38487e-06
9.65902e-06
9.31715e-06
8.01349e-06
3.30834e-06
3.6114e-06
3.63618e-06
7.55569e-06
2.15559e-06
9.36973e-06
9.37482e-06
9.65166e-06
9.57866e-06
6.40705e-06
9.66715e-06
9.46031e-06
9.75517e-06
1.10656e-06
3.49948e-06
1.26373e-06
9.26794e-06
2.43929e-06
2.61887e-06
9.021e-06
9.41979e-06
9.31519e-06
4.91555e-06
9.60182e-06
9.32786e-06
6.79785e-06
9.35862e-06
9.25809e-06
9.73321e-06
9.34624e-06
3.86749e-06
3.8941e-06
9.01215e-06
8.05872e-06
9.2117e-06
9.50949e-06
1.22136e-06
2.97788e-06
3.03057e-06
9.41109e-06
8.44293e-06
2.43825e-06
4.64435e-06
9.49426e-06
2.77855e-06
7.16787e-06
9.2524e-06
8.74864e-06
9.10951e-06
9.20491e-06
9.72584e-06
9.89254e-06
9.42682e-06
9.24139e-06
9.55518e-06
1.75691e-06
9.21493e-06
9.25547e-06
9.53211e-06
5.13435e-06
7.22716e-06
8.88885e-06
4.12273e-06
9.64211e-06
9.35822e-06
7.28218e-06
9.13332e-06
1.8188e-07
1.81832e-07
4.6908e-06
9.34625e-06
7.65393e-07
9.11851e-06
9.00725e-06
3.38157e-07
4.38302e-07
4.3028e-07
8.97691e-06
9.05525e-06
6.51997e-06
7.02233e-07
6.98321e-06
9.05771e-06
1.2065e-06
2.16537e-06
2.59804e-06
3.03485e-06
6.4612e-06
9.1766e-06
1.73267e-06
4.64787e-06
4.65363e-06
6.05378e-06
5.41245e-06
9.13449e-06
9.43109e-06
9.36568e-06
8.87676e-06
2.33441e-06
9.15832e-06
9.13907e-06
8.45609e-06
9.68527e-06
9.04109e-06
5.01018e-06
9.27402e-06
3.62004e-06
8.82533e-06
9.39318e-06
8.10505e-06
9.44224e-06
8.38059e-06
9.1422e-06
3.12066e-06
4.46205e-07
9.68849e-06
8.06882e-06
5.67422e-06
1.64906e-06
3.4709e-06
4.19603e-06
4.19232e-06
5.98592e-06
9.70978e-06
4.73391e-06
4.70196e-06
1.97986e-06
6.33467e-06
5.71998e-06
3.59075e-06
1.26594e-06
2.8211e-06
6.84847e-06
9.57026e-06
9.97501e-06
8.05993e-06
8.93949e-06
3.79861e-07
7.93889e-07
9.22568e-06
4.78436e-06
8.98923e-06
5.25291e-07
9.24043e-06
7.58387e-06
9.39489e-06
4.53491e-07
-3.63395e-07
2.54103e-06
2.63996e-06
9.58896e-06
5.62817e-06
6.83133e-06
6.09353e-06
9.45311e-06
9.40383e-06
6.62687e-06
9.46436e-06
6.21946e-06
9.24275e-06
3.41832e-07
3.96225e-06
3.98941e-06
4.00292e-06
3.18282e-06
6.22069e-06
9.27095e-06
2.45914e-06
7.26189e-06
2.75724e-06
9.28632e-06
4.14734e-07
9.13793e-06
9.94347e-06
9.28741e-06
4.21577e-06
6.74915e-06
3.15161e-06
5.35915e-06
6.6911e-06
5.69033e-06
2.95054e-06
9.19308e-06
2.42669e-06
9.25534e-06
1.54918e-06
9.29831e-06
9.29044e-06
8.61575e-06
3.99958e-06
9.71037e-06
9.2324e-06
4.72267e-06
5.96042e-06
9.72583e-06
6.56229e-06
7.75372e-06
2.90691e-06
3.08586e-06
9.17013e-06
9.12908e-06
8.36381e-07
9.4314e-06
4.81754e-06
8.8743e-06
9.47383e-06
9.28293e-06
6.63064e-06
9.14991e-06
9.66798e-06
4.74585e-06
9.10914e-06
9.28852e-06
9.42722e-06
9.42379e-06
1.6484e-06
3.09568e-06
2.62445e-06
4.49316e-06
9.47516e-06
1.00818e-05
2.86633e-06
7.26567e-06
9.01143e-06
4.86021e-06
9.32895e-06
9.63275e-06
9.19586e-06
9.49105e-06
2.99666e-06
5.6588e-06
9.67806e-06
1.29347e-06
9.16672e-06
9.05021e-06
6.43084e-06
9.0051e-06
5.63083e-07
9.63922e-06
8.96465e-06
2.80668e-07
2.65411e-06
9.06907e-06
7.15589e-06
9.23361e-06
9.70117e-06
9.33064e-06
8.85899e-06
9.32333e-06
9.52614e-06
3.48293e-07
9.3964e-06
5.00841e-06
8.27649e-06
9.26064e-06
5.229e-06
9.54275e-06
7.92623e-06
2.55643e-06
9.05797e-06
9.67995e-06
5.17387e-07
5.66557e-06
8.64435e-07
9.20299e-06
9.5743e-06
9.22099e-06
6.68079e-06
3.54395e-06
3.55691e-06
7.21864e-06
3.35414e-07
9.00363e-06
5.71837e-06
9.29861e-06
1.03133e-05
3.45886e-06
3.43919e-06
2.91324e-07
9.70522e-06
9.22033e-06
6.6997e-06
9.59028e-06
9.48861e-06
9.57897e-06
4.75283e-07
9.4207e-06
2.54468e-07
9.46116e-06
3.36263e-07
9.22043e-06
9.22206e-06
2.5974e-06
2.20467e-07
6.95529e-06
2.35181e-07
9.8761e-07
9.6849e-06
9.10439e-06
9.25321e-06
2.75546e-06
3.70325e-06
3.72852e-06
1.50352e-07
1.51677e-07
2.5769e-06
4.7965e-06
7.63802e-06
9.2344e-06
9.33203e-06
2.7204e-06
5.89613e-06
4.28218e-06
3.72954e-06
5.46187e-06
6.13824e-06
9.70681e-06
7.3053e-06
9.28419e-06
9.17035e-06
9.05936e-06
8.74921e-06
2.20538e-07
9.12409e-06
2.97708e-06
2.44374e-07
8.84915e-06
9.28984e-06
9.65044e-06
7.39195e-06
-5.5416e-07
-5.95104e-07
6.78263e-07
2.40768e-07
9.3166e-06
9.06174e-06
-1.41446e-07
7.75338e-06
9.6252e-06
9.44281e-06
9.33148e-06
9.66826e-06
9.17278e-06
2.52715e-07
2.50964e-07
2.36517e-06
9.34782e-06
4.45899e-06
1.47791e-07
9.20693e-06
9.44421e-06
5.70251e-08
-3.5654e-07
-2.81523e-07
3.20761e-07
3.16622e-07
9.42334e-06
9.89179e-06
1.94854e-06
2.25125e-06
2.57244e-07
8.42994e-06
9.20831e-06
4.7513e-06
2.68552e-07
2.97884e-07
2.41204e-07
9.15549e-06
1.53992e-06
2.21699e-06
7.88869e-06
2.563e-06
7.55289e-06
5.32076e-06
9.22351e-06
9.4517e-06
9.00528e-06
7.20758e-06
2.22847e-06
9.2073e-06
1.03726e-05
1.1346e-06
3.16543e-06
2.20072e-07
4.51708e-06
4.91094e-06
2.95049e-06
2.6849e-07
7.00127e-06
2.58102e-07
2.18037e-07
7.24133e-06
9.45058e-06
9.64454e-06
9.49408e-06
3.5022e-06
5.95971e-06
7.4056e-06
9.35291e-06
7.84354e-06
4.99253e-08
5.4456e-08
7.12659e-06
2.42142e-07
9.20799e-06
8.94567e-06
7.86615e-06
2.1651e-07
9.20981e-06
8.96805e-06
9.64915e-06
1.11177e-07
4.09913e-06
5.95563e-06
1.09602e-06
9.13712e-06
9.65721e-06
7.81474e-06
7.68554e-06
7.83265e-06
6.17707e-06
3.80512e-06
9.0915e-06
5.73272e-06
7.61615e-06
8.66854e-06
8.2508e-06
6.45367e-06
9.70572e-06
8.2931e-06
1.00397e-06
9.41797e-06
6.64517e-06
9.25855e-06
3.01093e-06
5.82689e-06
9.63591e-06
4.67552e-06
6.37674e-06
5.12793e-06
7.02316e-06
7.8795e-06
9.42808e-06
9.11286e-06
9.12439e-06
9.6907e-06
9.63759e-06
3.74798e-06
3.2844e-06
3.27968e-06
3.36856e-06
8.76178e-06
5.01966e-06
3.99965e-07
5.76062e-06
3.04202e-06
1.04813e-06
3.52241e-06
9.21712e-06
1.64402e-07
3.08494e-07
6.98389e-06
7.63059e-07
5.76173e-06
4.13192e-06
7.29285e-06
2.43379e-06
7.74021e-06
9.25731e-06
1.11591e-06
9.67847e-06
1.79817e-06
2.42664e-06
9.95188e-06
7.17227e-06
5.53444e-07
9.68397e-06
-2.25277e-07
-2.09487e-07
2.09063e-06
-1.63631e-07
7.33941e-06
2.39589e-06
8.75344e-06
5.31905e-06
9.68317e-06
8.83068e-06
2.8993e-06
9.70789e-06
9.28844e-06
2.36184e-06
9.71321e-06
9.34458e-06
9.38449e-06
8.84988e-06
9.29471e-06
9.67932e-06
7.05887e-06
2.82214e-06
6.83678e-06
9.70896e-06
9.13213e-06
1.95349e-07
9.70112e-06
9.26742e-06
9.72627e-06
1.41528e-07
1.57132e-07
8.9846e-06
9.46181e-06
8.99138e-06
9.30964e-06
2.1439e-07
2.18588e-07
3.25605e-06
9.43385e-06
2.8736e-06
3.99017e-06
9.97869e-06
5.58996e-06
9.08812e-06
4.17956e-06
2.03235e-07
7.28494e-06
8.98577e-06
1.0627e-07
1.0503e-07
7.7975e-06
3.29441e-06
9.27293e-06
9.76322e-08
9.65081e-06
-7.62658e-08
-2.10147e-08
-7.07064e-09
-4.09102e-08
-2.878e-08
-8.81683e-09
-7.26249e-08
9.18266e-06
2.64712e-06
9.34845e-06
-1.81236e-07
4.7886e-06
3.14203e-07
3.14912e-07
9.39063e-06
9.22091e-06
7.84355e-06
-2.21713e-07
9.16176e-06
9.12665e-06
7.82401e-06
7.7955e-06
6.43553e-06
9.54918e-06
9.36077e-06
9.15193e-06
8.68238e-06
7.79374e-06
9.39822e-06
9.18501e-06
3.30739e-06
9.67923e-06
9.068e-06
9.38796e-06
9.4472e-06
9.40531e-06
6.77657e-06
1.02476e-05
1.03606e-05
6.30651e-06
5.77678e-06
9.64441e-06
9.48137e-06
4.25779e-06
7.1575e-07
9.19442e-06
9.3167e-06
2.56616e-06
9.0031e-06
8.24102e-07
9.14227e-06
9.16047e-06
6.40079e-06
6.82491e-06
5.37571e-06
3.97337e-06
4.42051e-07
9.11979e-06
9.08153e-06
5.10397e-06
6.90969e-06
9.56353e-06
5.99552e-06
8.47191e-06
6.36338e-06
9.62537e-06
6.07891e-06
3.22584e-06
4.59274e-06
8.24758e-06
4.55393e-06
9.56047e-06
9.1707e-06
9.66124e-06
1.2628e-06
8.35126e-06
9.31098e-06
9.65909e-06
9.50981e-06
2.48182e-06
9.8898e-06
3.80941e-06
3.8349e-06
9.38717e-06
8.83491e-06
9.35691e-06
8.99015e-06
9.17105e-06
8.73586e-07
9.46709e-06
9.55603e-06
5.40009e-06
9.69496e-06
8.91098e-06
9.19554e-06
4.82015e-06
8.52209e-06
4.79944e-06
8.973e-06
4.50174e-06
9.70961e-06
2.57474e-06
9.18223e-06
5.56947e-06
4.56691e-06
7.70365e-06
9.26367e-06
9.50975e-06
9.44629e-06
9.58922e-06
3.19184e-06
9.59573e-06
9.67081e-06
9.59448e-06
9.70149e-06
2.04772e-06
9.16401e-06
8.22997e-06
9.34591e-06
9.48353e-06
8.02926e-06
9.66484e-06
8.30956e-06
9.35853e-06
7.6791e-06
8.69252e-06
6.86369e-06
8.73996e-06
4.83716e-06
9.51654e-06
9.42679e-06
9.10558e-06
3.71415e-07
9.23077e-06
9.69339e-06
9.49942e-06
9.68168e-06
2.9103e-06
9.50867e-06
9.44709e-06
6.05847e-06
7.48671e-07
9.51284e-06
9.60133e-06
8.16969e-06
9.26201e-06
9.68674e-06
9.70443e-06
8.6136e-06
9.70292e-06
5.4575e-06
9.06163e-06
9.61986e-06
2.78084e-06
9.54786e-06
9.68563e-06
9.42083e-06
9.33654e-06
7.26163e-06
7.39208e-06
9.69287e-06
9.47756e-06
8.37451e-06
9.5743e-06
8.83525e-06
9.16416e-06
7.40405e-06
9.53671e-06
9.71158e-06
8.48832e-06
9.67632e-06
9.70977e-06
9.68884e-06
9.71553e-06
9.69757e-06
9.6961e-06
7.914e-06
9.68096e-06
9.66597e-06
9.70363e-06
9.65277e-06
7.73487e-06
7.62982e-06
7.85153e-06
5.64695e-06
7.72612e-06
9.70369e-06
9.70033e-06
8.07717e-06
9.35484e-06
3.54349e-06
3.56762e-06
6.25501e-06
7.4787e-06
7.23048e-06
6.72869e-06
6.59172e-06
6.81661e-06
6.4581e-06
6.26971e-06
6.26935e-06
6.13411e-06
5.96471e-06
3.03188e-06
5.80229e-06
5.08421e-06
6.04959e-06
5.67201e-06
5.51752e-06
4.75987e-06
5.35418e-06
4.62441e-06
5.0444e-06
4.5267e-06
4.82704e-06
5.41879e-06
5.97061e-06
4.83999e-06
4.58484e-06
3.86661e-06
9.40871e-07
3.67902e-06
7.26066e-06
5.19428e-06
8.0353e-07
6.22214e-06
1.73014e-06
1.51096e-06
4.57321e-06
5.26225e-06
5.04209e-06
4.39786e-06
3.84999e-06
3.9747e-06
1.51943e-06
4.30911e-06
5.14418e-06
8.85894e-07
1.94721e-06
4.22923e-06
2.4901e-06
4.90462e-06
5.60134e-07
5.62232e-07
8.35407e-06
3.65975e-06
8.04539e-06
1.45829e-06
8.56081e-07
3.15333e-06
4.9366e-06
5.84396e-07
6.78475e-06
7.97369e-06
4.9639e-06
7.10405e-06
6.94336e-06
1.93224e-06
2.47063e-06
4.82522e-06
8.12843e-07
6.72493e-07
7.33299e-06
7.27419e-06
4.10462e-06
7.60289e-06
7.14111e-06
6.15965e-06
6.86972e-06
4.62361e-07
5.99113e-07
4.31884e-06
3.0426e-06
4.31769e-06
3.78281e-07
5.7045e-06
1.97085e-06
2.77647e-06
4.78974e-06
4.59887e-06
4.85077e-06
4.49733e-06
5.15157e-06
6.48282e-06
2.92062e-06
6.26574e-06
2.95166e-06
4.21919e-06
4.48226e-06
4.3549e-06
3.22158e-07
3.1811e-07
2.88479e-06
7.2913e-06
6.97643e-06
6.15483e-06
1.98032e-06
6.6546e-06
3.68181e-06
5.35346e-06
6.78649e-06
4.72974e-06
5.37935e-06
5.43062e-06
5.47648e-06
5.6496e-06
3.08883e-07
6.59946e-06
5.38876e-06
3.94042e-06
4.75518e-06
6.96509e-06
3.67876e-06
5.84161e-06
5.91541e-06
5.81232e-06
4.28568e-06
6.816e-06
3.67066e-06
5.67584e-06
2.91599e-06
5.35413e-06
4.85079e-06
5.91143e-06
6.40705e-06
2.90762e-06
3.88431e-06
6.61714e-06
1.67677e-06
5.12827e-06
3.85738e-06
1.45532e-06
1.64619e-06
7.79201e-06
2.5856e-06
7.78218e-06
1.63631e-06
8.06765e-06
8.45281e-06
8.50506e-06
2.28667e-06
3.94863e-06
7.4333e-06
4.3758e-07
3.83843e-07
3.1364e-07
6.4365e-06
7.43184e-06
6.16779e-06
7.02313e-07
2.6347e-06
2.35319e-06
2.50014e-06
7.0953e-06
3.33568e-06
4.3375e-06
1.36277e-06
1.07105e-06
5.44945e-06
8.20708e-06
8.17327e-06
6.89195e-06
4.18811e-06
4.03174e-06
1.96021e-06
6.39375e-07
3.4078e-06
5.08842e-07
7.21069e-06
8.24662e-07
3.34867e-06
3.71879e-06
3.99478e-06
4.49061e-06
7.66331e-06
7.23125e-06
3.70737e-06
4.7485e-06
7.83648e-06
7.49851e-06
4.1093e-06
4.20397e-06
1.26467e-06
4.15018e-06
1.0941e-06
2.50581e-06
7.22874e-06
5.5192e-06
7.83961e-06
7.47422e-06
5.81256e-06
3.15416e-06
4.95984e-06
2.28097e-06
3.79435e-06
6.71425e-06
7.86394e-06
6.82276e-06
1.16976e-06
3.03219e-06
1.80419e-06
5.50295e-06
6.91769e-06
5.0365e-07
3.35147e-06
3.69893e-06
6.59744e-06
7.43313e-06
7.04824e-06
7.0593e-06
7.82602e-06
6.96509e-07
2.26778e-06
7.20989e-07
2.78595e-06
3.20095e-06
1.62623e-06
4.46975e-06
4.56056e-06
4.58906e-06
2.88066e-06
2.86545e-06
5.19194e-07
3.57343e-06
7.64102e-06
2.37865e-06
3.60065e-06
1.46042e-06
7.65518e-06
1.97793e-06
1.6472e-06
4.8412e-06
5.99933e-06
2.03286e-06
4.91933e-06
6.28845e-06
6.75944e-06
5.51345e-06
5.63067e-06
6.59035e-06
6.61437e-06
7.94522e-06
2.57156e-06
5.66488e-06
2.41983e-06
6.173e-06
2.11429e-06
6.10971e-06
2.28911e-06
4.40026e-06
2.6177e-06
7.24906e-06
3.27345e-06
5.76978e-07
4.37198e-06
3.11586e-06
1.5275e-06
4.96576e-06
7.59998e-06
2.25412e-06
6.55705e-06
2.72461e-06
1.88309e-07
3.88702e-06
5.12726e-06
2.22851e-06
3.87014e-06
3.01137e-06
8.17183e-07
1.4173e-06
1.54959e-06
6.51831e-06
1.86587e-06
6.11908e-06
1.20888e-06
7.01689e-06
4.37173e-06
7.47327e-06
3.4425e-06
5.89983e-06
4.33929e-06
4.48172e-07
1.36782e-06
7.34091e-06
7.1756e-06
7.55289e-06
7.58237e-06
7.48565e-06
8.68789e-07
5.82734e-06
5.58745e-06
5.65439e-06
6.31622e-06
6.36823e-06
7.38319e-06
9.09169e-06
9.00971e-06
9.39027e-06
2.87922e-06
9.70385e-06
9.37252e-06
6.76476e-07
9.69358e-06
9.78847e-07
6.27547e-06
9.6981e-06
8.27522e-06
8.9995e-06
7.68894e-06
6.87006e-06
9.68519e-06
9.5586e-06
8.1312e-06
4.29087e-07
4.33726e-07
9.71021e-06
7.40305e-06
9.40145e-06
9.70804e-06
9.69449e-06
9.70186e-06
5.14504e-07
2.88598e-06
9.70394e-06
8.11754e-06
4.2359e-06
8.58269e-06
8.64679e-06
7.37285e-06
7.81569e-06
9.58543e-06
7.49954e-06
6.60895e-06
8.18095e-06
9.66169e-06
8.41282e-06
9.28021e-06
9.61738e-06
9.68627e-06
9.35341e-06
9.70564e-06
9.62492e-06
9.69016e-06
8.70195e-06
9.68234e-06
9.70335e-06
6.03382e-06
1.62399e-07
1.75993e-07
7.6391e-06
5.22111e-06
4.75378e-06
9.71536e-06
3.80029e-06
9.68486e-06
8.01757e-06
1.85377e-06
4.8751e-07
9.33884e-06
7.19468e-06
9.60402e-06
7.43782e-06
6.94998e-06
3.95437e-06
9.60621e-06
9.45116e-06
9.66604e-06
9.66159e-06
9.17159e-06
1.6178e-06
9.3153e-06
9.67724e-06
6.21977e-06
9.08711e-06
9.2811e-06
3.45984e-06
3.4887e-06
9.29519e-06
9.5944e-06
9.70681e-06
9.62384e-06
3.66322e-06
3.68901e-06
9.58238e-06
9.3275e-06
3.49889e-06
3.47649e-06
6.73394e-06
8.87197e-06
6.3347e-06
8.41041e-06
5.81775e-06
9.70425e-06
9.62549e-06
2.96599e-06
7.58624e-06
4.66326e-07
5.38709e-07
8.65008e-06
9.7955e-06
9.59357e-06
7.33679e-06
2.42743e-06
2.15117e-06
9.5869e-06
9.5614e-06
9.29118e-06
8.19493e-06
4.57531e-06
6.35985e-06
7.03033e-06
9.37878e-06
7.08835e-06
9.61562e-06
6.30588e-06
7.2185e-06
7.05014e-06
3.30387e-06
3.19053e-06
3.35297e-06
3.33252e-06
9.33569e-06
2.77196e-06
2.91574e-06
5.57979e-06
9.28432e-06
6.47586e-07
9.33674e-06
9.47988e-06
6.9001e-06
3.02704e-06
9.51482e-06
9.23313e-06
9.27403e-06
9.22591e-06
7.99473e-06
9.3389e-06
7.09554e-06
9.70963e-06
7.3683e-06
9.27782e-06
9.07564e-06
9.44741e-06
5.70068e-07
9.19538e-06
8.97284e-06
9.24588e-06
9.47784e-06
5.53582e-06
9.24503e-06
5.27079e-06
5.10505e-06
9.76606e-06
9.70917e-06
4.10334e-06
9.34909e-06
9.35152e-06
9.33569e-06
9.30638e-06
9.2001e-06
9.50432e-06
4.67974e-06
9.73921e-06
9.46476e-06
5.68503e-06
6.9231e-06
6.29108e-07
9.65977e-06
9.26412e-06
6.75447e-06
6.58272e-06
7.36484e-06
6.68782e-06
5.07378e-06
9.19606e-07
7.76375e-07
3.35502e-06
9.21936e-06
5.61649e-07
8.72061e-06
8.92695e-06
1.18188e-06
9.34141e-06
6.43269e-06
2.71486e-06
9.29907e-06
7.60555e-06
8.75483e-06
6.2861e-06
4.61804e-06
9.29851e-06
1.37993e-06
9.64663e-06
9.02472e-06
9.64038e-06
8.08295e-06
7.05926e-06
1.72604e-06
7.92312e-06
4.98662e-06
5.07779e-06
6.88821e-06
3.13564e-06
3.10712e-06
9.26977e-06
5.71672e-06
5.96028e-06
9.25422e-06
9.13317e-06
2.03938e-06
9.14499e-06
9.37055e-06
8.64414e-06
2.03692e-06
1.88317e-06
9.16738e-06
9.01401e-06
3.95741e-06
3.58845e-07
6.45298e-07
2.34449e-06
2.1909e-06
9.33038e-06
2.54909e-06
9.37135e-06
9.09681e-06
1.33559e-06
2.81723e-06
3.43675e-06
2.50016e-06
5.76207e-06
5.42657e-06
7.75141e-06
4.46278e-06
2.81315e-06
8.51708e-07
9.13486e-06
9.71586e-06
7.72582e-06
4.9239e-06
5.52327e-06
7.212e-06
2.95719e-06
7.37072e-06
6.18969e-06
7.54222e-06
2.73646e-06
3.74559e-06
9.08196e-06
2.43353e-06
2.62306e-06
9.68451e-06
6.17324e-06
8.02154e-06
9.08363e-06
9.05318e-06
9.31274e-06
9.73527e-06
6.26455e-06
9.68353e-06
4.02203e-06
9.23961e-06
9.69972e-06
9.28112e-06
9.31114e-06
9.14983e-06
9.19612e-06
8.94436e-06
3.14605e-07
5.51812e-06
3.08078e-06
4.96074e-06
6.29349e-06
6.4591e-06
9.18118e-06
9.31258e-06
7.55457e-06
2.49467e-07
9.69169e-06
9.20657e-06
9.78691e-06
9.16636e-06
8.48712e-06
3.2664e-07
3.91061e-07
3.58555e-07
4.48207e-07
9.23521e-06
3.29793e-07
3.32902e-07
5.2323e-06
9.10527e-06
9.27872e-06
9.37704e-06
8.80737e-07
9.58499e-06
9.02615e-06
9.43328e-06
4.75739e-06
8.65351e-06
9.6356e-06
9.30618e-06
2.29844e-08
3.08526e-09
5.34879e-08
5.49723e-08
7.50752e-06
6.42178e-06
9.44542e-06
7.17792e-06
9.22901e-06
3.71935e-07
7.74783e-06
8.97521e-06
9.45309e-06
4.41203e-06
8.88404e-06
2.18787e-06
7.27181e-06
8.91314e-06
6.01814e-06
9.35249e-06
1.21371e-06
9.70555e-06
5.73257e-06
9.32485e-06
9.84133e-06
1.71768e-06
9.11213e-06
6.51723e-06
5.69004e-06
3.94298e-06
9.39458e-06
8.6382e-06
9.33856e-06
7.06572e-06
3.53854e-06
7.87634e-06
9.06253e-06
8.94719e-06
9.70545e-06
9.17e-06
9.24795e-06
9.2441e-06
9.02723e-06
9.46587e-06
9.17673e-06
9.35001e-06
9.24534e-06
6.65933e-06
6.31021e-06
3.20103e-06
9.25253e-06
9.02082e-06
6.93996e-06
5.22976e-06
7.79096e-08
5.02978e-08
2.74059e-06
1.2862e-06
9.26168e-06
1.0287e-06
4.9212e-06
9.10136e-06
4.61387e-06
6.58525e-06
8.37827e-06
9.52625e-06
6.58649e-06
1.55745e-06
6.59988e-06
8.53755e-06
1.14064e-06
6.00599e-06
2.97455e-06
3.64966e-07
3.34105e-07
2.96978e-06
3.02423e-06
4.76169e-06
6.82328e-06
9.17935e-06
7.57052e-06
8.53599e-06
8.7111e-06
5.94214e-06
6.11977e-06
5.47906e-06
7.10784e-06
1.49037e-06
4.16488e-07
3.31214e-07
6.56173e-06
9.68319e-06
8.30503e-06
9.5863e-06
5.64059e-06
2.65433e-06
7.40567e-06
9.43145e-06
9.65514e-06
6.98861e-06
7.26542e-06
1.00245e-06
5.78841e-06
2.87954e-06
5.94013e-06
2.78498e-06
3.82361e-06
7.55412e-06
3.27556e-06
5.39908e-06
3.46919e-06
6.07461e-06
9.71631e-06
3.38514e-06
7.88687e-06
7.85993e-06
9.27017e-06
7.7686e-06
6.50472e-06
3.64056e-06
8.72644e-06
4.36315e-06
6.06143e-06
4.82363e-06
9.18158e-06
4.80651e-06
3.13293e-07
9.16511e-06
1.05968e-06
-1.77322e-07
-1.77971e-07
-1.7029e-07
-2.01083e-07
-3.25538e-07
9.25084e-06
-1.73283e-07
-2.38923e-07
1.22598e-07
1.70107e-07
6.9253e-06
3.35842e-06
9.49203e-06
6.42391e-08
3.65783e-08
9.53507e-06
8.94019e-06
9.29155e-06
-1.36812e-07
9.6785e-06
9.33165e-06
9.30825e-06
1.15644e-07
2.66257e-08
9.32896e-06
8.22397e-08
1.41387e-07
9.67936e-06
8.52073e-06
9.32087e-06
9.40237e-06
1.04238e-07
5.92467e-08
4.30405e-08
1.05306e-07
-1.42472e-07
-1.15059e-07
-2.43187e-07
-2.05369e-07
-2.12409e-07
)
;

boundaryField
{
    back
    {
        type            empty;
    }
    front
    {
        type            empty;
    }
    ingreso
    {
        type            zeroGradient;
    }
    salida
    {
        type            fixedValue;
        value           uniform 0;
    }
    defaultFaces
    {
        type            zeroGradient;
    }
}


// ************************************************************************* //
