/*--------------------------------*- C++ -*----------------------------------*\
  =========                 |
  \\      /  F ield         | OpenFOAM: The Open Source CFD Toolbox
   \\    /   O peration     | Website:  https://openfoam.org
    \\  /    A nd           | Version:  8
     \\/     M anipulation  |
\*---------------------------------------------------------------------------*/
FoamFile
{
    version     2.0;
    format      ascii;
    class       volScalarField;
    location    "4.4";
    object      p;
}
// * * * * * * * * * * * * * * * * * * * * * * * * * * * * * * * * * * * * * //

dimensions      [0 2 -2 0 0 0 0];

internalField   nonuniform List<scalar> 
5490
(
6.03078e-06
6.4697e-06
5.10192e-06
6.14366e-06
9.5857e-07
1.08296e-05
1.12571e-05
1.12204e-05
4.26347e-06
1.11947e-05
4.74784e-06
4.57657e-06
3.68597e-06
4.25676e-06
4.13873e-06
1.12095e-05
1.126e-05
1.09221e-05
6.05086e-06
4.38777e-06
3.29012e-06
1.12575e-05
1.09681e-05
1.12573e-05
3.18138e-06
3.34538e-06
3.79945e-06
5.91928e-06
1.06134e-05
2.12921e-06
5.69127e-06
1.12463e-05
8.75189e-06
7.4826e-06
2.5813e-06
5.67274e-06
1.05361e-05
6.0356e-06
1.40075e-06
2.96085e-06
5.83614e-06
1.05656e-05
4.98418e-06
1.05989e-05
1.11931e-05
7.52359e-06
2.00775e-06
1.52143e-06
6.04865e-06
9.63312e-06
1.11763e-05
2.24708e-06
2.68979e-06
1.1724e-06
3.57311e-06
7.49064e-06
1.0158e-05
1.1461e-05
4.23865e-06
2.22632e-06
1.05911e-05
4.82473e-07
7.11285e-06
1.12314e-05
1.12583e-05
1.10846e-05
1.11902e-05
1.05056e-05
1.81314e-06
1.12053e-05
1.41931e-06
3.04197e-06
1.12012e-05
1.12351e-05
1.11604e-05
2.64967e-06
1.08641e-05
4.51365e-07
6.37711e-06
5.06687e-06
1.05809e-05
9.77227e-06
1.07525e-05
6.16545e-06
9.49542e-07
6.93976e-06
1.08992e-05
1.08462e-05
2.82151e-06
1.05173e-05
1.12151e-05
1.077e-05
1.23472e-06
1.12554e-05
5.84123e-06
1.12162e-05
4.4633e-06
1.0737e-05
1.05647e-05
3.54309e-06
4.38794e-06
2.73995e-06
7.69226e-06
1.12296e-05
7.6375e-06
7.27977e-06
2.71169e-06
1.03744e-05
1.12407e-05
1.12483e-05
1.12355e-05
1.12253e-05
1.11075e-05
7.58697e-06
5.28219e-06
1.05695e-05
6.38645e-06
1.10836e-05
1.10304e-05
2.33184e-06
7.73058e-06
8.76725e-06
1.06822e-05
6.27813e-06
1.12143e-05
1.1154e-05
4.16259e-06
6.83364e-07
1.12387e-05
4.02549e-06
1.11426e-05
1.05368e-05
3.39515e-06
4.97485e-06
1.64616e-06
1.1244e-05
1.14489e-05
1.11997e-05
1.11718e-05
7.42998e-06
1.12299e-05
1.12697e-05
3.15545e-06
1.04555e-05
1.12322e-05
1.12089e-05
6.51009e-09
1.12164e-05
2.41364e-06
1.0691e-05
1.12494e-05
1.12462e-05
4.49975e-06
1.12716e-05
1.04167e-05
1.12612e-05
1.12501e-05
1.11147e-05
1.12093e-05
4.08986e-06
5.29106e-06
1.01845e-05
1.04213e-05
1.11128e-05
1.12284e-05
1.10129e-05
1.12417e-05
4.02039e-07
1.07946e-05
2.29274e-07
1.14333e-05
7.78209e-07
3.35996e-06
1.12464e-05
4.57887e-06
1.94742e-06
2.52313e-06
1.12704e-05
3.2526e-06
4.04666e-06
1.11699e-05
1.12409e-05
6.40221e-06
5.91781e-06
1.1262e-05
1.68584e-06
2.36932e-06
1.0926e-06
1.12465e-05
1.12008e-05
1.14459e-05
1.56345e-06
6.27894e-06
1.12458e-05
1.11735e-05
5.39638e-06
7.50707e-06
1.12628e-05
1.0732e-05
2.36155e-06
1.11351e-05
7.32725e-06
1.12648e-05
1.12342e-05
9.44515e-06
1.16567e-05
1.12419e-05
1.11159e-05
4.93032e-06
1.07149e-05
1.12849e-05
1.12516e-05
5.80958e-06
5.5699e-06
5.21802e-06
7.53267e-06
5.21058e-06
4.87122e-06
1.14635e-05
1.12611e-05
1.09559e-05
1.12443e-05
9.99362e-06
3.46421e-06
3.33111e-06
8.76934e-07
2.61794e-06
2.6043e-06
1.29706e-06
1.12599e-05
1.15517e-06
1.05297e-05
1.12467e-05
1.11878e-05
7.2808e-06
1.03312e-05
1.11489e-05
1.12477e-05
1.12656e-05
3.91176e-06
1.12636e-05
5.40746e-06
2.65046e-07
2.25433e-06
1.12688e-05
1.09636e-05
1.06439e-05
8.43117e-06
1.04841e-05
1.12393e-05
1.12641e-05
9.0764e-06
1.11991e-05
1.05255e-05
2.11908e-06
7.38233e-06
8.58503e-06
2.75351e-06
4.50364e-06
1.11397e-05
1.04999e-05
6.24953e-06
6.37983e-06
1.14413e-05
1.1244e-05
1.08322e-05
7.70564e-06
1.04618e-05
1.12491e-05
1.12115e-05
1.12393e-05
5.21844e-06
1.12486e-05
1.10789e-05
9.03601e-06
1.12446e-05
1.12288e-05
1.34819e-06
5.88623e-06
7.68735e-06
1.12628e-05
1.12463e-05
1.1266e-05
1.03935e-05
4.66505e-06
1.12046e-05
1.03848e-05
1.12443e-05
1.01976e-05
4.34492e-06
8.91065e-07
1.05402e-05
1.07983e-05
7.80552e-06
4.06424e-06
1.08706e-05
1.1203e-05
1.12447e-05
9.3039e-07
1.06468e-05
6.62671e-06
1.11431e-05
6.11469e-06
1.07153e-05
3.70602e-06
1.27651e-06
1.14572e-05
1.11953e-05
6.74546e-06
1.52285e-06
3.26077e-06
1.09463e-05
1.06984e-05
7.12996e-06
4.48993e-06
7.45118e-06
1.65387e-07
1.11947e-05
9.6403e-06
1.12691e-05
1.12225e-05
2.53309e-06
3.90681e-06
1.11927e-05
1.11721e-05
1.43446e-06
7.34092e-07
3.75546e-06
1.09311e-05
5.80642e-06
7.24547e-06
1.1242e-05
1.12457e-05
1.0374e-05
5.53692e-06
1.92415e-06
1.12687e-05
4.34902e-06
1.12674e-05
1.10982e-05
1.12982e-05
1.12077e-05
6.57727e-06
7.26974e-06
4.60027e-06
1.29189e-06
1.34864e-06
1.12498e-05
6.61266e-06
1.10075e-06
1.12718e-05
6.83022e-06
2.48706e-06
2.58679e-06
4.20738e-06
1.12424e-05
4.87189e-06
7.87503e-06
1.12651e-05
6.14349e-06
6.71275e-06
3.77809e-06
1.12231e-05
1.09529e-06
1.56608e-06
6.4643e-07
1.0191e-06
1.12156e-05
1.12341e-05
7.4499e-06
1.36138e-06
2.49164e-06
2.46078e-06
1.1242e-05
9.92908e-06
1.12423e-05
1.12705e-05
3.41086e-06
1.12017e-05
1.07188e-05
1.35748e-06
2.58351e-06
7.09325e-06
7.49206e-06
8.86655e-06
3.85758e-06
4.55178e-06
3.03382e-06
3.48341e-06
1.12446e-05
1.04763e-05
4.00457e-06
1.1219e-05
7.02186e-07
3.28873e-06
3.27797e-06
3.28462e-06
1.12408e-05
1.68358e-06
2.49852e-06
1.12177e-05
9.97423e-06
9.56404e-07
1.08489e-05
3.77014e-06
1.1249e-05
1.12662e-05
1.1245e-05
1.12335e-05
2.22321e-06
7.852e-06
1.1263e-05
6.15654e-06
9.61611e-06
4.82528e-06
3.28729e-06
2.67772e-06
1.12572e-05
1.12679e-05
7.04486e-06
2.37917e-06
7.29911e-06
8.24855e-06
4.3248e-06
1.04765e-05
1.09824e-05
4.14166e-06
1.12408e-05
1.22222e-06
1.12504e-05
4.70466e-06
4.69964e-06
4.6952e-06
4.65345e-07
1.09887e-05
1.12466e-05
1.11571e-05
1.04377e-05
3.51985e-06
1.46943e-06
7.92874e-06
5.64653e-06
1.32338e-06
1.08219e-05
6.22173e-06
1.11999e-05
7.47104e-06
1.12359e-05
1.12498e-05
1.08159e-05
5.52711e-06
1.11213e-05
4.70402e-06
4.08069e-06
5.52218e-06
5.52066e-06
1.12332e-05
1.12449e-05
6.40972e-06
6.12482e-06
6.3662e-06
1.27997e-06
7.35534e-06
8.19654e-06
1.09877e-05
7.55428e-06
5.41467e-06
1.0944e-05
6.94781e-06
9.43683e-06
7.64964e-06
5.52288e-06
4.92193e-06
4.42487e-06
9.44005e-08
1.06517e-05
1.08383e-05
7.8159e-06
7.90957e-06
1.12346e-05
1.12329e-05
7.52183e-06
6.84663e-06
1.09686e-07
5.75481e-06
1.2851e-06
1.13116e-05
7.49828e-06
6.11202e-06
2.84553e-07
3.9327e-06
6.94857e-07
6.52868e-06
1.12095e-05
1.05515e-05
1.12348e-05
1.12087e-05
1.12489e-05
1.52169e-06
1.05931e-06
1.44446e-06
1.4303e-06
1.12508e-05
1.12477e-05
1.1094e-05
6.46634e-06
2.83457e-06
6.89035e-06
1.02582e-05
1.07314e-05
1.09878e-05
1.05881e-05
1.12359e-05
1.12229e-05
1.12351e-05
1.12498e-05
1.05576e-05
1.2601e-06
6.63444e-06
1.09773e-05
1.08266e-05
1.12397e-05
1.04962e-05
1.05123e-05
1.12498e-05
1.12124e-05
1.70746e-06
1.09656e-05
1.12119e-05
6.72338e-07
1.12634e-05
1.64434e-06
1.1431e-05
1.14111e-05
7.16932e-06
9.39136e-06
1.12417e-05
1.05209e-05
1.12577e-05
3.84711e-06
1.1131e-05
1.05336e-05
1.11055e-05
9.75212e-06
1.12314e-05
1.12116e-05
1.03513e-05
1.03806e-05
1.10575e-05
1.12505e-05
5.83176e-06
8.8833e-06
6.58692e-07
1.10685e-05
1.12176e-05
1.79774e-06
1.08794e-05
1.12125e-05
5.85614e-07
1.12333e-05
1.12718e-05
1.12338e-05
1.12494e-05
1.11688e-05
1.02821e-05
8.61712e-06
1.09719e-05
8.37462e-06
1.79507e-06
1.11478e-05
5.65057e-07
1.03293e-05
1.12521e-05
1.11342e-05
1.12475e-05
1.12652e-05
1.09247e-05
7.98054e-06
9.77211e-06
2.21625e-06
1.12483e-05
1.05856e-05
1.05445e-05
1.37267e-06
7.85794e-06
1.03735e-06
9.97776e-06
1.12346e-05
1.11899e-05
1.12384e-05
1.0849e-05
1.1098e-05
1.12476e-05
1.08571e-05
1.12357e-05
1.12202e-05
1.11197e-05
1.12698e-05
1.12227e-05
1.1204e-05
1.19359e-06
2.78312e-06
1.0779e-05
1.12697e-05
5.93796e-06
1.40606e-06
4.52876e-06
1.09721e-05
1.58909e-06
7.49159e-06
1.1231e-05
1.12165e-05
1.04082e-05
4.7172e-06
5.46304e-06
1.40048e-06
1.11152e-05
1.05492e-05
1.12436e-05
8.47962e-06
1.14074e-05
1.4716e-06
1.35681e-06
2.28605e-06
1.9322e-07
1.12429e-05
1.12109e-05
5.54451e-06
1.0964e-05
1.02345e-05
1.12314e-05
1.04538e-05
1.11244e-05
9.45207e-06
1.06066e-05
2.10071e-06
8.28842e-06
1.5879e-06
1.04586e-05
1.13344e-05
1.13472e-05
1.05988e-05
1.12484e-05
1.1237e-05
1.07082e-05
1.14716e-06
8.03624e-06
1.13114e-05
1.09315e-05
3.11845e-06
9.16783e-06
1.07502e-05
7.67809e-06
1.12707e-05
1.11698e-05
1.08813e-05
1.12503e-05
1.08616e-05
1.04451e-05
1.04122e-05
1.05394e-05
7.95956e-06
1.03349e-05
1.12328e-05
2.00471e-06
1.14235e-05
6.67186e-06
9.0574e-06
1.05859e-05
1.10745e-05
1.12118e-05
1.14003e-05
1.0752e-05
1.11079e-05
1.08559e-05
1.04294e-05
1.09437e-05
4.55404e-06
1.07947e-05
1.05635e-05
1.12127e-05
1.03758e-05
7.30571e-06
7.91897e-06
7.50917e-06
1.13888e-05
1.12352e-05
1.11683e-05
1.12472e-05
1.56748e-06
1.04528e-05
1.12503e-05
3.88714e-06
7.77146e-06
1.11826e-05
1.12224e-05
1.05056e-05
1.12438e-05
8.35944e-06
1.03754e-05
1.05694e-05
3.4898e-06
8.36427e-06
1.05101e-05
5.36907e-06
1.12414e-05
1.08584e-05
1.05063e-05
1.05392e-05
8.12064e-06
1.07333e-05
1.05394e-05
1.08129e-05
1.13015e-05
1.12434e-05
1.12193e-05
1.12456e-05
8.37722e-06
8.22552e-06
1.04386e-05
1.12004e-05
7.90753e-06
4.26209e-06
1.11035e-05
1.81071e-06
1.08405e-05
1.1247e-05
7.5028e-06
7.59783e-06
7.43299e-06
1.12212e-05
1.03267e-05
1.02796e-05
1.05306e-05
1.06694e-05
1.12293e-05
1.08859e-05
1.05423e-05
7.39775e-06
1.12481e-05
1.05559e-05
9.35588e-06
6.2456e-06
9.6912e-06
4.39938e-06
1.10866e-05
1.06336e-05
1.12478e-05
1.05353e-05
1.14224e-05
1.0972e-05
8.43323e-07
1.09925e-05
1.12103e-05
1.11344e-05
8.02513e-06
1.09206e-05
1.12466e-05
1.05206e-05
1.04721e-05
1.082e-05
1.1236e-05
8.08919e-06
1.12403e-05
3.65682e-06
1.12505e-05
1.1218e-05
8.13962e-06
4.14288e-06
4.60205e-06
1.1272e-05
7.93802e-06
1.07402e-05
8.2737e-06
1.08584e-05
1.06687e-05
1.10995e-05
1.47473e-06
1.07605e-05
1.12496e-05
4.25633e-06
1.0978e-05
9.44878e-06
1.05573e-05
6.95698e-06
8.17808e-06
1.04233e-05
1.12479e-05
1.12247e-05
1.07911e-05
1.094e-05
1.10776e-05
8.21639e-06
7.32003e-06
1.05538e-05
1.07792e-05
6.33381e-06
1.09037e-05
1.12263e-05
1.11118e-05
5.47357e-07
1.07323e-05
1.0781e-05
6.94823e-06
1.10022e-05
1.12294e-05
1.12556e-05
1.08321e-05
7.35242e-06
1.1183e-05
1.09536e-05
1.11877e-05
8.17758e-06
1.11947e-05
8.66613e-06
1.08461e-05
1.08141e-05
1.12465e-05
2.93335e-06
7.97453e-06
6.76482e-07
4.61442e-06
1.09651e-05
7.3063e-06
1.11906e-05
1.03779e-05
4.45968e-06
1.94225e-06
1.14219e-05
1.09606e-05
1.1256e-05
1.10453e-05
3.99775e-06
8.41113e-06
9.24389e-06
1.1256e-05
1.12527e-05
1.09202e-05
1.1357e-05
1.12273e-05
3.18469e-06
1.08636e-05
2.70299e-06
8.7931e-06
1.05944e-05
8.18602e-06
1.054e-05
1.12388e-05
1.09268e-05
1.03205e-05
2.51029e-06
2.46113e-06
1.07698e-05
1.09143e-05
1.11716e-05
1.12344e-05
1.11168e-05
1.12324e-05
1.10893e-05
7.89361e-06
1.12837e-05
1.12456e-05
1.88563e-06
3.53246e-06
1.06954e-05
1.08762e-05
9.7147e-07
1.12564e-05
1.11312e-05
7.31162e-06
1.1209e-05
9.0535e-06
1.07427e-05
9.23102e-06
1.10991e-05
1.12276e-05
3.77312e-06
8.64252e-06
1.0825e-05
4.11921e-06
1.10551e-05
9.67373e-06
8.08698e-06
8.30742e-06
1.1139e-05
1.11195e-05
1.04796e-05
1.10769e-05
1.09826e-05
7.49004e-06
1.125e-05
1.12395e-05
1.07645e-05
1.0379e-06
4.94758e-06
7.25752e-06
7.14834e-07
1.10126e-05
1.12055e-05
8.66354e-06
8.3757e-06
1.08854e-05
1.02429e-05
1.11154e-05
1.11987e-05
1.07836e-05
1.09746e-05
8.93298e-06
1.31998e-06
1.12294e-05
7.74196e-06
1.12322e-05
7.76819e-06
7.82654e-06
1.1161e-05
1.09749e-05
1.09693e-05
1.12676e-05
1.09207e-05
1.12394e-05
1.11374e-05
1.11334e-05
1.05788e-05
8.23016e-07
1.12259e-05
1.13635e-05
1.12449e-05
9.88791e-06
1.12962e-05
7.38758e-06
7.17488e-06
1.11856e-05
1.09178e-05
1.10032e-05
1.09476e-05
1.1166e-05
9.27257e-06
1.12168e-05
1.12814e-05
1.12311e-05
1.12198e-05
1.11463e-05
1.12287e-05
1.07602e-05
1.11798e-05
1.13597e-05
1.11906e-05
8.64508e-06
7.9538e-06
1.11053e-05
1.14271e-05
1.12564e-05
1.11471e-05
1.1225e-05
1.12261e-05
1.11023e-05
1.14028e-05
1.12652e-05
8.55337e-06
1.12462e-05
8.26803e-06
1.12079e-05
1.12675e-05
1.10912e-05
1.11607e-05
1.06261e-05
1.12799e-05
8.07357e-06
1.10105e-05
1.08271e-05
1.11244e-05
1.04973e-05
1.13475e-05
1.13249e-05
1.12067e-05
8.1077e-06
8.42776e-06
1.08164e-05
1.0649e-05
1.12547e-05
1.0958e-05
9.02078e-06
7.68803e-06
1.11499e-05
1.11961e-05
1.67444e-06
9.71142e-06
1.11078e-05
1.12231e-05
8.79792e-06
1.10244e-05
7.76535e-06
1.12141e-05
1.12174e-05
1.1224e-05
8.02154e-06
1.12449e-05
1.12258e-05
1.12188e-05
1.1018e-05
8.00947e-06
1.11167e-05
1.1221e-05
6.73878e-07
8.38013e-06
2.57735e-06
1.12584e-05
1.12631e-05
1.12274e-05
1.12252e-05
1.11797e-05
1.12322e-05
1.05849e-05
1.08247e-05
1.12159e-05
1.10686e-05
7.81776e-06
1.09635e-05
1.10721e-05
1.12267e-05
1.10112e-06
1.12046e-05
1.12224e-05
1.12069e-05
1.13612e-05
1.11136e-05
1.12306e-05
1.11341e-05
1.80774e-06
1.12273e-05
1.15514e-05
1.12018e-05
1.12477e-05
1.12456e-05
1.12283e-05
3.64846e-06
1.11798e-05
1.07513e-05
8.27625e-06
1.14379e-05
1.12168e-05
1.12555e-05
1.11322e-05
1.10253e-05
1.12213e-05
1.12477e-05
1.12302e-05
1.12582e-05
1.10837e-05
8.57137e-06
1.12364e-05
1.12258e-05
1.12222e-05
1.09645e-05
1.11787e-05
1.1218e-05
1.12372e-05
1.12406e-05
1.12456e-05
1.12255e-05
1.05675e-05
8.61855e-06
1.12322e-05
1.13401e-05
1.11687e-05
7.94482e-06
1.12017e-05
1.12325e-05
1.12358e-05
1.12502e-05
1.12382e-05
1.10783e-05
1.12287e-05
1.11322e-05
1.1162e-05
6.22144e-06
1.15019e-05
1.12031e-05
7.56768e-06
1.11783e-05
1.06053e-05
1.12369e-05
1.11566e-05
1.12256e-05
9.43826e-06
1.12486e-05
1.12474e-05
1.12021e-05
6.4174e-06
1.12344e-05
1.1249e-05
8.02402e-06
1.12067e-05
1.12321e-05
1.12263e-05
1.12104e-05
1.12138e-05
1.12477e-05
1.11245e-05
1.12338e-05
1.1068e-05
4.48669e-06
7.51709e-06
1.1232e-05
1.12076e-05
1.1228e-05
1.12394e-05
3.88434e-06
1.10085e-05
1.12368e-05
1.09683e-05
1.12327e-05
7.53592e-06
1.1232e-05
1.12274e-05
1.11476e-05
1.12547e-05
1.05682e-05
1.1244e-05
1.10191e-05
6.91467e-06
3.06349e-06
1.12344e-05
1.11707e-05
1.12145e-05
1.12145e-05
1.12587e-05
6.00179e-06
1.11427e-05
1.12099e-05
7.61562e-06
1.115e-05
1.12221e-05
1.12602e-05
1.11655e-05
1.1234e-05
1.12053e-05
2.33659e-06
1.12402e-05
1.14246e-05
8.62384e-06
1.04621e-05
7.78995e-06
7.19562e-06
1.12547e-05
1.12299e-05
1.12312e-05
1.12564e-05
1.12185e-05
8.37749e-06
6.72215e-06
1.12975e-05
1.12284e-05
1.12449e-05
7.70411e-06
1.12214e-05
1.12261e-05
1.11891e-05
1.12281e-05
1.12486e-05
1.12478e-05
1.12331e-05
1.12504e-05
1.15302e-05
8.14404e-06
1.13581e-05
1.12311e-05
8.13232e-06
1.12294e-05
1.13271e-05
1.1259e-05
1.13595e-05
1.12384e-05
5.79521e-06
1.1196e-05
1.12548e-05
1.12323e-05
1.12941e-05
1.13308e-05
7.50796e-06
1.12308e-05
1.12324e-05
1.13078e-05
1.15125e-05
1.12346e-05
1.12508e-05
1.1246e-05
1.12164e-05
1.12327e-05
1.12513e-05
1.12505e-05
7.81318e-06
8.66974e-06
1.12526e-05
8.36119e-06
1.11783e-05
1.12244e-05
1.12325e-05
1.12536e-05
8.43441e-06
4.83502e-06
1.12346e-05
1.13227e-05
1.12254e-05
1.12054e-05
1.12209e-05
1.12492e-05
1.12033e-05
7.53746e-06
1.11925e-05
1.12308e-05
1.11474e-05
8.07237e-06
1.12452e-05
8.02866e-06
1.12533e-05
1.13271e-05
1.12301e-05
1.12263e-05
1.1255e-05
1.11898e-05
1.12421e-05
1.12224e-05
1.11983e-05
1.12241e-05
1.1232e-05
1.1193e-05
1.1232e-05
8.4923e-06
1.1236e-05
1.12483e-05
1.12197e-05
1.11821e-05
1.12284e-05
1.12337e-05
1.12064e-05
1.12233e-05
2.34057e-06
1.1225e-05
1.12312e-05
1.12106e-05
1.12212e-05
1.12574e-05
1.11832e-05
1.13102e-05
7.64671e-06
1.12447e-05
1.12199e-05
1.12115e-05
8.13052e-06
1.12345e-05
1.12109e-05
-5.44098e-08
1.12448e-05
1.12973e-05
1.11989e-05
1.12055e-05
1.12574e-05
3.16804e-06
5.8695e-06
1.13713e-05
1.1166e-05
1.13864e-05
7.40092e-06
1.11892e-05
4.13908e-06
1.12214e-05
1.11618e-05
1.12346e-05
1.12599e-05
7.47315e-06
1.13156e-05
7.94684e-06
1.11871e-05
8.07575e-06
1.13347e-05
1.12225e-05
1.12261e-05
1.12908e-05
1.12515e-05
1.12374e-05
1.09236e-05
1.11965e-05
1.12243e-05
1.124e-05
1.05837e-05
1.12527e-05
1.15096e-05
1.12505e-05
1.12241e-05
1.12172e-05
7.60155e-06
1.12314e-05
1.12519e-05
1.12312e-05
1.05989e-05
1.11955e-05
1.13268e-05
7.82876e-06
7.91206e-06
4.58604e-06
1.12394e-05
1.12595e-05
7.8238e-06
1.12048e-05
1.12386e-05
1.11222e-05
1.12376e-05
1.12432e-05
1.12374e-05
1.13543e-05
1.13503e-05
1.12499e-05
1.12084e-05
1.12295e-05
1.12397e-05
1.12285e-05
1.12691e-05
1.11859e-05
1.12287e-05
1.12515e-05
8.12178e-06
1.09125e-05
1.13087e-05
1.12475e-05
1.12146e-05
6.64036e-06
5.40833e-06
1.12566e-05
1.1235e-05
1.11952e-05
1.11977e-05
1.12202e-05
7.80238e-06
1.1231e-05
1.12177e-05
7.91261e-06
1.11442e-05
1.12263e-05
1.12554e-05
1.11882e-05
1.12598e-05
1.12672e-05
3.88581e-06
3.90596e-06
1.15774e-05
1.12117e-05
1.12512e-05
1.12446e-05
7.94343e-06
1.12235e-05
1.12228e-05
1.12732e-05
1.12609e-05
1.14702e-05
1.12465e-05
1.12518e-05
3.6514e-06
7.84899e-06
1.23164e-06
1.12496e-05
1.12336e-05
2.37972e-06
1.12193e-05
8.02708e-06
1.1254e-05
6.60357e-06
1.1322e-05
1.12488e-05
1.0978e-05
1.12321e-05
8.15053e-06
7.94073e-06
7.39866e-06
1.12153e-05
1.12569e-05
1.12615e-05
1.12413e-05
1.12283e-05
1.13249e-05
8.14075e-06
1.12527e-05
1.12295e-05
1.12345e-05
1.1202e-05
1.12299e-05
4.03317e-06
1.12249e-05
1.12503e-05
1.12362e-05
1.12433e-05
1.12449e-05
7.42089e-06
1.14972e-05
1.14849e-05
1.12034e-05
1.1228e-05
1.126e-05
1.12508e-05
1.12468e-05
6.74185e-06
1.11462e-05
1.11938e-05
1.13397e-05
1.12526e-05
1.12394e-05
1.12285e-05
1.08853e-05
1.12144e-05
6.45959e-06
7.07309e-06
1.12464e-05
1.12556e-05
1.11131e-05
1.12251e-05
1.12286e-05
1.12113e-05
1.11976e-05
2.88458e-06
1.12443e-05
1.12498e-05
7.13512e-06
1.12327e-05
7.02265e-06
1.12319e-05
1.07227e-05
1.1229e-05
1.12447e-05
1.1252e-05
7.70595e-06
1.12157e-05
1.12093e-05
1.12314e-05
1.13783e-05
1.12607e-05
1.12338e-05
1.1264e-05
1.12454e-05
7.19901e-06
1.12554e-05
1.12412e-05
1.12413e-05
1.12187e-05
1.12322e-05
1.12285e-05
4.37759e-06
6.96494e-06
1.12249e-05
7.38651e-06
1.12516e-05
1.12187e-05
1.12491e-05
1.12424e-05
1.12428e-05
1.12209e-05
1.13562e-05
1.12876e-05
1.12451e-05
1.12485e-05
1.13206e-05
1.11843e-05
8.76625e-06
1.12618e-05
1.11991e-05
1.12852e-05
1.13088e-05
1.12456e-05
1.12432e-05
1.12557e-05
1.11729e-05
7.18893e-06
1.12208e-05
1.1248e-05
7.29924e-06
1.12421e-05
7.22521e-06
1.12627e-05
1.12486e-05
1.12305e-05
1.12413e-05
1.1218e-05
1.12562e-05
5.68013e-06
1.1357e-05
1.12611e-05
1.12059e-05
1.12274e-05
1.11866e-05
1.12449e-05
1.11566e-05
1.12488e-05
1.12286e-05
1.12522e-05
6.82559e-06
1.12482e-05
1.12825e-05
1.1189e-05
1.12572e-05
7.29748e-06
1.12572e-05
1.12217e-05
1.12903e-05
1.12546e-05
1.11066e-05
7.3486e-06
1.12514e-05
1.12591e-05
1.11244e-05
1.12438e-05
1.12453e-05
1.12503e-05
7.61037e-06
1.12444e-05
1.12273e-05
7.03818e-06
1.12135e-05
1.12498e-05
1.1237e-05
1.12164e-05
1.12127e-05
1.12662e-05
1.13118e-05
7.08026e-06
7.18933e-06
1.10801e-05
1.17953e-06
1.14766e-05
1.12437e-05
1.12281e-05
1.12709e-05
7.28876e-06
1.12622e-05
1.12076e-05
1.12447e-05
1.12301e-05
1.12403e-05
7.43162e-06
7.63631e-06
7.11009e-06
6.98317e-06
6.93402e-06
1.35286e-06
3.15796e-06
1.12495e-05
1.12504e-05
6.85151e-06
6.83358e-06
6.94704e-06
1.12476e-05
1.11973e-05
1.12593e-05
1.12281e-05
1.12436e-05
1.12484e-05
1.12502e-05
1.12555e-05
1.12406e-05
1.12474e-05
1.12423e-05
1.12482e-05
4.57966e-06
1.12441e-05
1.12518e-05
1.12468e-05
1.12493e-05
1.1247e-05
1.12447e-05
7.28065e-06
1.0525e-05
1.125e-05
1.145e-05
1.146e-05
1.12678e-05
6.70689e-06
1.12591e-05
1.12488e-05
5.40287e-06
1.12157e-05
1.12557e-05
7.17e-06
7.102e-06
7.35144e-06
7.45159e-06
6.76889e-06
1.12493e-05
1.12364e-05
1.12569e-05
1.13022e-05
1.12487e-05
1.12454e-05
1.12231e-05
6.83213e-06
6.70886e-06
1.12949e-05
1.12594e-05
1.12424e-05
1.12511e-05
1.12569e-05
7.52419e-06
6.947e-06
6.87817e-06
1.12485e-05
1.12446e-05
1.14395e-05
1.12496e-05
1.13742e-05
1.12268e-05
7.95498e-06
1.1209e-05
1.12565e-05
6.24625e-06
6.80891e-06
7.02375e-06
1.12385e-05
1.06141e-05
1.12415e-05
1.48926e-06
6.52612e-06
7.54204e-06
1.12622e-05
1.12043e-05
6.92017e-06
1.12327e-05
7.04373e-06
1.12364e-05
1.11697e-05
1.12495e-05
6.64965e-06
1.12637e-05
1.11618e-05
1.12544e-05
1.12613e-05
1.12567e-05
6.26287e-06
1.125e-05
7.07793e-06
1.12523e-05
1.12238e-05
1.13134e-05
7.17022e-06
1.12482e-05
6.70199e-06
1.12339e-05
1.12816e-05
6.99056e-06
1.12382e-05
6.5727e-06
1.12643e-05
6.51159e-06
7.24854e-06
1.12252e-05
1.12523e-05
6.91102e-06
7.15042e-06
7.22805e-06
7.19676e-06
1.1251e-05
1.11962e-05
1.12454e-05
6.4554e-06
1.12291e-05
1.47067e-06
1.12587e-05
7.07053e-06
1.1222e-05
6.87441e-06
6.62817e-06
2.27546e-06
6.58211e-06
6.52836e-06
1.12358e-05
7.11027e-06
7.0745e-06
2.72294e-06
6.62937e-06
6.79054e-06
6.60054e-06
7.15749e-06
1.12372e-05
7.17264e-06
1.12558e-05
7.04664e-06
7.20249e-06
6.99495e-06
5.14873e-06
1.12633e-05
5.25759e-06
6.44485e-06
6.87794e-06
5.91921e-06
7.07484e-06
1.12526e-05
5.7978e-06
6.4091e-06
5.64545e-06
1.12032e-05
6.94461e-06
6.64196e-06
7.00382e-06
6.67195e-06
6.76514e-06
3.92595e-06
3.98986e-06
6.03297e-06
7.23041e-06
6.58926e-06
5.7861e-06
6.51162e-06
6.78967e-06
7.30188e-06
6.28678e-06
6.03305e-06
5.77417e-06
5.5249e-06
6.80788e-06
6.55176e-06
6.76601e-06
1.12622e-05
6.70799e-06
6.85513e-06
6.39024e-06
6.67027e-06
6.88372e-06
6.0871e-06
6.24459e-06
6.95361e-06
7.04235e-06
6.72554e-06
6.45454e-06
6.15916e-06
6.42964e-06
5.83124e-06
5.90221e-06
1.12434e-05
6.51994e-06
3.04587e-06
6.35156e-06
6.31682e-06
6.1893e-06
5.71153e-06
5.42172e-06
1.12485e-05
6.05277e-06
4.45943e-06
5.99862e-06
6.30477e-06
6.28368e-06
6.48831e-06
5.28791e-06
6.12326e-06
6.4871e-06
6.19242e-06
6.5985e-06
6.60198e-06
6.5848e-06
7.30315e-06
5.95684e-06
6.6089e-06
6.33483e-06
5.86611e-06
6.36294e-06
6.05379e-06
5.87871e-06
6.56712e-06
6.33393e-06
6.11262e-06
6.13068e-06
6.23993e-06
5.90983e-06
6.22758e-06
6.21549e-06
5.64762e-06
6.46928e-06
5.76351e-06
5.89259e-06
7.1027e-06
5.55273e-06
5.96387e-06
5.75008e-06
6.37002e-06
6.07396e-06
6.16454e-06
5.94822e-06
1.12408e-05
6.14329e-06
6.00966e-06
5.92547e-06
5.87454e-06
5.78748e-06
5.92107e-06
5.6541e-06
6.32288e-06
6.31997e-06
6.00058e-06
5.69975e-06
5.98574e-06
1.12658e-05
5.88708e-06
7.0517e-06
5.90253e-06
5.7732e-06
5.54918e-06
5.44419e-06
6.0244e-06
5.90913e-06
5.4885e-06
5.85474e-06
5.81611e-06
6.11066e-06
5.79674e-06
5.86923e-06
5.74592e-06
5.64775e-06
5.59644e-06
5.90297e-06
5.76537e-06
6.04781e-06
5.38196e-06
5.84935e-06
5.83152e-06
5.87341e-06
5.22618e-06
5.3241e-06
5.64478e-06
5.27146e-06
5.44773e-06
5.79997e-06
5.58807e-06
5.76624e-06
5.76249e-06
5.64283e-06
5.88262e-06
6.75096e-06
5.25144e-06
5.72781e-06
5.72312e-06
5.35497e-06
5.63025e-06
5.13028e-06
5.69777e-06
5.52247e-06
5.33402e-06
6.00446e-06
5.15656e-06
5.16341e-06
5.53082e-06
5.52469e-06
3.71932e-06
5.28088e-06
5.49938e-06
5.04043e-06
5.241e-06
5.21808e-06
5.60274e-06
5.31708e-06
5.43447e-06
5.41992e-06
5.64242e-06
5.60331e-06
4.7837e-06
4.92775e-06
5.30619e-06
5.38216e-06
5.45148e-06
5.8041e-06
4.95952e-06
4.88186e-06
5.20535e-06
4.43648e-06
5.25103e-06
5.34092e-06
5.15565e-06
5.11439e-06
4.20337e-06
4.5532e-06
4.62634e-06
5.00095e-06
5.232e-06
4.82255e-06
4.82328e-06
5.12759e-06
4.89942e-06
5.24621e-06
4.90183e-06
5.25557e-06
5.08268e-06
4.67805e-06
5.09569e-06
4.68089e-06
4.56511e-06
4.48183e-06
4.99288e-06
5.0324e-06
4.80873e-06
5.08703e-06
5.02167e-06
4.98052e-06
4.72455e-06
5.09736e-06
4.58939e-06
4.66906e-06
5.11166e-06
4.59143e-06
4.75924e-06
4.98876e-06
4.71759e-06
5.14437e-06
4.32129e-06
4.79576e-06
5.35375e-06
4.90767e-06
4.98287e-06
4.86345e-06
4.48433e-06
4.93383e-06
4.36997e-06
4.55573e-06
4.68608e-06
4.82709e-06
5.05985e-06
4.75827e-06
4.58151e-06
4.48509e-06
4.84376e-06
4.69037e-06
4.82298e-06
6.64324e-06
4.36568e-06
4.71384e-06
1.41525e-06
1.47282e-06
4.67225e-06
4.61543e-06
4.42663e-06
4.38089e-06
4.74383e-06
4.62796e-06
3.62598e-06
4.46948e-06
4.67742e-06
4.7731e-06
4.24679e-06
4.64012e-06
5.18055e-06
4.25575e-06
4.55007e-06
4.92627e-06
4.56284e-06
4.13897e-06
4.46927e-06
4.31265e-06
4.74343e-06
4.59121e-06
4.06332e-06
4.67438e-06
4.46156e-06
3.77579e-06
4.59546e-06
3.97489e-06
4.37444e-06
4.43629e-06
4.27083e-06
4.46053e-06
3.68981e-06
6.26546e-06
4.38918e-06
3.95346e-06
4.23944e-06
4.11035e-06
4.3607e-06
3.69921e-06
3.83056e-06
4.11677e-06
3.82203e-06
3.89541e-06
4.27356e-06
4.16306e-06
4.19187e-06
3.8855e-06
4.20825e-06
4.03539e-06
3.79482e-06
4.40767e-06
4.16821e-06
4.24497e-06
4.1148e-06
3.71992e-06
4.06594e-06
4.13624e-06
4.07966e-06
3.98039e-06
4.28477e-06
3.89689e-06
3.58902e-06
4.16877e-06
3.86155e-06
3.95348e-06
4.0754e-06
2.63955e-06
3.65314e-06
3.84458e-06
4.00423e-06
3.9074e-06
4.04986e-06
4.50031e-06
3.08209e-06
3.78515e-06
3.45415e-06
3.53175e-06
3.96891e-06
3.99228e-06
3.8677e-06
3.76081e-06
3.78614e-06
3.78665e-06
3.4832e-06
3.67818e-06
3.50403e-06
3.0036e-06
2.60976e-06
3.19902e-06
2.73464e-06
4.76669e-06
3.32385e-06
3.72521e-06
2.90469e-06
3.66723e-06
3.62826e-06
3.53487e-06
3.07326e-06
2.79533e-06
3.57188e-06
3.76016e-06
3.54605e-06
3.40234e-06
3.0396e-06
3.65899e-06
2.37408e-06
3.30494e-06
2.49072e-06
3.59575e-06
3.2761e-06
2.87254e-06
3.56057e-06
3.64447e-06
3.41205e-06
3.56113e-06
3.53836e-06
3.26179e-06
3.13901e-06
3.69364e-06
3.28751e-06
2.25569e-06
2.66355e-06
3.36291e-06
3.53233e-06
3.44502e-06
3.44155e-06
3.39217e-06
3.146e-06
2.83872e-06
3.19565e-06
2.73518e-06
3.02228e-06
2.94514e-06
3.12746e-06
3.31459e-06
2.95575e-06
3.13445e-06
3.18748e-06
3.21761e-06
4.35067e-06
3.44965e-06
3.35434e-06
2.91513e-06
3.40116e-06
3.78547e-06
3.31253e-06
3.43281e-06
3.30653e-06
3.05022e-06
2.97559e-06
2.83083e-06
3.22273e-06
3.01631e-06
2.9526e-06
3.27386e-06
3.52321e-06
3.11837e-06
2.92112e-06
2.53277e-06
3.06297e-06
3.38674e-06
3.20074e-06
2.64099e-06
3.03485e-06
2.94078e-06
3.08166e-06
3.31063e-06
2.9392e-06
2.81641e-06
2.73641e-06
2.58646e-06
3.00847e-06
2.23788e-06
2.33547e-06
2.90393e-06
2.73923e-06
2.71439e-06
3.19468e-06
2.45371e-06
2.51412e-06
2.97441e-06
3.00978e-06
2.80752e-06
2.67772e-06
2.4879e-06
2.64231e-06
2.82108e-06
2.41632e-06
2.50573e-06
2.53873e-06
2.87982e-06
2.72169e-06
2.84112e-06
2.11078e-06
2.49892e-06
2.59424e-06
2.40162e-06
2.30382e-06
3.91885e-06
2.73245e-06
2.58516e-06
2.57257e-06
2.76825e-06
2.84249e-06
2.26564e-06
2.80917e-06
2.58972e-06
2.62965e-06
2.1849e-06
2.2139e-06
2.36506e-06
2.4875e-06
2.63703e-06
2.59031e-06
2.36278e-06
2.70782e-06
2.14649e-06
2.73081e-06
2.0614e-06
2.59131e-06
1.76569e-06
2.2958e-06
2.26809e-06
1.95987e-06
2.06306e-06
2.40969e-06
1.9522e-06
1.92881e-06
3.3456e-06
2.22857e-06
2.38853e-06
2.08529e-06
2.08391e-06
1.80792e-06
1.86834e-06
1.88854e-06
2.07884e-06
1.88961e-06
2.18653e-06
1.94361e-06
1.93883e-06
1.88053e-06
1.98842e-06
2.13644e-06
1.68647e-06
1.6791e-06
1.86627e-06
1.66927e-06
2.07898e-06
1.71674e-06
1.80902e-06
2.17997e-06
2.02119e-06
1.64276e-06
1.56641e-06
2.00218e-06
1.68511e-06
1.76765e-06
1.97409e-06
1.6232e-06
1.44732e-06
1.77007e-06
1.553e-06
1.65209e-06
1.57499e-06
1.74196e-06
1.3296e-06
1.56881e-06
1.40019e-06
1.59361e-06
1.89927e-06
1.40243e-06
1.83291e-06
1.78451e-06
1.2955e-06
1.93616e-06
1.44502e-06
4.29614e-06
1.63999e-06
2.29673e-06
1.57032e-06
1.49693e-06
1.50549e-06
5.10163e-06
3.96973e-06
3.70305e-06
2.60525e-06
1.73537e-06
2.16066e-06
1.13895e-06
1.40379e-06
1.34371e-06
2.36299e-06
1.18994e-06
1.66622e-06
6.27298e-06
2.73286e-06
3.34189e-06
2.44681e-06
1.69617e-06
3.74407e-06
4.11813e-06
3.83169e-06
2.72814e-06
2.07925e-06
5.54356e-06
2.0108e-06
4.97091e-06
1.47565e-06
1.29369e-06
1.53475e-06
5.71693e-06
1.55868e-06
7.27018e-06
3.16022e-06
3.2323e-06
3.45672e-06
3.40582e-06
5.6277e-06
3.58949e-06
2.60078e-06
2.59052e-06
3.49041e-06
3.64403e-06
3.63803e-06
1.24387e-06
4.81475e-06
4.77356e-06
2.3805e-06
5.98534e-06
3.67886e-06
6.49617e-07
2.87206e-06
1.41011e-06
4.06467e-06
7.35835e-06
7.63696e-06
2.30919e-06
1.76792e-06
1.61839e-06
5.18721e-06
1.80111e-06
5.16733e-06
1.55745e-06
5.69024e-06
5.89762e-06
2.19455e-06
7.73024e-06
1.38824e-06
1.46498e-06
3.96702e-06
6.06265e-06
4.58484e-06
4.96138e-06
5.27329e-06
6.15601e-06
2.75921e-06
8.27228e-06
1.46613e-06
4.17596e-06
1.61568e-06
7.16611e-06
7.40797e-06
1.4371e-06
7.63814e-07
7.42732e-06
5.92542e-06
6.04658e-06
6.2698e-06
7.37899e-06
8.74471e-07
9.62016e-07
5.0774e-06
5.63944e-06
7.4945e-06
6.04472e-06
1.53675e-06
4.2759e-06
7.63529e-06
5.52471e-06
1.50266e-06
5.40187e-06
7.91437e-06
6.34274e-06
8.16206e-06
3.38327e-06
2.15405e-06
2.04021e-06
1.47028e-06
7.14853e-06
6.98811e-06
6.1265e-06
1.21132e-06
1.30828e-06
1.94379e-06
7.35146e-06
1.2907e-06
1.53962e-06
1.5257e-06
2.08026e-06
2.54175e-06
1.51057e-06
1.40391e-06
2.58416e-06
1.51314e-06
1.66706e-06
2.09889e-06
1.83843e-06
2.43723e-06
1.66955e-06
2.09139e-06
2.4653e-06
1.84389e-06
2.17305e-06
2.01088e-06
2.66397e-06
2.44944e-06
2.03281e-06
2.05074e-06
2.01181e-06
2.17408e-06
3.03394e-06
2.13249e-06
3.23439e-06
1.98127e-06
2.1161e-06
2.19628e-06
1.9668e-06
3.27342e-06
2.13184e-06
2.87924e-06
2.29423e-06
2.30703e-06
3.17188e-06
2.34549e-06
3.4329e-06
3.87561e-06
3.01836e-06
2.40923e-06
3.77315e-06
3.45307e-06
3.50582e-06
3.52316e-06
3.28476e-06
3.17668e-06
3.37319e-06
2.48523e-06
3.39699e-06
3.1518e-06
3.33624e-06
2.43255e-06
3.38457e-06
4.27829e-06
3.49476e-06
3.60759e-06
3.66473e-06
3.31613e-06
4.33165e-06
3.3954e-06
3.56874e-06
3.69536e-06
4.01887e-06
3.59175e-06
3.43041e-06
4.1136e-06
4.67298e-06
4.01871e-06
4.31951e-06
4.25961e-06
5.01787e-06
4.13511e-06
4.3848e-06
3.43972e-06
4.98399e-06
4.22336e-06
4.50682e-06
4.64391e-06
4.18693e-06
4.55578e-06
4.84322e-06
5.28091e-06
4.67277e-06
4.78472e-06
4.89033e-06
5.63523e-06
4.95577e-06
4.79518e-06
5.21142e-06
5.62089e-06
5.25516e-06
4.85391e-06
4.79112e-06
4.73238e-06
5.50338e-06
5.35676e-06
4.87735e-06
4.81374e-06
4.91304e-06
5.34268e-06
4.99458e-06
5.43033e-06
4.9302e-06
5.55497e-06
5.04049e-06
5.74501e-06
5.53043e-06
5.42986e-06
6.23932e-06
5.64979e-06
5.71173e-06
5.75414e-06
6.096e-06
5.71742e-06
5.05026e-06
6.46332e-06
5.6286e-06
1.12647e-05
5.97238e-06
6.76245e-06
6.01698e-06
6.60423e-06
6.67884e-06
1.12297e-05
6.22291e-06
6.79891e-06
6.92057e-06
1.36203e-06
6.24845e-06
6.47161e-06
1.12507e-05
6.98175e-06
6.86638e-06
7.2113e-06
1.1202e-05
6.40052e-06
1.12464e-05
6.9738e-06
7.48893e-06
1.84581e-06
1.73434e-06
6.33501e-06
1.13875e-05
7.0446e-06
1.12998e-05
1.12507e-05
6.6974e-06
6.36655e-06
6.48813e-06
6.3858e-06
6.89622e-06
7.14368e-06
6.7691e-06
1.10272e-05
6.33243e-06
7.22267e-06
1.12418e-05
7.32851e-06
1.37956e-06
1.12472e-05
7.25778e-06
6.55702e-06
1.80818e-06
1.14757e-06
6.4431e-06
1.12609e-05
1.84277e-06
1.12483e-05
1.12536e-05
1.06207e-05
1.12416e-05
1.12578e-05
1.28203e-06
6.81231e-06
7.38305e-06
1.11768e-05
7.58405e-06
7.51232e-06
1.12462e-05
1.12346e-05
1.12362e-05
7.61216e-06
1.10415e-05
1.12616e-05
1.13449e-05
1.3037e-06
1.12144e-05
1.12721e-05
7.41601e-06
1.12354e-05
1.13483e-05
1.12481e-05
1.13357e-05
1.12711e-05
1.12295e-05
1.12514e-05
1.24929e-06
7.91326e-06
1.12681e-05
1.13326e-05
1.12566e-05
1.12474e-05
1.1198e-05
1.1228e-05
1.09585e-05
1.12362e-05
1.12167e-05
1.1247e-05
7.53442e-06
1.12007e-05
1.12644e-05
1.12592e-05
1.12435e-05
1.12433e-05
1.12524e-05
1.11673e-05
1.11242e-05
1.12554e-05
1.12541e-05
1.12401e-05
1.12605e-05
1.1248e-05
1.12476e-05
1.12525e-05
1.12643e-05
1.73215e-06
6.94914e-06
1.12068e-05
1.12567e-05
8.25309e-06
1.12503e-05
1.12175e-05
1.12308e-05
1.11982e-05
1.12627e-05
1.12492e-05
1.12568e-05
1.12414e-05
1.12232e-05
1.12222e-05
1.12598e-05
1.12558e-05
1.12043e-05
1.12455e-05
1.12413e-05
1.12324e-05
1.12099e-05
1.12654e-05
1.12129e-05
1.12525e-05
1.12493e-05
1.11574e-05
1.1261e-05
1.12099e-05
1.09276e-05
1.10228e-05
1.12452e-05
1.12331e-05
1.12549e-05
1.12555e-05
1.12633e-05
1.62376e-06
1.1237e-05
1.12934e-05
1.12654e-05
1.12563e-05
1.12291e-05
1.12596e-05
1.20433e-06
1.12155e-05
1.16535e-06
1.13764e-05
1.11769e-05
1.12507e-05
1.12019e-05
1.0997e-05
1.12499e-05
8.32255e-06
1.24104e-06
1.16929e-06
1.12381e-05
7.80731e-06
1.12655e-05
1.12646e-05
1.12069e-05
1.12643e-05
1.12177e-05
1.12659e-05
1.12593e-05
1.1249e-05
1.12543e-05
1.12699e-05
1.12559e-05
1.11929e-05
1.09579e-05
1.34792e-06
1.12581e-05
1.13806e-05
6.00526e-06
7.91177e-06
1.12302e-05
7.71854e-06
7.56204e-06
1.08596e-05
1.1262e-05
1.08713e-05
1.13733e-05
1.12089e-05
1.0515e-05
1.12317e-05
1.12363e-05
1.12442e-05
1.12166e-05
7.69608e-06
1.12425e-05
1.12421e-05
1.1252e-05
1.12686e-05
1.12039e-05
1.12498e-05
1.1284e-05
1.12577e-05
1.1262e-05
1.1218e-05
1.14008e-05
1.12469e-05
1.12644e-05
1.21159e-06
1.12594e-05
1.12467e-05
1.12662e-05
1.11101e-05
1.14492e-05
1.12388e-05
1.124e-05
1.12465e-05
1.14665e-05
1.12574e-05
1.12431e-05
1.12198e-05
1.12582e-05
1.14005e-05
1.1253e-05
1.12599e-05
1.11409e-05
1.12569e-05
1.12673e-05
1.12462e-05
1.12511e-05
1.12579e-05
1.1265e-05
1.12693e-05
1.12558e-05
1.12381e-05
1.2125e-06
1.13583e-05
1.12631e-05
1.1252e-05
1.1256e-05
1.12217e-05
1.09957e-05
1.12412e-05
1.12623e-05
1.1257e-05
1.12411e-05
1.12584e-05
1.12549e-05
1.3964e-06
1.12592e-05
1.12544e-05
1.1242e-05
7.71166e-06
1.12214e-05
1.12548e-05
1.1252e-05
1.121e-05
1.11643e-05
1.1209e-05
1.12451e-05
1.12352e-05
1.1212e-05
1.12417e-05
1.12535e-05
6.76136e-06
1.10941e-05
1.12072e-05
1.12618e-05
1.12655e-05
1.12649e-05
1.23168e-06
1.12521e-05
1.13776e-05
1.12535e-05
1.1233e-05
1.12006e-05
1.12588e-05
1.12307e-05
1.1251e-05
1.12473e-05
1.12047e-05
7.26261e-07
1.12101e-05
1.12329e-05
1.09365e-05
1.12516e-05
1.1266e-05
1.0533e-05
1.12444e-05
1.12381e-05
1.12645e-05
1.1259e-05
1.12284e-05
1.12493e-05
1.1256e-05
1.12171e-05
1.13723e-05
1.07984e-06
1.12404e-05
1.12537e-05
7.74115e-06
1.12434e-05
4.45343e-06
1.12604e-05
1.13111e-05
1.12259e-05
1.11301e-05
3.86545e-06
1.12629e-05
1.12572e-05
1.12237e-05
1.13015e-05
1.12613e-05
1.12556e-05
1.12589e-05
1.05414e-05
1.18275e-06
1.12538e-05
1.1254e-05
1.1073e-05
1.12405e-05
1.12308e-05
1.12305e-05
1.12383e-05
1.11992e-05
1.12367e-05
2.72849e-06
1.122e-05
1.12532e-05
1.12215e-05
1.12425e-05
1.12514e-05
1.10561e-05
1.08554e-05
1.12216e-05
1.12654e-05
1.12396e-05
1.09467e-05
1.12173e-05
1.12198e-05
1.12346e-05
1.12594e-05
1.12352e-05
1.12612e-05
1.1219e-05
1.12464e-05
1.12145e-05
1.1248e-05
1.12565e-05
1.12348e-05
1.1196e-05
1.12334e-05
1.12518e-05
1.12153e-05
1.12527e-05
1.12579e-05
1.13263e-05
1.14759e-05
1.12418e-05
1.12405e-05
1.12741e-05
1.12512e-05
1.12186e-05
1.2415e-06
1.1165e-05
1.12543e-05
1.11897e-05
1.12622e-05
1.126e-05
8.16563e-06
1.12574e-05
1.1256e-05
1.12519e-05
1.12487e-05
1.12384e-05
1.12276e-05
9.17134e-06
1.12383e-05
1.11992e-05
1.12525e-05
1.12644e-05
1.08026e-05
1.09927e-05
1.11788e-05
1.12234e-05
1.12578e-05
1.13806e-05
1.12567e-05
1.1225e-05
1.13679e-05
1.12267e-05
1.12447e-05
1.12591e-05
1.12544e-05
1.12496e-05
1.13509e-05
6.15087e-07
1.12298e-05
1.12428e-05
1.0921e-05
1.12314e-05
1.12482e-05
1.1293e-05
1.12465e-05
6.05909e-06
1.00935e-05
1.12386e-05
1.12353e-05
1.12647e-05
1.12462e-05
1.09458e-05
4.37503e-06
1.125e-05
1.13973e-05
9.56382e-06
1.12557e-05
1.12536e-05
1.12566e-05
1.10972e-05
1.10897e-05
8.86617e-07
1.12185e-05
1.12512e-05
1.12453e-05
1.12155e-05
1.12388e-05
1.1309e-05
8.33927e-06
1.12728e-05
9.61047e-06
1.11565e-05
1.11243e-05
1.12549e-05
1.12277e-05
1.12389e-05
1.13523e-05
1.08684e-05
1.12596e-05
1.1226e-05
1.11917e-05
1.1253e-05
1.12397e-05
8.80739e-06
1.08358e-05
1.12525e-05
1.12707e-05
1.06038e-05
1.52252e-06
1.12541e-05
1.12278e-05
1.12242e-05
1.12481e-05
1.1048e-05
1.12415e-05
1.12435e-05
1.12605e-05
8.68012e-06
1.13117e-05
1.12279e-05
1.12214e-05
1.7085e-06
1.12575e-05
1.11661e-05
1.12184e-05
1.13335e-05
1.11937e-05
1.10706e-05
1.12244e-05
1.1238e-05
8.42017e-06
1.04136e-05
1.10365e-05
1.12164e-05
9.88461e-06
1.11413e-05
1.12557e-05
1.10273e-06
1.12515e-05
1.1214e-05
1.01033e-06
1.14057e-05
1.12194e-05
1.11674e-05
1.11393e-05
1.11696e-05
1.13182e-05
8.07715e-06
1.10917e-06
1.11793e-05
1.12034e-05
1.12134e-05
9.30383e-07
9.86447e-07
1.12458e-05
1.12473e-05
1.12449e-05
1.12248e-05
1.1187e-05
1.12507e-05
1.12433e-05
1.12493e-05
1.13028e-05
1.12315e-05
1.1225e-05
1.12938e-05
4.40029e-06
1.12506e-05
1.12179e-05
1.11159e-05
1.12472e-05
1.12844e-05
1.13545e-05
1.12593e-05
1.09162e-05
1.12565e-05
1.13643e-05
1.12271e-05
3.76317e-06
1.12925e-05
1.12238e-05
1.08707e-05
1.13612e-05
1.12504e-05
1.11686e-05
1.09792e-05
1.12331e-05
4.74245e-06
7.62545e-06
1.12291e-05
1.12224e-05
1.12421e-05
1.13416e-05
1.12531e-05
1.11822e-05
1.13299e-05
1.12544e-05
1.11855e-05
1.11828e-05
1.12244e-05
1.12413e-05
2.5341e-06
1.12022e-05
1.12383e-05
6.84472e-06
1.12197e-05
1.12256e-05
1.12865e-05
1.12645e-05
1.12588e-05
1.12358e-05
1.09058e-05
1.12406e-05
1.12309e-05
1.11023e-05
1.12512e-05
1.12512e-05
1.12317e-05
1.1025e-05
1.12546e-05
1.12587e-05
1.1234e-05
1.12196e-05
6.10291e-06
1.09565e-05
1.12474e-05
1.09922e-06
1.13183e-05
1.12037e-05
1.12601e-05
1.12456e-05
1.12436e-05
1.11608e-05
1.13502e-05
1.13799e-05
1.12324e-05
1.12341e-05
1.12437e-05
1.13647e-05
1.1323e-05
1.12297e-05
1.1266e-05
7.4407e-06
1.12874e-05
1.13435e-05
3.74615e-06
1.12425e-05
1.1242e-05
1.10021e-06
1.12363e-05
1.10258e-05
1.12412e-05
1.11264e-05
1.1222e-05
1.12097e-05
1.11703e-05
1.11561e-05
1.1151e-05
1.13671e-05
1.11996e-05
1.12924e-05
1.12487e-05
1.12325e-05
1.12533e-05
1.10834e-05
8.64611e-07
1.12291e-05
1.1261e-05
1.12395e-05
1.12343e-05
1.12153e-05
1.12361e-05
1.12484e-05
7.76922e-07
1.12308e-05
1.14056e-05
1.11187e-05
1.1445e-05
8.78081e-07
1.1256e-05
1.13466e-05
1.13887e-05
1.12408e-05
1.12604e-05
7.60449e-06
1.13745e-05
1.12364e-05
1.12435e-05
1.12583e-05
1.12056e-05
1.12501e-05
1.12471e-05
1.08491e-05
1.1234e-05
1.12548e-05
1.13168e-05
1.11951e-05
1.12564e-05
1.12492e-05
1.1247e-05
1.12545e-05
1.12329e-05
1.07874e-05
1.12852e-05
6.19434e-06
2.28924e-06
1.11852e-05
1.12288e-05
1.11933e-05
4.4831e-06
1.1267e-05
1.01041e-05
1.12067e-05
1.32635e-06
1.12603e-05
1.1228e-05
8.32663e-07
1.12935e-05
1.11175e-05
1.11819e-05
1.12355e-05
1.12542e-05
1.11109e-05
7.26894e-07
1.12312e-05
1.10608e-05
1.10795e-05
1.11478e-05
1.11525e-05
1.13702e-05
3.50147e-06
1.12368e-05
1.1252e-05
1.11651e-05
1.12343e-05
1.1228e-05
1.12529e-05
1.12651e-05
1.12628e-05
1.12433e-05
1.12535e-05
1.12669e-05
3.27418e-06
1.13575e-05
1.11963e-05
1.12266e-05
1.13702e-05
1.12618e-05
1.1163e-05
1.13461e-05
1.03159e-05
1.12614e-05
1.12576e-05
1.05995e-05
1.12262e-05
1.11373e-05
1.1147e-05
1.05526e-05
1.12593e-05
1.12422e-05
1.12259e-05
1.13687e-05
1.09187e-05
1.12427e-05
1.12237e-05
1.12566e-05
1.13709e-05
1.12374e-05
1.13649e-05
1.12052e-05
1.12445e-05
1.14021e-05
1.12365e-05
1.08852e-05
1.11425e-05
1.11352e-05
1.12191e-05
1.12101e-05
1.12141e-05
1.09545e-05
8.98619e-06
1.12305e-05
1.12351e-05
4.6127e-06
1.10993e-05
1.1257e-05
1.11711e-05
1.12599e-05
1.12833e-05
1.12635e-05
1.46254e-06
8.3641e-06
1.05837e-05
1.15258e-05
1.10329e-05
1.10697e-05
1.07832e-05
1.10748e-05
1.12673e-05
1.12091e-05
1.12404e-05
1.12648e-05
1.12583e-05
1.13598e-05
1.08584e-05
1.11938e-05
1.12547e-05
1.12611e-05
1.12577e-05
5.0998e-06
1.11528e-05
1.11092e-05
1.12269e-05
1.12665e-05
1.11132e-05
9.87893e-06
1.12567e-05
1.11772e-05
6.36089e-06
1.07408e-05
1.12103e-05
1.12645e-05
1.12184e-05
1.06832e-05
1.08198e-05
1.11027e-05
1.11549e-05
7.46067e-06
1.28832e-06
1.13865e-05
1.1213e-05
1.05965e-05
1.12256e-05
1.12551e-05
9.9844e-07
1.12568e-05
1.12621e-05
1.09564e-05
1.11076e-05
1.13433e-05
1.10689e-05
1.04713e-05
1.13628e-05
1.12234e-05
1.12468e-05
1.1434e-05
1.12344e-05
1.1168e-05
6.75675e-06
1.12531e-05
7.57716e-06
1.11381e-05
4.05158e-06
9.93547e-07
1.12406e-05
1.12523e-05
1.10547e-05
1.12539e-05
1.12616e-05
9.22198e-06
1.09613e-05
5.98565e-06
1.08805e-05
1.1345e-05
1.11439e-05
1.04972e-05
1.1253e-05
7.42839e-07
1.12226e-05
1.11532e-05
1.1016e-06
1.12409e-05
1.1203e-05
1.12535e-05
7.12317e-07
1.12245e-05
1.12228e-05
8.43588e-07
1.13359e-05
1.12543e-05
7.86082e-06
1.12264e-05
1.07695e-05
1.11339e-05
1.13616e-05
1.10955e-05
3.63293e-06
1.12297e-05
9.34509e-06
1.11855e-05
1.12427e-05
1.1263e-05
1.14025e-05
8.98267e-06
1.12563e-05
1.12497e-05
1.11114e-05
1.12593e-05
1.08355e-05
1.11308e-05
1.12634e-05
1.1263e-05
1.23355e-06
1.12327e-05
1.07492e-05
1.12556e-05
1.12301e-05
9.29574e-07
1.12691e-05
8.63508e-06
1.11776e-05
1.1254e-05
1.11833e-05
7.94352e-07
1.06822e-05
1.12592e-05
1.12549e-05
1.12229e-05
1.12642e-05
1.1074e-05
1.12558e-05
1.10432e-05
1.12297e-05
1.11815e-05
1.12213e-05
1.11452e-05
1.12536e-05
1.12139e-05
7.6192e-07
1.10895e-05
1.10609e-05
1.11856e-05
1.12527e-05
1.12535e-05
1.15753e-05
1.12099e-05
1.0073e-06
1.11812e-05
1.12381e-05
1.10326e-05
1.11349e-05
1.07016e-05
1.14433e-05
1.08092e-05
1.12511e-05
1.13623e-05
1.13801e-05
1.06742e-05
1.09693e-05
1.11296e-05
1.112e-05
1.12427e-05
1.12482e-05
1.12481e-05
1.19395e-06
1.13172e-05
1.12512e-05
7.67003e-06
1.12614e-05
1.12811e-05
1.09479e-05
1.12439e-05
1.1059e-05
1.12565e-05
1.12292e-05
1.08106e-05
1.12279e-05
1.12627e-05
1.12494e-05
1.12902e-05
1.12448e-05
1.12644e-05
1.12132e-05
1.11157e-05
1.02748e-05
3.63072e-06
1.09649e-05
1.11635e-05
1.14044e-05
1.12442e-05
1.11525e-05
3.15055e-06
1.12504e-05
1.09468e-05
1.11467e-05
1.12514e-05
3.16333e-06
1.10716e-05
1.12691e-07
1.12672e-05
1.11402e-05
1.13536e-05
1.12356e-05
1.0454e-05
1.12539e-05
1.10077e-05
1.12396e-05
1.09864e-05
1.12538e-05
1.1221e-05
7.85531e-06
1.12365e-05
6.35486e-06
8.13635e-06
1.12367e-05
1.1257e-05
5.43e-06
1.11506e-05
1.11683e-05
1.1182e-05
1.11944e-05
4.68607e-06
1.10175e-05
1.13884e-05
1.07144e-05
1.12583e-05
1.12699e-05
1.12196e-05
1.10884e-05
1.12416e-05
1.12568e-05
1.10816e-05
1.09022e-05
1.09901e-05
1.12649e-05
1.14486e-05
1.11183e-05
1.12499e-05
1.12456e-05
1.0474e-05
1.05937e-05
1.06513e-05
1.07621e-05
1.12575e-05
1.09814e-05
1.12339e-05
1.24897e-06
1.10365e-05
7.30362e-07
9.4948e-06
4.72756e-06
1.10453e-05
1.21633e-06
1.12839e-05
1.12274e-05
1.12594e-05
1.10076e-05
1.10007e-05
1.17165e-06
8.50111e-06
3.61679e-06
1.10729e-05
1.05452e-05
1.10682e-05
1.10729e-05
1.10438e-05
1.10104e-05
1.12561e-05
1.12541e-05
1.0897e-05
1.12603e-05
1.09798e-05
5.19371e-06
3.03602e-06
8.06398e-07
1.09475e-05
1.1242e-05
1.12294e-05
1.07402e-05
1.00197e-05
1.08644e-05
1.10238e-05
1.10514e-05
1.12586e-05
6.48237e-06
1.04285e-05
1.09331e-05
1.1222e-05
1.12607e-05
1.12628e-05
1.09359e-05
1.12569e-05
9.88297e-06
1.1208e-05
1.10054e-05
1.14668e-05
1.12364e-05
1.09773e-05
1.11087e-05
1.1262e-05
1.12423e-05
6.75008e-06
6.98034e-07
1.12522e-05
1.09468e-05
1.0215e-05
1.12552e-05
1.13262e-05
1.10485e-05
1.12577e-05
3.94601e-06
1.0856e-05
6.34329e-07
9.63443e-07
1.12243e-05
9.82494e-07
1.12402e-05
6.27654e-06
1.12342e-05
1.10337e-05
1.1229e-05
1.1225e-05
1.12283e-05
6.01289e-06
1.10774e-05
1.12417e-05
1.11626e-05
1.10443e-05
1.11817e-05
1.12422e-05
1.09881e-05
1.11688e-05
1.10382e-05
1.11659e-05
1.10381e-05
8.61739e-07
1.11955e-05
1.08775e-05
1.12349e-05
1.12595e-05
1.12983e-05
1.1256e-05
5.04435e-06
1.08973e-05
7.6595e-06
1.12338e-05
1.12579e-05
6.38211e-08
1.1226e-05
1.12514e-05
2.24558e-06
1.14103e-05
1.12983e-05
1.06613e-05
1.12422e-05
1.10585e-05
1.10023e-05
5.4195e-06
1.12627e-05
4.21099e-07
1.12513e-05
1.11267e-05
8.46075e-06
1.10008e-05
1.06166e-05
4.54995e-06
1.12231e-05
1.126e-05
5.61355e-06
3.66414e-06
1.09993e-05
1.09748e-05
1.0979e-05
1.06447e-05
7.24859e-07
1.07328e-05
8.70305e-06
1.12578e-05
1.12207e-05
1.12571e-05
1.10994e-05
7.71983e-07
1.1252e-05
1.0773e-05
9.94976e-06
1.12639e-05
7.98154e-07
1.08829e-05
1.13051e-05
1.12946e-05
1.12366e-05
1.08279e-05
4.37105e-06
1.54348e-06
1.04965e-05
1.10431e-05
1.06563e-05
1.12508e-05
1.05569e-05
1.12346e-05
1.14385e-05
1.12556e-05
1.07938e-05
1.32222e-06
1.12413e-05
1.15103e-06
1.12051e-05
9.12598e-06
1.87946e-06
1.10799e-05
1.12697e-05
1.12403e-05
5.27104e-07
6.24493e-07
2.11496e-06
1.00594e-05
1.12519e-05
1.07793e-05
1.12502e-05
2.88134e-06
1.12547e-05
1.12132e-05
1.12654e-05
3.67168e-06
1.12647e-05
8.99151e-06
1.01777e-05
4.22529e-06
6.00988e-06
9.8212e-06
1.11091e-05
1.12406e-05
1.0316e-05
1.13873e-05
6.09916e-07
1.06679e-05
8.28265e-06
1.09472e-05
1.10281e-05
1.07854e-05
1.12338e-05
1.12514e-05
1.12524e-05
1.08144e-05
3.32932e-06
1.09299e-05
7.44647e-07
4.62112e-06
5.12013e-06
1.14009e-05
1.09165e-05
6.89319e-06
1.12198e-05
1.05485e-05
8.68665e-06
1.12262e-05
7.15936e-06
1.07035e-05
1.13476e-05
4.95149e-06
8.57603e-07
1.1228e-05
1.1137e-05
4.13151e-06
1.12027e-05
1.07979e-05
1.05573e-05
1.03812e-05
3.94896e-06
1.12034e-05
1.04669e-05
1.12429e-05
1.11165e-05
8.54552e-06
1.11787e-05
1.121e-05
9.09187e-06
1.11912e-05
1.11027e-05
2.78368e-06
2.69883e-06
1.12348e-05
8.14195e-06
1.12393e-05
1.07633e-05
1.12623e-05
1.12365e-05
1.09184e-05
1.12606e-05
4.02259e-06
1.11887e-05
1.12553e-05
1.109e-05
1.13121e-05
1.10341e-05
1.13296e-05
1.68347e-06
1.11515e-05
1.12374e-05
6.1478e-06
1.1229e-05
1.07935e-05
9.77865e-06
4.12428e-06
1.12093e-05
1.12366e-05
1.10596e-05
1.10904e-05
1.11988e-05
1.16923e-06
4.10421e-06
4.94815e-06
1.76664e-06
1.04538e-05
7.75149e-06
1.08481e-05
1.12578e-05
1.12488e-05
8.92282e-07
1.05684e-05
1.11838e-05
1.0994e-05
1.11868e-05
1.07005e-05
1.03221e-05
1.93993e-06
2.02988e-06
1.08805e-05
3.84156e-06
5.37684e-06
1.06648e-06
1.11236e-05
1.12442e-05
1.01569e-05
1.12682e-05
4.58342e-06
3.54204e-06
2.28895e-06
8.1405e-07
1.10606e-05
1.05135e-05
7.79548e-07
1.11339e-05
1.11819e-05
1.12101e-05
1.06594e-05
1.08662e-05
1.12253e-05
1.12381e-05
1.07157e-05
4.18081e-07
1.10468e-05
1.13857e-05
1.11679e-05
1.06431e-05
9.65836e-08
4.98751e-06
6.81435e-06
1.12467e-05
9.97353e-06
7.36872e-06
1.1231e-05
1.10202e-05
1.10064e-05
1.08847e-05
6.12209e-06
3.25582e-06
2.65049e-06
1.05196e-05
7.76499e-06
1.04321e-05
1.11892e-05
1.07277e-05
1.10302e-05
1.11035e-05
1.11925e-05
1.13824e-05
1.35604e-07
1.1096e-05
1.09381e-05
1.05018e-05
8.14506e-07
1.1178e-05
8.88075e-07
1.0414e-05
1.12569e-05
1.12259e-05
1.11887e-05
1.07949e-05
1.09948e-05
1.07827e-05
1.03932e-05
1.0577e-05
1.12356e-05
1.0665e-05
1.1221e-05
1.05375e-05
1.12183e-05
1.12499e-05
5.30577e-07
3.27672e-06
8.46218e-06
1.12336e-05
1.10592e-05
1.06039e-05
9.07902e-06
2.94843e-06
1.12498e-05
3.76889e-06
2.10812e-06
7.07624e-06
1.11259e-05
3.82679e-06
1.10291e-05
1.08625e-05
1.09838e-05
1.0378e-05
1.04559e-05
7.5999e-06
1.1883e-06
7.31885e-06
1.02614e-05
1.07623e-05
1.12201e-05
1.13269e-05
1.85104e-06
2.47168e-06
1.20715e-06
1.03446e-05
1.10393e-05
1.13386e-05
1.12965e-05
1.05528e-05
1.12493e-05
1.07182e-05
4.42406e-06
1.82238e-06
1.12468e-05
9.92064e-07
1.09742e-05
1.12389e-05
1.00096e-05
1.02596e-05
1.06246e-05
3.98298e-06
7.016e-06
1.12442e-05
1.12539e-05
1.0675e-05
9.86699e-06
1.01214e-05
1.05103e-05
1.12556e-05
1.12403e-05
1.071e-05
7.13637e-06
1.09856e-05
1.05848e-05
7.7741e-06
3.28555e-06
6.5795e-06
1.06432e-05
6.8506e-06
1.05555e-05
1.12421e-05
1.08416e-05
1.10296e-05
1.88857e-06
1.11718e-05
1.82784e-06
1.12507e-05
4.13944e-06
1.04766e-05
1.24136e-06
7.7295e-06
6.16672e-06
6.09095e-06
6.05118e-06
1.11982e-05
7.51927e-06
1.07538e-05
8.99754e-06
1.02114e-06
1.12445e-05
8.27597e-06
1.12373e-05
1.09283e-05
1.12386e-05
1.10506e-05
1.12539e-05
1.03651e-05
2.41938e-06
1.11734e-05
1.12453e-05
1.12484e-05
1.11484e-05
2.9163e-06
1.12432e-05
1.12608e-05
7.83076e-06
7.49965e-06
1.12225e-05
1.14275e-05
1.12361e-05
7.16487e-06
7.79369e-06
1.09197e-06
1.07518e-05
1.06382e-05
2.94357e-06
1.06352e-05
1.09923e-05
2.18064e-06
4.41495e-07
7.40535e-06
1.1247e-05
1.12384e-05
1.06319e-05
1.12192e-05
1.05786e-05
1.12544e-05
6.82016e-06
7.90468e-06
1.12375e-05
1.15699e-05
1.10565e-05
1.10503e-05
1.04454e-06
1.12318e-05
9.67161e-06
2.05988e-06
6.94625e-06
8.82756e-07
1.09983e-05
1.13626e-05
1.13724e-05
6.58836e-06
1.0839e-05
1.1219e-05
1.115e-05
1.10365e-05
1.13495e-05
1.08676e-06
1.12048e-05
5.0854e-06
1.0232e-05
1.0513e-05
1.12405e-05
5.30513e-06
1.11029e-05
2.18583e-06
6.25932e-06
1.1198e-05
7.62543e-06
1.80702e-06
1.12461e-05
1.12649e-05
1.11934e-05
1.1082e-05
1.11921e-05
1.0987e-05
5.57301e-06
1.12169e-05
1.06164e-05
1.12043e-05
1.12672e-05
4.48475e-06
2.75485e-06
1.12407e-05
2.33705e-06
1.11045e-05
6.01953e-06
1.11626e-05
1.59312e-06
1.08762e-05
1.82598e-06
1.06542e-05
1.10893e-05
1.09948e-05
1.12382e-05
7.01187e-06
9.129e-07
1.64177e-06
1.12347e-05
4.17106e-06
4.22949e-06
1.12436e-05
1.43633e-06
5.45203e-06
1.1212e-05
1.02765e-05
1.12387e-05
9.39007e-07
9.95596e-06
7.33953e-06
6.73586e-06
1.09577e-05
1.06172e-05
1.0588e-05
1.62619e-06
7.16775e-06
1.11985e-05
1.12365e-05
2.20286e-06
2.45677e-06
2.93808e-06
1.31524e-06
1.11426e-05
1.05592e-05
1.0952e-05
1.08929e-05
3.75241e-06
3.76422e-06
9.7487e-06
1.10124e-05
1.0846e-05
4.29942e-06
6.10803e-06
1.10096e-05
1.12138e-05
1.12374e-05
1.12381e-05
1.14393e-05
1.05298e-05
5.48127e-06
7.75729e-06
1.12344e-05
7.78128e-06
1.15909e-06
4.06136e-06
1.12421e-05
1.15783e-05
6.40485e-06
4.83076e-06
1.12129e-05
1.09332e-05
5.14913e-06
3.34666e-06
1.12011e-05
1.06402e-05
5.02952e-06
4.76451e-06
1.12389e-05
1.1239e-05
7.42416e-06
7.08511e-06
1.12562e-05
1.02298e-05
1.11812e-05
4.30363e-06
1.01664e-05
1.13376e-05
1.12309e-05
6.99744e-06
9.7964e-07
1.12376e-05
1.0801e-05
1.11912e-05
4.42014e-06
2.76279e-07
4.32574e-06
3.98821e-06
8.10611e-06
3.81471e-06
4.82737e-06
6.02717e-06
1.11974e-05
1.12141e-05
1.12055e-05
6.5229e-06
1.11837e-05
1.12336e-05
1.1177e-05
1.13771e-05
1.11654e-05
1.00497e-06
1.13689e-05
1.12315e-05
1.11884e-05
1.12067e-05
1.12375e-05
7.64925e-06
1.1244e-05
1.05055e-05
1.1241e-05
3.60737e-06
1.11531e-05
1.11881e-05
1.12594e-05
1.09513e-05
6.85631e-06
1.11672e-05
1.12597e-05
1.12509e-05
1.11853e-05
1.12023e-05
1.1203e-05
7.05355e-06
1.09993e-05
1.1091e-05
1.11887e-05
1.05275e-05
2.68552e-06
1.12451e-05
7.21849e-07
1.12199e-05
1.12299e-05
7.371e-06
2.9001e-06
1.13092e-05
1.01162e-05
1.12443e-05
4.59026e-06
1.09992e-05
1.12292e-05
1.11034e-05
9.81296e-06
1.1128e-05
2.44397e-06
1.08129e-05
1.09096e-05
1.00584e-05
7.63428e-06
1.12472e-05
1.01788e-05
6.13598e-06
2.40075e-06
1.12289e-05
4.16505e-06
1.10917e-05
1.06804e-05
5.06743e-06
1.12418e-05
3.05778e-06
1.11942e-05
1.1233e-05
1.0408e-05
1.12549e-05
1.10382e-05
4.75201e-06
1.05633e-05
1.11141e-05
1.12375e-05
4.98252e-06
1.0586e-05
1.02695e-05
1.1017e-05
1.10535e-05
1.13809e-05
1.11839e-05
2.81394e-06
4.65779e-06
6.19128e-06
1.0303e-05
5.27561e-06
9.09866e-06
1.1194e-05
2.03027e-06
1.1022e-06
8.14462e-06
2.05291e-06
2.20579e-06
5.29272e-06
5.82571e-06
5.66352e-06
1.12445e-05
2.60947e-06
3.25227e-06
9.5922e-06
1.11047e-05
9.88815e-07
1.12122e-05
1.11057e-05
1.11447e-05
1.10515e-05
2.34222e-06
6.86875e-06
9.44835e-06
1.12319e-05
5.83372e-06
1.10585e-05
3.40956e-06
1.12336e-05
1.00331e-05
5.89676e-07
1.11783e-05
6.70926e-06
4.45706e-06
1.02062e-05
1.10288e-05
5.50413e-06
8.41746e-06
7.30384e-07
1.12133e-05
4.92275e-07
1.3554e-07
4.46991e-06
1.05179e-05
1.05419e-05
4.71182e-07
5.29234e-07
1.12377e-05
5.16981e-06
5.70983e-06
6.40059e-06
5.79583e-06
1.12127e-05
1.18302e-05
1.11288e-05
7.31655e-06
1.12539e-05
7.2941e-06
6.50248e-06
2.36279e-06
1.12397e-05
3.12184e-06
1.12657e-05
6.73821e-06
1.12368e-05
1.12288e-05
3.91422e-07
5.39077e-07
1.13303e-06
6.57406e-06
1.10646e-05
1.11985e-05
6.63373e-07
5.29308e-06
1.09568e-05
1.12163e-05
1.12144e-05
1.11966e-05
5.82313e-06
1.11864e-05
3.78512e-06
7.47298e-07
1.12577e-05
1.13528e-05
6.79599e-06
1.12384e-05
1.10991e-05
1.12362e-05
1.12362e-05
1.12321e-05
1.12477e-05
5.87016e-07
3.02665e-06
1.12642e-05
1.01716e-05
5.08453e-06
1.07996e-05
1.05648e-05
4.22398e-06
1.15155e-05
5.85501e-06
3.04956e-06
6.29854e-06
2.64729e-06
1.12311e-05
1.1241e-05
1.1026e-05
1.12418e-05
1.12268e-05
4.26369e-06
1.11488e-05
1.12374e-05
9.98552e-06
1.06677e-05
1.05121e-05
1.106e-05
9.78303e-06
2.1676e-06
2.31853e-06
5.12497e-06
1.03459e-06
1.04197e-05
4.29954e-07
1.1249e-05
1.07091e-05
2.70433e-06
2.85317e-06
1.12309e-05
2.2324e-06
1.08284e-05
5.95016e-06
1.29029e-06
6.19996e-06
1.07923e-05
1.10141e-05
1.04803e-05
3.85596e-06
1.12461e-05
3.06892e-06
1.08278e-05
1.12484e-05
1.06402e-05
9.17496e-06
2.65981e-06
3.03915e-06
1.94641e-06
1.1121e-05
2.30457e-06
2.31015e-06
1.08575e-05
1.74133e-06
1.10332e-05
7.47611e-06
1.11167e-05
1.12358e-05
1.91169e-06
1.061e-05
3.6514e-06
7.60958e-06
9.94925e-07
2.0935e-06
1.04857e-05
1.13645e-05
5.48253e-06
1.13909e-05
1.11021e-05
1.96619e-06
1.12402e-05
5.19149e-06
7.61161e-06
2.84794e-06
5.20002e-06
1.12389e-05
9.35286e-06
9.24437e-06
1.10326e-05
4.91295e-07
2.45904e-06
1.11536e-05
6.65009e-06
9.55164e-07
1.06743e-05
1.12311e-05
1.04061e-05
1.87704e-06
7.12738e-06
6.6389e-06
1.093e-05
8.87684e-08
1.1186e-06
1.12418e-05
1.13596e-05
1.12324e-05
1.11947e-05
1.13222e-05
3.47836e-06
8.10193e-06
6.30765e-07
8.07955e-06
1.1239e-05
7.68544e-06
1.12453e-05
1.04018e-06
7.81635e-06
1.14559e-05
7.63063e-06
1.12316e-05
5.68476e-06
1.12003e-05
7.62545e-06
6.32452e-07
1.44424e-07
6.86468e-06
1.12348e-05
4.13446e-06
9.35988e-06
1.14919e-05
6.48803e-06
1.12254e-05
1.11822e-05
1.38215e-06
7.0979e-06
1.1253e-05
5.238e-07
1.11581e-05
1.13661e-05
3.4214e-06
7.60754e-06
1.98385e-06
2.11043e-06
7.60789e-06
1.11762e-05
3.09002e-06
6.40456e-06
1.14127e-05
1.69227e-06
7.01768e-06
6.37535e-06
1.12268e-05
7.01921e-06
5.28682e-06
5.84395e-06
2.82218e-06
3.93812e-06
7.64228e-06
9.44965e-06
3.66728e-06
1.04244e-05
3.26919e-06
2.91989e-06
1.01054e-05
3.79285e-06
4.44168e-06
6.02715e-06
7.09163e-06
6.67654e-06
1.69169e-06
4.54677e-06
1.06887e-05
5.54879e-07
1.02825e-05
7.66872e-07
2.00605e-06
4.03213e-06
1.11853e-05
2.66759e-06
1.16501e-06
6.30616e-06
1.06579e-05
5.23234e-06
1.67072e-06
5.48459e-06
4.81277e-06
5.51122e-06
1.11589e-05
4.93853e-06
1.06366e-05
2.85823e-06
6.13214e-06
4.96158e-06
2.13489e-06
5.41016e-06
9.07782e-06
1.12431e-05
7.54616e-06
1.01315e-05
1.0708e-05
3.52092e-06
1.12392e-05
1.13297e-05
1.11631e-05
6.44586e-06
3.69538e-06
5.12655e-07
1.09381e-05
1.12496e-05
4.93785e-06
1.06413e-05
8.1263e-06
1.07565e-05
9.01821e-06
1.1203e-05
1.13853e-05
1.03199e-05
6.90681e-06
5.51011e-06
9.79562e-06
1.04344e-05
7.96145e-06
1.11788e-05
1.05142e-05
2.2517e-06
1.1217e-05
1.02741e-05
4.04917e-06
1.12324e-05
2.91107e-06
1.12255e-05
1.6253e-06
1.04527e-05
1.11983e-05
7.99001e-06
1.12396e-05
1.12149e-05
1.06414e-05
1.12505e-05
1.12619e-05
5.8193e-07
1.12164e-05
1.12244e-05
1.06507e-05
1.12342e-05
1.91582e-06
1.11729e-05
1.11764e-05
1.11893e-05
8.56686e-06
9.26749e-06
8.68955e-06
1.02142e-06
2.45859e-07
1.22528e-06
1.11365e-05
1.14258e-05
8.33212e-06
3.35762e-06
1.12548e-05
6.98557e-06
1.1236e-05
9.87384e-06
1.10184e-05
1.09311e-05
3.49267e-07
1.12397e-05
1.12499e-05
5.18643e-06
1.09008e-05
1.12416e-05
1.03956e-05
9.49114e-06
1.91276e-08
1.12122e-05
1.04939e-05
7.51976e-06
1.12268e-05
1.08784e-05
1.12231e-05
3.88227e-06
1.12588e-05
1.08035e-05
1.10705e-05
1.05468e-05
1.12309e-05
9.23271e-06
7.92059e-06
6.82212e-06
1.12358e-05
1.04736e-05
1.12088e-05
1.12132e-05
6.47999e-06
1.09198e-05
3.97201e-06
1.12372e-05
2.0658e-06
3.62959e-07
5.21287e-06
1.11423e-05
1.04328e-05
9.16812e-07
1.11883e-05
7.80974e-06
1.12362e-05
1.10605e-05
8.35585e-06
9.27785e-06
6.0704e-06
5.42038e-06
1.12325e-05
8.15187e-06
3.33476e-07
1.20054e-06
3.43287e-06
3.7761e-06
1.03348e-05
1.12485e-05
1.07651e-05
1.11443e-05
1.02841e-05
1.1578e-05
7.43338e-06
1.07765e-05
1.12374e-05
6.96667e-06
8.25318e-06
1.10813e-05
7.83231e-06
6.28755e-06
3.51431e-07
1.08776e-05
1.05771e-05
1.06207e-05
7.98472e-07
1.0552e-05
9.69319e-06
4.50688e-07
1.10019e-05
1.10915e-05
2.62996e-06
1.12372e-05
1.11774e-05
1.12317e-05
9.9317e-06
9.91552e-06
1.11187e-05
1.04428e-05
1.05213e-05
1.14291e-05
1.07367e-05
2.43152e-06
1.1199e-05
2.34726e-06
8.14399e-06
9.13433e-07
6.88802e-06
1.11716e-05
6.89594e-07
1.11915e-05
7.50788e-06
1.10936e-05
1.12119e-05
1.12172e-05
1.12666e-05
1.03549e-05
4.63583e-06
4.81099e-06
5.28426e-06
1.18158e-05
4.92792e-06
1.1238e-05
2.06585e-06
1.12693e-05
1.05044e-05
1.04703e-05
1.12141e-05
7.2121e-06
4.15409e-06
8.67327e-06
1.10113e-05
8.42567e-06
7.18604e-07
8.44864e-06
1.77687e-06
5.5319e-06
3.7515e-06
1.11699e-05
1.04272e-05
1.01873e-05
3.80095e-06
1.07032e-06
9.49335e-06
2.7045e-06
6.48829e-06
1.07527e-05
1.02604e-05
1.1212e-05
1.77221e-06
1.03236e-05
1.12848e-05
1.12366e-05
1.00945e-05
1.11762e-05
2.44179e-07
3.55827e-07
1.09498e-05
3.03261e-06
1.12119e-05
1.09196e-05
1.00221e-05
1.11319e-05
1.09839e-05
7.75097e-06
3.5748e-06
4.58413e-06
1.12454e-05
1.08493e-07
6.471e-06
1.12464e-05
1.06299e-05
1.11829e-05
1.12235e-05
1.09171e-05
1.04207e-05
5.02966e-06
1.12573e-05
1.03977e-06
1.65727e-06
1.09447e-05
5.32989e-06
1.12152e-05
1.07781e-05
4.05473e-06
1.14112e-05
5.44736e-06
1.11384e-05
6.99356e-06
5.05101e-06
1.10718e-05
5.48232e-08
1.0759e-05
1.9777e-06
1.07783e-05
1.13008e-05
1.08923e-05
6.19223e-06
9.18295e-07
1.08585e-05
7.4808e-07
8.04212e-06
7.37929e-06
1.08503e-05
1.05553e-05
1.0999e-05
1.08392e-05
1.10685e-05
5.55216e-06
6.66273e-06
9.96187e-06
5.30765e-06
4.19866e-06
1.04226e-05
2.16268e-07
4.89093e-06
1.12143e-05
1.086e-05
5.94304e-07
1.13072e-05
6.55074e-06
5.47357e-06
1.11599e-05
3.27664e-07
5.3038e-07
7.75985e-06
4.71517e-06
1.07192e-05
1.10197e-05
7.77437e-06
1.11689e-05
1.05177e-05
1.12373e-05
1.11689e-05
2.17211e-06
1.50721e-06
1.12114e-05
1.79753e-07
1.07111e-05
3.69933e-06
1.11458e-05
6.072e-07
4.43753e-07
5.65527e-06
4.32458e-07
1.12006e-05
3.54829e-06
1.11305e-05
1.12764e-05
4.22016e-06
3.86465e-06
1.05939e-05
2.46739e-06
1.08739e-05
1.12065e-05
1.08183e-05
2.77675e-06
3.48139e-06
1.12866e-05
4.72603e-07
8.7567e-06
1.07727e-05
6.38422e-07
1.11765e-05
2.56389e-06
1.12227e-05
5.19047e-06
3.93536e-06
1.11187e-05
4.43081e-06
1.10964e-05
1.12199e-05
8.22446e-06
4.36679e-06
1.11707e-05
1.10673e-05
8.82489e-07
6.44361e-07
1.10768e-05
1.10288e-05
2.95019e-06
5.17829e-06
5.32377e-06
7.41383e-06
1.05175e-05
1.11701e-05
7.51063e-06
6.7368e-06
1.12662e-05
4.01725e-07
6.93821e-06
4.90463e-06
1.11607e-05
1.10729e-05
3.13311e-07
1.08343e-05
3.12105e-06
1.12456e-05
5.42054e-06
1.12323e-05
1.04785e-05
1.07258e-05
1.91624e-06
1.06588e-05
3.05459e-06
1.12512e-05
2.18791e-06
1.07344e-06
1.10659e-05
4.80276e-06
1.07988e-05
1.10777e-05
1.14113e-05
1.02711e-05
1.10751e-05
4.34671e-06
1.07997e-05
1.03526e-05
1.08129e-05
1.1403e-05
6.51521e-07
6.41292e-06
6.78908e-07
1.11307e-05
1.11096e-05
1.113e-05
9.49018e-06
1.15905e-05
1.10469e-05
1.12152e-05
5.95583e-07
3.76611e-07
7.44601e-06
4.64233e-06
1.07702e-05
3.81288e-06
4.47082e-06
1.11681e-05
8.14702e-06
1.15965e-05
2.89658e-07
1.00925e-05
5.72973e-06
6.25887e-06
1.12315e-05
7.05226e-07
5.78329e-06
7.8258e-06
5.18435e-06
1.11416e-05
1.04488e-05
1.06408e-05
6.49934e-06
3.25519e-06
1.12358e-05
6.36866e-06
2.60403e-06
1.12124e-05
1.63381e-06
1.12379e-06
2.93885e-06
1.14228e-05
7.19801e-06
1.76465e-06
1.14226e-05
6.80479e-06
2.51904e-06
1.09057e-06
1.11786e-05
1.11146e-05
1.12388e-05
5.45597e-06
5.77978e-06
6.82575e-06
3.30892e-06
7.26638e-06
9.2757e-07
3.05636e-07
7.53442e-07
1.07526e-05
1.11508e-05
1.04358e-05
1.10415e-05
1.16203e-05
3.64594e-06
3.36836e-06
2.47001e-06
1.11791e-05
5.89482e-07
1.13005e-05
2.82021e-06
2.74685e-06
1.12348e-05
3.38445e-06
1.14334e-05
1.11431e-05
1.12381e-05
1.08268e-05
1.13213e-05
3.06906e-06
1.04883e-05
5.60016e-06
1.13274e-05
2.6809e-06
9.35147e-06
1.11557e-05
2.55382e-06
1.12217e-05
1.12581e-05
1.13667e-05
1.136e-05
8.43473e-06
8.02506e-07
7.87891e-06
6.3939e-06
1.12005e-05
1.32931e-06
1.13478e-05
2.1592e-06
1.08955e-05
6.44944e-06
2.23655e-06
6.15054e-06
2.76402e-07
4.03301e-07
8.40232e-07
1.02609e-07
3.21644e-07
1.01428e-05
1.14102e-05
6.64908e-06
1.12453e-05
7.21853e-06
1.13825e-05
6.61054e-06
6.96272e-06
2.62887e-07
1.12368e-05
1.03028e-05
4.67771e-06
5.1677e-06
1.12506e-05
9.06996e-07
1.12299e-05
1.12318e-05
7.41674e-06
7.78889e-06
1.10563e-05
1.13061e-05
5.6997e-06
1.11987e-05
1.12356e-05
1.03258e-05
5.74325e-06
1.12409e-05
3.78121e-07
6.29746e-06
2.31201e-06
6.66277e-06
1.8342e-06
2.41567e-06
1.00863e-05
3.14762e-06
1.12489e-05
3.9512e-06
1.11456e-05
4.48823e-06
1.10398e-05
8.26786e-06
1.0721e-05
1.1026e-05
1.05652e-05
5.55318e-06
5.3364e-06
3.87659e-06
2.49223e-06
1.06491e-05
1.11466e-05
1.10446e-05
1.14497e-05
4.14926e-06
1.11501e-05
4.56949e-06
5.96328e-06
2.75958e-06
2.2853e-06
5.59707e-06
2.5579e-06
5.3667e-06
1.12366e-05
1.1175e-05
1.13884e-05
1.07456e-05
3.68481e-06
1.13801e-05
7.34547e-06
1.12577e-05
1.12438e-05
7.81593e-06
5.33064e-06
1.07193e-05
1.1389e-05
1.11676e-05
1.13239e-05
1.921e-06
1.09696e-05
1.08833e-05
3.89003e-06
1.12396e-05
7.88084e-06
1.10174e-05
1.95524e-06
1.12667e-05
1.11252e-05
8.66564e-08
-1.14498e-07
1.11896e-05
6.87319e-06
7.0962e-06
7.38044e-06
2.22529e-06
4.97529e-06
1.08603e-05
1.13749e-05
7.26352e-06
1.10681e-05
2.54511e-06
2.10076e-06
6.57342e-06
7.7169e-06
1.12558e-05
1.08912e-05
1.58074e-06
2.81856e-06
1.1385e-06
1.40912e-06
7.86192e-08
7.08223e-06
1.16349e-05
7.0475e-07
7.91422e-06
5.1954e-07
8.23734e-06
2.94603e-06
7.7936e-06
1.11648e-05
6.9484e-06
2.87497e-06
2.7547e-06
1.11608e-05
6.8448e-06
1.13504e-05
1.12338e-05
1.10502e-05
1.11793e-05
9.59954e-06
7.39994e-06
5.50426e-06
5.43425e-06
1.98752e-06
3.75523e-06
1.13992e-05
1.05885e-05
1.13313e-05
4.79236e-06
1.05614e-05
7.91493e-06
1.10426e-05
7.98444e-06
1.03233e-05
1.13172e-05
2.22393e-06
7.04541e-06
1.01292e-05
7.42827e-06
5.65265e-06
1.02534e-05
1.1367e-05
1.05026e-05
1.13216e-05
1.08735e-05
9.06135e-07
7.37591e-06
5.06486e-06
8.36562e-07
1.03642e-05
8.08014e-06
4.28117e-07
1.27667e-07
7.48917e-06
6.52676e-06
2.43707e-06
1.12372e-05
4.00104e-07
1.11448e-05
6.75114e-06
1.12422e-05
1.14151e-05
1.08489e-05
1.12537e-05
1.14181e-05
6.73291e-06
3.20808e-07
1.12272e-05
5.1969e-07
3.11079e-07
1.1334e-05
5.63907e-06
3.55279e-06
9.8665e-06
4.00688e-06
1.85928e-06
1.12303e-05
1.14097e-05
1.13899e-05
8.16986e-06
1.08852e-05
1.11584e-05
1.12482e-05
1.10396e-05
1.14841e-05
1.12553e-05
7.44787e-06
1.10917e-05
1.08438e-05
1.07218e-05
5.07501e-06
1.14336e-05
3.31347e-06
1.10528e-05
1.11632e-05
1.02722e-05
1.13161e-05
1.04912e-05
1.10688e-05
1.1417e-05
1.11852e-05
1.06807e-05
1.11151e-05
7.20366e-06
7.88732e-06
1.11439e-05
1.1193e-05
1.12354e-05
5.72402e-07
2.13453e-06
7.83616e-06
1.13647e-05
1.08467e-05
1.1355e-05
1.12389e-05
1.05621e-05
4.26077e-06
5.1778e-06
1.13426e-05
7.9921e-06
1.0762e-05
1.03016e-05
1.10917e-05
1.06879e-05
7.73507e-06
5.71035e-06
1.11159e-05
1.04589e-05
1.98463e-06
1.1452e-05
1.11479e-05
3.15852e-06
1.14233e-06
1.13184e-05
3.21583e-06
5.60621e-06
4.95182e-06
1.10904e-05
7.04056e-06
1.11685e-05
2.56624e-06
1.07999e-05
1.09254e-05
1.07075e-05
7.69353e-06
4.97369e-07
1.1087e-05
1.13616e-05
1.11301e-05
1.04484e-05
7.81673e-07
1.12526e-05
3.07654e-06
1.12343e-05
6.74938e-06
1.11362e-05
1.12593e-05
8.13343e-06
1.1285e-05
2.81204e-06
4.35373e-06
1.13385e-05
6.37325e-06
9.86001e-06
1.12431e-05
8.10814e-06
1.11496e-05
6.86799e-06
1.07863e-05
1.01415e-05
1.12714e-05
3.71564e-07
1.12363e-05
3.55678e-06
1.10584e-05
1.0228e-06
1.12551e-05
2.92659e-06
1.13587e-05
3.37614e-06
1.11496e-05
1.12089e-05
1.15719e-05
3.88202e-06
1.07459e-05
4.40659e-06
1.06947e-05
5.89515e-06
1.13704e-05
7.33943e-06
1.11854e-05
8.32085e-06
1.14494e-05
2.00083e-06
1.12334e-05
1.12401e-05
1.1136e-05
8.50307e-06
5.94938e-06
8.4469e-07
7.99872e-07
7.24981e-06
6.24909e-07
5.54873e-07
1.13342e-05
3.19491e-07
1.10549e-05
1.05919e-05
1.29689e-06
8.17191e-06
4.91977e-07
4.44479e-07
1.12541e-05
1.12317e-05
1.12456e-05
2.64246e-06
1.06467e-05
1.12097e-05
1.12541e-05
1.1327e-05
7.14502e-06
7.13552e-06
6.25388e-06
4.93736e-06
7.78185e-06
1.95193e-06
4.97126e-06
1.02359e-05
1.12524e-05
1.15254e-05
3.9202e-06
1.04744e-05
1.12422e-05
1.12342e-05
5.73171e-06
9.79501e-06
2.6817e-06
1.71519e-06
4.32724e-06
1.11866e-05
1.12415e-05
4.46834e-07
4.84949e-06
1.11929e-05
1.0731e-05
2.55632e-06
7.72633e-06
2.8124e-06
1.12045e-05
2.48754e-06
1.12171e-05
4.67294e-09
1.03677e-05
1.12498e-05
3.64016e-06
1.104e-05
1.57681e-06
1.12074e-05
6.27257e-06
4.07447e-06
7.10599e-06
7.77823e-06
1.07549e-05
7.77979e-06
1.10045e-05
5.14922e-06
1.71521e-06
7.50275e-06
1.12318e-05
2.93626e-06
8.48791e-07
5.34302e-06
5.86149e-06
2.18231e-06
1.08218e-05
3.22661e-06
1.09812e-05
1.12129e-05
1.10564e-05
1.11062e-06
1.7493e-06
2.35292e-06
3.10064e-06
3.89352e-06
4.51577e-06
8.00477e-06
6.23312e-06
4.78454e-06
1.1215e-05
1.04303e-05
4.69354e-06
5.56164e-06
7.74177e-06
6.16882e-06
1.7972e-06
1.12458e-05
3.08971e-06
4.10533e-06
3.98946e-06
5.94612e-06
6.98567e-06
6.77235e-06
6.87805e-06
1.14338e-05
4.48547e-06
6.57553e-06
7.29952e-06
1.11536e-05
5.67742e-06
6.70483e-06
7.05918e-06
1.08085e-05
7.20072e-06
1.12406e-05
3.73634e-07
6.98257e-07
1.13643e-05
1.12392e-05
2.50084e-07
7.80556e-06
1.12563e-05
8.70366e-06
3.98654e-07
7.19391e-06
9.54612e-06
1.11273e-05
1.12077e-05
1.12584e-05
1.09221e-05
5.06356e-06
1.11616e-05
1.02558e-05
1.11547e-05
1.09012e-05
6.42698e-06
1.11812e-05
1.14867e-05
1.12475e-05
1.10624e-05
1.13349e-05
1.09364e-05
1.1041e-05
1.04886e-05
1.10005e-05
4.88277e-06
1.10263e-05
9.94057e-06
1.00325e-05
4.23701e-06
1.09704e-05
8.10848e-06
1.03827e-05
1.08259e-05
2.57688e-07
6.2304e-07
1.03365e-05
1.89959e-06
1.12276e-05
1.1231e-05
1.12381e-05
5.12085e-07
2.25698e-07
5.07475e-07
6.96265e-06
5.47095e-07
1.05354e-05
1.03587e-05
1.14618e-05
2.21004e-06
1.09608e-05
1.11319e-05
9.76226e-07
1.06626e-05
4.08466e-07
1.15363e-05
3.266e-06
1.10851e-05
3.14754e-06
8.03356e-06
1.03593e-05
5.37505e-07
1.12358e-05
7.70048e-06
2.82072e-06
1.06723e-05
1.13149e-05
1.13928e-05
4.78511e-06
3.51379e-06
1.07858e-05
8.51706e-07
5.73643e-07
5.47422e-07
4.39443e-07
1.06512e-05
1.03207e-05
6.98361e-06
2.51999e-06
1.47789e-07
6.81037e-07
6.76551e-06
1.15184e-05
1.12557e-05
9.50288e-06
9.23492e-08
3.07359e-06
1.13945e-05
1.11445e-05
1.12318e-05
3.01487e-07
4.2239e-07
5.78951e-07
1.10654e-05
-3.03475e-07
6.09192e-09
1.00396e-05
1.15367e-05
5.30691e-06
1.12336e-05
1.02228e-05
1.09657e-05
4.08838e-06
5.53105e-07
1.07007e-05
1.03313e-05
5.83755e-06
1.15074e-05
8.18984e-06
2.51251e-07
1.1234e-05
1.11667e-05
4.26956e-07
1.11142e-05
1.11916e-05
5.36778e-06
7.28872e-06
2.80334e-06
2.736e-06
6.78244e-06
1.08899e-05
8.29188e-06
4.92161e-06
9.83726e-06
1.13024e-05
1.02141e-05
5.51103e-06
2.90302e-07
3.00673e-07
4.87709e-06
2.20007e-07
2.80623e-07
1.11655e-05
3.67345e-07
1.02986e-05
1.14246e-05
2.80003e-07
1.14022e-05
1.08957e-05
1.12544e-05
5.31544e-06
1.09602e-05
8.05052e-06
1.09906e-05
9.97658e-06
1.14158e-05
2.1097e-07
7.29723e-06
7.8527e-06
3.27309e-06
2.18029e-07
1.10605e-05
3.29384e-07
2.65389e-07
1.14431e-05
1.12003e-05
1.03893e-05
-2.65423e-07
1.07541e-05
9.02502e-06
7.01001e-08
7.01889e-08
-2.58588e-08
8.78814e-06
1.06788e-05
)
;

boundaryField
{
    back
    {
        type            empty;
    }
    ingreso
    {
        type            zeroGradient;
    }
    salida
    {
        type            fixedValue;
        value           uniform 0;
    }
    front
    {
        type            empty;
    }
    defaultFaces
    {
        type            zeroGradient;
    }
}


// ************************************************************************* //
