/*--------------------------------*- C++ -*----------------------------------*\
  =========                 |
  \\      /  F ield         | OpenFOAM: The Open Source CFD Toolbox
   \\    /   O peration     | Website:  https://openfoam.org
    \\  /    A nd           | Version:  8
     \\/     M anipulation  |
\*---------------------------------------------------------------------------*/
FoamFile
{
    version     2.0;
    format      ascii;
    class       surfaceScalarField;
    location    "4.4";
    object      phi;
}
// * * * * * * * * * * * * * * * * * * * * * * * * * * * * * * * * * * * * * //

dimensions      [0 3 -1 0 0 0 0];

internalField   nonuniform List<scalar> 
5897
(
4.56996e-10
-1.71587e-10
8.42315e-10
-1.12772e-09
-1.12894e-08
1.24176e-08
-1.21965e-08
1.10683e-08
9.54602e-09
-9.42352e-09
8.72668e-11
-2.09771e-10
1.68336e-10
-1.2951e-09
1.17993e-09
-5.31617e-11
1.23571e-08
-1.05474e-08
-1.17859e-10
-1.69181e-09
-7.5403e-09
-2.57796e-09
6.26379e-09
3.85448e-09
-4.80822e-09
4.25936e-10
-6.49292e-10
5.03157e-09
1.30709e-08
6.74673e-09
2.51509e-10
-2.00691e-08
-8.76596e-09
1.91016e-09
-6.8635e-10
7.54214e-09
2.75125e-09
9.34525e-09
-9.81783e-09
-2.27866e-09
-1.37669e-11
6.68784e-10
-7.5093e-10
9.59125e-11
-1.41908e-09
8.9931e-09
1.78267e-09
1.76635e-08
8.96052e-10
-1.51558e-08
-3.40369e-09
1.36471e-08
7.38218e-10
-2.0282e-09
1.60453e-09
1.86723e-10
-3.59757e-10
-1.43149e-09
-1.92924e-08
1.50468e-08
1.16658e-08
-7.42017e-09
4.30205e-09
5.12241e-09
-5.82041e-09
-3.60406e-09
-1.20045e-10
5.49132e-10
1.30912e-10
-5.59999e-10
7.04605e-11
-3.91566e-10
-1.01216e-10
4.22322e-10
9.94074e-09
-2.74882e-09
-1.00378e-08
2.84584e-09
-1.6491e-08
1.94797e-08
-5.31199e-09
2.32337e-09
5.14484e-09
-9.3102e-09
-3.37494e-09
1.09951e-08
-4.64718e-09
-7.96657e-09
1.61866e-09
-2.71653e-11
3.32271e-10
-1.73564e-08
1.70513e-08
6.94668e-09
-2.92398e-09
-9.91781e-09
5.89511e-09
-9.46506e-09
-7.08061e-09
5.63472e-09
1.09109e-08
-6.40908e-10
2.47846e-09
1.20113e-09
-3.03868e-09
-1.45369e-08
1.96373e-08
-9.78472e-09
4.68431e-09
2.76035e-10
-1.22513e-10
-2.17855e-10
6.43323e-11
-1.56303e-08
3.20044e-09
-6.86258e-09
-8.9739e-09
1.72756e-08
2.86418e-09
-1.11659e-08
-8.79917e-09
1.13849e-08
-1.39797e-08
1.13939e-08
-1.15802e-08
6.38803e-10
1.16168e-09
9.77972e-09
1.23556e-08
8.45755e-09
-1.38494e-10
-2.06747e-08
-8.78855e-09
-1.35648e-08
6.18706e-09
1.61663e-08
-8.78607e-09
3.01539e-10
8.48453e-09
4.13462e-09
-5.53889e-09
-3.24147e-09
4.64574e-09
1.707e-08
-1.57968e-08
-7.07561e-09
5.80236e-09
5.80306e-09
-6.04648e-09
8.19033e-10
-5.75609e-10
9.30919e-09
-1.2322e-08
-8.8699e-09
1.18828e-08
-1.14619e-09
9.65277e-10
2.07544e-09
-1.89452e-09
3.72181e-10
-5.59697e-09
-1.94049e-10
5.41884e-09
2.6816e-09
-3.68733e-09
1.03624e-08
-2.27316e-09
3.60825e-09
-3.87357e-09
2.53848e-09
-1.49551e-08
1.64094e-08
-2.85995e-09
1.40562e-09
1.71035e-10
-1.85701e-09
-3.33166e-10
2.01914e-09
8.26774e-09
1.15131e-09
-1.72444e-09
-7.69461e-09
5.17367e-11
4.91414e-11
-1.00878e-10
-1.55849e-10
7.62244e-11
3.8265e-10
-3.03026e-10
-1.27698e-09
3.20986e-09
-1.87071e-08
1.67742e-08
-6.29162e-09
4.48597e-09
-4.67501e-10
-6.72034e-09
-2.18393e-08
5.47031e-09
2.30893e-08
1.80597e-09
-3.97181e-09
9.5731e-09
-7.40726e-09
6.7058e-09
-7.42828e-09
-1.85548e-09
-2.52517e-09
1.21718e-09
1.38418e-10
8.42769e-09
-8.5661e-09
6.00424e-10
7.61749e-09
-8.21791e-09
-1.06203e-08
2.40245e-11
1.05963e-08
5.51075e-11
-1.41432e-08
2.07362e-10
1.38807e-08
8.30644e-09
-5.97729e-09
4.22104e-10
-1.13667e-08
9.12125e-12
1.13576e-08
-1.10219e-08
9.47432e-12
1.10124e-08
-1.06306e-08
5.11507e-12
1.06255e-08
1.14443e-08
-7.1611e-09
-4.2832e-09
-3.99146e-11
-1.68897e-08
1.69391e-08
-9.53806e-12
-3.90998e-11
-1.63253e-08
1.63731e-08
-8.69833e-12
-1.55883e-10
3.11084e-10
-1.29902e-09
1.14382e-09
5.95806e-10
6.02389e-09
-9.99873e-11
-6.51971e-09
-4.82392e-11
1.61184e-08
2.5412e-11
-1.60955e-08
-1.06058e-08
-1.66785e-12
1.06075e-08
5.05385e-10
-1.70114e-09
1.47502e-09
-2.79263e-10
-4.791e-11
1.61352e-08
1.6462e-12
-1.60889e-08
1.59811e-08
-1.5309e-08
-1.18735e-09
5.15271e-10
-1.05716e-08
-3.04687e-12
1.05747e-08
1.561e-09
-2.9458e-09
3.50513e-09
-2.12034e-09
1.58452e-10
1.63022e-08
-4.79599e-10
-1.54434e-09
4.43528e-10
2.66181e-09
-2.8387e-11
1.61159e-08
-1.49356e-11
-1.60725e-08
2.089e-09
5.14337e-09
-4.23714e-09
-2.99523e-09
2.57079e-09
-2.34559e-09
1.91979e-09
-2.14499e-09
1.68354e-08
2.96685e-09
-3.39283e-09
6.24989e-10
-1.62734e-09
1.50774e-09
-1.05391e-08
-2.38944e-12
1.05415e-08
1.42741e-10
-1.62089e-08
1.60886e-08
-2.24217e-11
-3.46455e-09
-8.6509e-09
3.20881e-09
8.90663e-09
-2.00872e-11
1.60895e-08
-2.36878e-11
-1.60457e-08
-7.73427e-09
5.41006e-09
-4.25646e-09
6.58067e-09
-1.79756e-11
1.68155e-08
-2.74927e-11
-1.677e-08
-1.74091e-11
1.62535e-08
-2.64791e-11
-1.62096e-08
-2.66286e-09
-9.92429e-09
4.85288e-09
-1.75694e-11
1.60654e-08
-2.27998e-11
-1.60251e-08
-1.0503e-08
-3.52701e-12
1.05065e-08
-1.61601e-08
-7.63616e-10
4.75757e-10
1.64479e-08
-1.12332e-08
-2.78491e-12
1.1236e-08
-1.08937e-08
-2.58994e-12
1.08963e-08
1.38049e-09
-1.7816e-11
1.60297e-08
-2.60495e-11
-1.59858e-08
-2.08709e-11
1.67759e-08
-2.1167e-11
-1.67339e-08
-2.02387e-11
1.62155e-08
-2.04395e-11
-1.61748e-08
2.95549e-09
3.66445e-09
-4.53094e-09
5.12129e-09
4.10072e-09
-6.26652e-09
-1.42396e-11
1.70139e-08
-6.01567e-11
-1.69395e-08
-1.5818e-11
1.64446e-08
-5.53091e-11
-1.63735e-08
-3.53582e-09
1.67152e-09
-1.46267e-08
1.94286e-09
7.80794e-09
-2.6604e-09
-7.09041e-09
-1.28397e-08
3.71027e-09
-6.50088e-09
1.23946e-10
3.64872e-10
-4.2624e-10
-6.25769e-11
-1.13163e-11
-1.59466e-08
1.59904e-08
-3.25045e-11
-1.1194e-08
-3.80169e-13
1.11944e-08
-1.0856e-08
-3.33224e-13
1.08563e-08
-1.77722e-11
-1.67018e-08
1.67499e-08
-3.0348e-11
-1.73138e-11
-1.61432e-08
1.619e-08
-2.95601e-11
1.16379e-10
-5.54762e-09
-3.31201e-10
5.76245e-09
-2.84219e-11
1.69239e-08
-1.68721e-08
-2.34477e-11
-2.76044e-11
1.63585e-08
-1.63083e-08
-2.25923e-11
7.87093e-09
1.20737e-08
-1.98966e-08
-4.79968e-11
-8.63898e-09
-5.88143e-09
1.10559e-08
2.73171e-10
1.7692e-08
-1.71698e-08
-7.95296e-10
2.54995e-10
1.70972e-08
-1.65951e-08
-7.57063e-10
-1.11631e-08
1.05257e-12
1.11621e-08
-1.08262e-08
1.04237e-12
1.08251e-08
9.19926e-09
7.45516e-10
-5.99533e-10
6.12748e-09
-7.71167e-09
7.36678e-09
-5.78259e-09
-2.19424e-11
1.68998e-08
-1.685e-08
-2.78416e-11
-2.12496e-11
1.63353e-08
-1.62873e-08
-2.67826e-11
3.69291e-09
-3.45608e-09
-5.24064e-10
2.87231e-10
4.8998e-10
2.21432e-09
-2.16576e-09
-5.38538e-10
-1.00075e-11
1.66937e-08
-2.1808e-11
-1.66619e-08
-1.02566e-11
1.61331e-08
-2.19573e-11
-1.61009e-08
-1.42102e-08
-4.49079e-09
1.58411e-08
-2.59419e-11
1.68765e-08
-1.68282e-08
-2.2281e-11
-2.50121e-11
1.63131e-08
-1.62663e-08
-2.17209e-11
4.42836e-09
3.8501e-09
-3.15717e-09
-2.1316e-11
1.6854e-08
-1.68223e-08
-1.0338e-11
-2.06441e-11
1.62912e-08
-1.62605e-08
-1.01099e-11
-6.39145e-10
-4.86389e-10
3.32365e-10
7.93169e-10
-5.25267e-09
4.11401e-09
5.10645e-09
-3.96778e-09
1.00632e-09
-3.99538e-10
-5.91044e-10
-1.57393e-11
-1.4267e-11
1.66732e-08
-4.09149e-12
-1.66549e-08
-1.7122e-11
1.61053e-08
-7.16859e-12
-1.6081e-08
-9.26338e-12
1.58775e-08
-2.10473e-11
-1.58472e-08
-1.03563e-08
-5.89748e-12
1.03622e-08
3.47159e-09
2.393e-09
-3.26806e-09
-2.59653e-09
-2.24849e-11
1.68487e-08
-1.39758e-11
-1.68122e-08
-2.16884e-11
1.62859e-08
-1.37289e-11
-1.62505e-08
-1.02608e-08
-1.29207e-08
1.18921e-08
2.56545e-10
-3.04881e-09
-5.2438e-14
2.79232e-09
-1.10786e-08
-1.06245e-11
1.10893e-08
-1.07456e-08
-9.99346e-12
1.07556e-08
-1.14066e-08
-1.1061e-08
8.55131e-10
1.93608e-09
-2.30123e-09
9.09693e-09
-8.54055e-09
-1.2459e-09
6.89521e-10
-4.49115e-09
-4.11814e-09
4.88715e-09
3.72214e-09
2.57084e-09
4.7195e-10
-2.78624e-09
-2.8624e-11
-1.67132e-08
1.6709e-08
3.281e-11
-1.8455e-11
-1.60656e-08
1.60942e-08
-1.01639e-11
8.15759e-10
-1.52586e-09
-1.45989e-08
-1.06682e-08
-2.02727e-09
1.96447e-09
-7.63649e-12
1.58578e-08
-1.51015e-11
-1.58351e-08
-1.11027e-08
1.1092e-08
1.06435e-11
-1.07118e-08
1.07024e-08
9.43416e-12
-1.32074e-08
-3.52794e-09
-1.05932e-08
1.0545e-08
-1.03169e-08
-1.22064e-11
1.03291e-08
-9.92095e-10
8.12253e-10
4.74692e-10
-2.9485e-10
-4.06215e-09
-6.21871e-09
3.44459e-09
6.83627e-09
-1.0659e-08
-1.10478e-08
-8.41184e-13
1.10486e-08
-1.07206e-08
1.3805e-12
1.07192e-08
8.56646e-09
1.52916e-09
-1.82788e-09
1.59814e-08
-1.59151e-08
2.24921e-11
-8.88333e-11
-1.07713e-11
1.5853e-08
6.64305e-12
-1.58488e-08
-2.01732e-08
1.14398e-08
-1.06259e-08
-1.06303e-08
1.06754e-08
-4.51666e-11
-1.06196e-08
1.1021e-08
-4.0146e-10
7.27722e-10
1.74221e-09
-1.6148e-09
-1.7491e-08
4.20589e-09
-1.23815e-08
-1.68808e-08
3.93908e-09
-1.18365e-08
-1.62357e-08
3.8022e-09
-1.16722e-08
-6.40434e-12
1.59582e-08
-1.59185e-08
-3.33494e-11
-1.02902e-08
-2.86684e-12
1.02931e-08
1.09942e-08
-1.08357e-08
1.03863e-08
1.12478e-09
-2.41416e-09
-1.68362e-11
1.59204e-08
3.00013e-11
-1.59336e-08
-1.05892e-08
-1.1032e-08
4.84061e-12
1.10271e-08
-1.07148e-08
6.55508e-12
1.07082e-08
-1.72432e-11
1.82721e-09
-1.18497e-09
-1.02367e-11
1.59351e-08
-1.59034e-08
-2.14176e-11
-3.72593e-09
6.18311e-09
3.05066e-09
-5.50784e-09
1.5869e-08
-1.62676e-08
6.87787e-10
-2.89168e-10
3.75837e-10
-1.73518e-10
-4.22274e-10
2.19954e-10
-1.02357e-11
1.6729e-08
-3.01973e-11
-1.66886e-08
-1.00434e-11
1.61693e-08
-2.94453e-11
-1.61298e-08
3.90606e-09
-5.43867e-10
3.30715e-10
5.28464e-12
-1.1108e-08
1.10723e-11
-1.07229e-08
-1.14022e-08
1.1388e-08
-1.1054e-08
1.10382e-08
-1.05569e-08
-9.93435e-09
1.03175e-08
-3.83129e-10
-4.34607e-12
1.59163e-08
-1.58888e-08
-2.32094e-11
-1.09055e-11
-1.6834e-08
1.68502e-08
-1.97682e-11
-1.60885e-08
1.61193e-08
-1.03036e-08
6.71124e-12
1.02969e-08
-4.37297e-12
1.5996e-08
-1.02171e-11
-2.88845e-11
6.93675e-11
1.10722e-10
-1.51205e-10
-1.12511e-08
-1.09112e-08
-2.3541e-09
4.01206e-09
8.28278e-09
6.2453e-10
1.48247e-09
-1.37928e-09
1.21094e-08
-1.30611e-08
2.76257e-09
-2.41642e-09
-7.59737e-09
7.25122e-09
-5.23229e-12
1.59017e-08
-2.22781e-11
-1.58742e-08
-8.51325e-11
-1.05451e-08
-1.03818e-08
-2.37764e-10
-1.05143e-08
1.13522e-08
-1.13806e-08
1.10088e-08
-1.10364e-08
-1.88452e-10
-1.58838e-08
1.59871e-08
-1.12149e-08
-1.08762e-08
-4.25678e-09
-8.69787e-09
8.00517e-09
4.94948e-09
-1.94743e-09
5.01843e-09
7.92409e-09
2.46836e-09
5.7731e-09
-5.77197e-09
-2.46949e-09
-1.1348e-08
1.1326e-08
-1.10049e-08
1.09837e-08
1.63299e-08
-1.63857e-08
-1.96308e-10
2.52068e-10
-3.63543e-09
7.59362e-09
-6.51813e-09
2.55995e-09
-5.902e-10
-9.34415e-09
-1.03068e-08
2.32338e-12
1.03044e-08
4.16191e-09
-4.73751e-09
-8.06338e-09
-4.95143e-10
1.5774e-08
-1.62053e-08
1.61156e-08
-1.43539e-10
2.3331e-10
1.1295e-08
-1.1321e-08
1.09536e-08
-1.09786e-08
-1.67192e-10
1.50144e-10
1.22167e-09
-1.20462e-09
-1.11809e-08
-1.08435e-08
1.83181e-10
-7.47548e-09
6.68462e-09
6.0768e-10
7.64758e-11
1.67411e-08
-8.03628e-11
-1.67372e-08
1.43153e-08
-1.12431e-08
-1.99267e-08
1.68546e-08
1.54534e-08
-1.12199e-08
-2.23746e-08
1.8141e-08
1.48264e-08
-1.07964e-08
-2.16081e-08
1.7578e-08
-1.60595e-08
-7.19814e-11
1.50323e-10
1.59812e-08
5.3859e-09
-7.2909e-09
-1.5549e-09
3.45991e-09
1.12765e-08
-1.12978e-08
1.09355e-08
-1.09561e-08
-1.51466e-08
1.55362e-08
-2.46865e-10
1.66533e-08
1.03499e-10
-1.43816e-10
-1.6613e-08
1.17655e-08
-1.14923e-08
1.13889e-08
-1.11339e-08
-9.43988e-09
1.15168e-08
-1.28522e-08
1.07753e-08
1.66806e-08
4.83554e-11
-7.56605e-11
-1.12806e-08
1.12581e-08
-1.09394e-08
1.09177e-08
3.01586e-10
-1.77017e-10
1.68572e-10
-1.02472e-10
-3.26902e-10
2.60801e-10
-3.87189e-11
1.67808e-08
6.12441e-11
-1.68033e-08
-1.33483e-11
1.60896e-08
-2.45313e-12
-1.60738e-08
-1.59327e-08
1.59777e-08
-1.17888e-12
-4.38107e-11
-1.66699e-08
1.66428e-08
-1.42095e-11
4.13176e-11
-1.22881e-11
2.74868e-11
-1.59479e-08
-4.9334e-12
1.56674e-11
2.58814e-10
3.13713e-10
-1.9669e-10
-1.59736e-08
1.59861e-08
-8.96869e-12
-3.50867e-12
-1.65804e-08
1.65623e-08
-1.54666e-11
3.35572e-11
-6.83343e-09
7.10942e-09
2.48658e-09
-1.10886e-08
-1.07559e-08
-1.03656e-08
6.71936e-11
-1.66998e-08
-3.71618e-11
1.66698e-08
-2.33126e-09
8.05452e-09
-9.98004e-09
-1.5966e-08
1.5978e-08
-1.82904e-11
6.32877e-12
-1.65193e-08
1.65259e-08
-1.93464e-11
1.27378e-11
1.43071e-09
-1.23463e-09
-3.63279e-10
-1.59574e-08
1.59691e-08
-1.28209e-11
1.11083e-12
-1.6503e-08
1.6513e-08
-1.72914e-11
7.29571e-12
1.81894e-10
-1.25861e-10
1.59519e-08
-1.59529e-08
-1.70169e-11
1.8028e-11
1.64983e-08
-1.64981e-08
-1.86975e-11
1.85338e-11
1.98278e-08
-7.94814e-09
4.76e-10
-1.83693e-11
2.24761e-11
5.5442e-11
6.96142e-12
1.55569e-08
5.14033e-11
-1.55412e-08
-1.04761e-08
1.04696e-08
-1.59127e-08
1.59289e-08
-3.21892e-11
1.59036e-11
-1.64579e-08
1.64756e-08
-3.32423e-11
1.55649e-11
1.56107e-08
3.12346e-11
-8.50387e-11
-1.1062e-08
-1.07377e-08
-1.03245e-08
-1.58995e-08
1.59115e-08
-2.32699e-11
1.1319e-11
-1.64457e-08
1.64583e-08
-2.39506e-11
1.13348e-11
2.27886e-08
-7.79297e-10
-1.19893e-09
-2.08103e-08
-1.10582e-08
2.06281e-08
-1.66751e-08
7.10516e-09
-1.30775e-08
2.14876e-08
-1.59882e-08
7.57818e-09
-1.26837e-08
2.06847e-08
-1.54805e-08
7.47955e-09
1.56328e-08
2.04083e-11
-4.24712e-11
-1.5633e-08
1.56402e-08
-3.48901e-12
-3.70726e-12
-1.58736e-08
1.58897e-08
-2.64347e-11
1.03287e-11
-1.64194e-08
1.6436e-08
-2.71214e-11
1.05351e-11
1.04381e-08
-1.04483e-08
-1.58565e-08
1.58739e-08
-2.60936e-11
8.71519e-12
-1.64017e-08
1.64195e-08
-2.68735e-11
9.09992e-12
9.30138e-12
1.07424e-11
3.1051e-11
1.19201e-11
1.56221e-08
-1.56172e-08
7.78069e-12
-1.26362e-11
-2.0827e-09
-7.63394e-09
7.30022e-09
-1.58429e-08
1.58573e-08
-3.51976e-11
2.08151e-11
-1.63874e-08
1.64017e-08
-3.60554e-11
2.17349e-11
1.2099e-10
-1.60633e-08
1.5597e-08
-1.55939e-08
1.35822e-11
-1.66327e-11
-4.00261e-09
3.65046e-09
1.98318e-08
1.26515e-11
-1.28334e-11
-1.5793e-08
1.58357e-08
-4.18816e-11
-7.29755e-13
-1.63353e-08
1.638e-08
-4.33159e-11
-1.38176e-12
1.56324e-08
-1.03092e-12
8.77233e-12
-1.10606e-08
-1.07332e-08
-3.38439e-09
-2.25975e-10
1.54284e-10
-1.0301e-08
1.04137e-08
-1.04181e-08
-1.55629e-08
1.55767e-08
1.40971e-11
-2.79054e-11
-1.57764e-08
1.5818e-08
-2.79729e-11
-1.36169e-11
-1.63192e-08
1.63625e-08
-2.90679e-11
-1.42478e-11
1.59409e-08
-9.09687e-12
2.00827e-11
1.6487e-08
-1.0174e-11
2.14797e-11
1.20242e-11
8.54955e-12
8.29559e-12
1.45677e-11
-1.57675e-08
1.57903e-08
-2.60985e-11
3.33969e-12
-1.63107e-08
1.63339e-08
-2.65221e-11
3.31164e-12
-1.55311e-08
1.55505e-08
-1.6706e-12
-1.77266e-11
-1.57451e-08
1.57748e-08
-3.72286e-11
7.43922e-12
-1.62866e-08
1.63162e-08
-3.82777e-11
8.69609e-12
-1.55208e-08
1.55334e-08
1.65509e-11
-2.91784e-11
-1.03893e-08
1.03841e-08
1.56132e-08
-7.23232e-12
1.61811e-11
1.11268e-08
-1.1137e-08
1.07915e-08
-1.08015e-08
-1.57104e-08
1.5757e-08
-3.08984e-11
-1.57221e-11
-1.62499e-08
1.62988e-08
-3.24462e-11
-1.64643e-11
-1.63114e-09
1.51564e-09
8.28235e-09
-8.16684e-09
-1.5475e-08
1.54972e-08
9.37401e-12
-3.15956e-11
-1.03204e-08
-1.5702e-08
1.57324e-08
-2.71681e-11
-3.18872e-12
-1.62426e-08
1.62731e-08
-2.7588e-11
-2.90592e-12
-2.57273e-09
1.32335e-09
-1.28938e-08
1.05068e-11
5.75087e-12
1.11667e-11
3.72225e-12
-4.18829e-12
1.93865e-11
-5.79684e-10
5.9391e-10
-1.5437e-08
1.54636e-08
2.14492e-13
-2.67511e-11
-3.61752e-09
-2.22467e-09
2.89639e-09
-1.61324e-08
1.59586e-08
1.35836e-10
3.79755e-11
-1.55976e-08
1.54301e-08
1.35524e-10
3.20003e-11
-1.47569e-08
-7.1703e-09
7.40995e-09
1.45173e-08
1.67742e-09
-7.90363e-09
-6.19456e-10
6.84567e-09
1.55884e-08
-1.19909e-11
2.05274e-11
-1.54057e-08
1.54447e-08
-1.20106e-11
-2.7048e-11
-1.53839e-08
1.54193e-08
-4.29518e-12
-3.11021e-11
-1.03111e-08
-1.53545e-08
1.54019e-08
-1.9616e-11
-2.78141e-11
-1.48459e-09
-5.82187e-09
1.36977e-09
5.9367e-09
-1.53406e-08
1.53987e-08
-4.86535e-11
-9.4782e-12
3.45578e-11
-6.33278e-12
3.62104e-11
-7.08784e-12
-7.5583e-09
7.15302e-09
-5.69145e-12
2.49365e-11
8.69475e-09
-1.06873e-08
1.44102e-08
-1.7352e-08
-6.12356e-09
1.46764e-08
-1.55503e-08
2.87461e-11
-9.52321e-12
5.70363e-09
2.69595e-09
-5.89943e-09
-2.50014e-09
1.19144e-08
7.08169e-09
-4.93796e-09
-1.40582e-08
2.99883e-11
-5.46143e-13
3.09291e-11
-1.05509e-12
-1.03672e-09
-8.06996e-09
5.66128e-10
5.06847e-09
-1.38902e-08
1.63196e-08
-7.4978e-09
1.53164e-10
-1.76812e-10
-1.85682e-10
2.0933e-10
1.91579e-10
-9.12682e-10
8.1958e-11
-1.58176e-08
3.88298e-11
-1.43165e-11
-1.63605e-08
3.9998e-11
-1.48148e-11
-8.06491e-12
3.35601e-11
-1.16662e-10
7.49697e-11
-1.54956e-08
3.44864e-11
-1.38863e-11
2.94347e-11
8.41884e-12
3.03207e-11
8.57309e-12
4.47436e-10
-3.20545e-10
-2.8274e-10
-1.10875e-08
1.10488e-08
-1.0716e-08
1.07026e-08
3.44799e-10
-1.68579e-08
2.45473e-10
-1.57903e-08
1.5179e-11
-1.28351e-12
-1.63335e-08
1.55092e-11
-1.27561e-12
4.25477e-10
-4.39174e-09
-8.41953e-10
-4.1098e-12
3.05339e-11
-1.69344e-08
3.8633e-11
1.69289e-08
-3.31274e-11
8.08533e-10
5.07612e-09
-1.57069e-08
9.82228e-09
1.20175e-09
-1.5919e-09
-5.05448e-09
5.44463e-09
-1.5459e-08
3.41963e-11
-1.22316e-11
-1.67231e-08
-4.307e-11
6.63614e-11
3.80519e-10
-4.30092e-10
2.58372e-11
7.33376e-12
2.66696e-11
7.60056e-12
-1.47476e-08
-6.30772e-10
1.85788e-08
-1.54276e-08
3.19253e-11
-9.9527e-12
4.04692e-12
2.56876e-11
2.89514e-11
2.04205e-12
3.01185e-11
1.96294e-12
7.75477e-09
-1.85116e-09
6.45017e-10
1.885e-09
1.72977e-08
-1.57226e-08
2.29049e-11
-1.06325e-11
-1.62623e-08
2.35655e-11
-1.11838e-11
1.31509e-08
-1.39497e-08
-3.75113e-09
4.54985e-09
-1.54056e-08
3.46868e-11
-1.29834e-11
7.15085e-13
3.71034e-11
4.77391e-11
-7.99718e-12
4.95451e-11
-8.26216e-12
3.32665e-10
3.4689e-10
-4.2074e-10
7.41408e-09
-1.11853e-09
-1.07264e-09
-5.22291e-09
-1.53777e-08
2.92469e-11
-6.03478e-12
-5.80614e-09
3.7686e-09
-5.62683e-09
3.57244e-09
-5.37073e-09
3.45035e-09
3.28415e-10
-2.06436e-10
1.06468e-09
-1.18666e-09
-1.34844e-09
4.48097e-10
1.79975e-08
-1.41453e-09
4.77593e-10
1.86289e-08
-4.44148e-10
-1.07429e-09
2.81453e-10
1.23698e-09
3.32294e-12
3.48474e-11
2.75216e-11
1.78034e-11
2.84646e-11
1.80427e-11
-1.56585e-08
3.2804e-11
2.80467e-11
-1.6196e-08
3.60722e-11
2.74903e-11
1.79174e-09
-1.7707e-09
-7.42925e-10
7.21885e-10
-1.18912e-08
8.29045e-09
1.07148e-08
-9.70513e-09
-1.0097e-09
-8.14954e-09
7.67817e-09
-1.41788e-09
6.86946e-10
1.13093e-08
-1.05783e-08
-2.46199e-10
9.56701e-11
-2.60317e-10
1.04332e-10
-2.77385e-11
-8.35286e-09
4.11412e-10
7.96919e-09
-1.53657e-08
2.1905e-11
3.26066e-12
-2.01666e-11
5.44552e-11
-1.89681e-11
5.21817e-11
1.32909e-08
-2.13294e-08
3.87212e-09
4.1663e-09
1.28552e-08
-2.0618e-08
3.76872e-09
3.99403e-09
1.12697e-08
-1.55682e-08
1.89436e-10
4.10905e-09
-8.91999e-10
2.69714e-10
1.13318e-09
-5.109e-10
-2.69008e-11
5.45748e-11
-2.57421e-11
5.27099e-11
-2.64633e-11
5.29481e-11
-2.55327e-11
5.13329e-11
-1.86836e-11
4.44286e-11
-1.82144e-11
4.31014e-11
-1.33868e-11
3.97734e-11
-1.29636e-11
3.83992e-11
7.69518e-12
2.82557e-11
2.71516e-11
2.33462e-11
2.81066e-11
2.3735e-11
1.6059e-08
-1.10676e-08
7.0629e-09
-1.20542e-08
1.55087e-08
-1.07047e-08
6.85974e-09
-1.16638e-08
-1.10316e-08
-1.10064e-08
-1.06248e-08
-3.09671e-09
-2.28536e-08
2.71986e-08
-1.24831e-09
5.40764e-11
-2.67862e-11
5.20227e-11
-2.58747e-11
-1.80637e-08
6.61146e-09
1.49656e-08
-3.51338e-09
2.69662e-09
8.57934e-09
-6.78008e-09
-4.49588e-09
1.44477e-09
-1.19715e-09
3.7691e-10
3.73054e-11
7.92819e-12
3.90113e-11
8.25177e-12
3.86028e-10
5.52677e-10
-6.0604e-10
1.62343e-08
-1.75113e-08
1.53952e-08
8.39136e-10
1.57098e-10
1.74783e-09
-3.00402e-10
1.17884e-11
5.58149e-11
3.06044e-11
-6.52532e-12
1.17843e-11
2.7351e-11
-3.81078e-09
3.77689e-09
-7.173e-09
7.20689e-09
-8.06705e-09
-1.36233e-10
-1.49057e-09
9.69385e-09
-5.91178e-09
2.60883e-09
5.99957e-09
-1.80931e-08
-4.6508e-09
-1.74899e-08
-4.47656e-09
-3.30159e-11
4.46256e-11
-2.13871e-11
3.79768e-11
-5.07612e-09
7.73008e-09
-7.30114e-09
4.06737e-11
1.15354e-11
4.21509e-11
1.18035e-11
-2.16887e-11
3.46031e-11
-1.7633e-08
1.74194e-08
5.58389e-10
3.39802e-11
-2.10883e-11
-1.60782e-09
2.54389e-09
1.39097e-09
-2.32703e-09
1.6657e-10
2.3503e-09
8.05955e-10
7.44965e-10
-1.17038e-09
-3.80543e-10
5.428e-10
-5.28979e-10
-4.42545e-10
4.28723e-10
1.19872e-09
-1.46433e-09
-2.48054e-09
2.74615e-09
-1.06073e-08
-2.38793e-09
-4.24907e-09
-7.11806e-09
4.59414e-09
6.77298e-09
-8.21196e-09
1.26904e-11
2.88942e-11
-1.64976e-08
1.65728e-10
1.01975e-09
-4.78533e-09
-6.16063e-10
4.38164e-09
1.0302e-08
-2.60164e-09
-9.49052e-09
1.7902e-09
-4.87334e-09
6.75878e-09
1.75916e-08
-1.94771e-08
-2.98313e-10
3.86993e-10
2.5821e-10
5.14963e-10
1.67688e-08
-1.69515e-08
-6.92304e-10
8.59656e-10
-7.64283e-09
3.05108e-11
2.44694e-11
3.12322e-11
2.49806e-11
-7.86567e-09
-1.57732e-10
-4.3649e-11
-1.62481e-08
1.74324e-08
-3.08527e-09
1.9009e-09
2.96466e-10
-4.83242e-09
3.81084e-09
7.25113e-10
-1.53592e-08
-9.7811e-11
1.53331e-08
1.23838e-10
-7.66519e-09
-5.33664e-09
5.60893e-09
7.3929e-09
-1.79442e-09
1.06562e-09
-1.63201e-10
-1.70401e-09
-2.14662e-10
1.2425e-10
1.47797e-09
-1.75002e-08
-8.35656e-10
2.20578e-09
-7.19042e-09
-3.88587e-10
5.37323e-09
-1.32259e-11
1.69615e-08
-1.22388e-11
1.63948e-08
1.97034e-11
1.64585e-11
-1.11597e-08
-4.70635e-09
3.02636e-09
-4.2655e-09
7.03994e-09
-7.0235e-09
3.49527e-11
3.89393e-11
3.72529e-11
3.98674e-11
6.81431e-11
1.2672e-09
-8.30184e-09
-1.31268e-09
8.36861e-09
-4.23898e-09
7.06803e-09
-7.09455e-09
-9.65078e-12
1.61306e-08
-1.65773e-09
2.91318e-11
1.61301e-08
-3.50455e-09
5.14973e-09
1.16525e-08
-1.32976e-08
9.52447e-09
6.33374e-10
-7.95207e-09
-1.92658e-11
1.61071e-08
-2.9251e-11
1.6842e-08
-2.83005e-11
1.62792e-08
-1.12445e-08
-3.2654e-09
1.10054e-08
2.74875e-09
8.71302e-10
-2.42132e-09
-2.37645e-11
1.62389e-08
-2.45616e-11
1.68001e-08
-2.068e-11
1.60831e-08
-1.87542e-11
1.62098e-08
-1.92084e-11
1.67701e-08
5.22908e-09
-4.77874e-09
7.51415e-10
-2.7751e-11
1.61508e-08
-2.79668e-11
1.67111e-08
-1.14992e-11
1.61182e-08
-1.04115e-11
1.66828e-08
-4.13843e-12
1.61049e-08
2.04347e-11
1.66934e-08
-2.32735e-11
1.60506e-08
-4.09999e-09
6.63548e-09
-6.77448e-09
-6.31217e-11
-2.0311e-11
-5.2348e-10
-2.96873e-10
4.89842e-10
3.3051e-10
-1.63562e-09
1.07641e-08
-1.05464e-08
-2.58551e-11
1.60128e-08
3.37142e-10
-1.25773e-10
6.46664e-11
3.82046e-09
1.23118e-09
-4.03189e-09
-1.67221e-08
1.07854e-10
-1.52048e-08
-1.13616e-10
1.53949e-08
-1.78756e-08
-1.01277e-09
-1.72738e-08
-9.73165e-10
1.21261e-10
-8.83553e-09
9.13201e-09
-4.17737e-10
1.47813e-09
8.0186e-09
-1.00836e-08
1.21097e-08
9.41868e-09
-1.14447e-08
2.0373e-10
-3.10594e-10
-1.28935e-10
2.35799e-10
-1.6105e-11
1.58877e-08
-2.16778e-11
1.58673e-08
-8.03912e-12
1.58581e-08
6.6826e-11
-1.66769e-09
2.94261e-10
1.30661e-09
2.70982e-11
1.59713e-08
4.15109e-11
1.58856e-08
1.28766e-08
-1.27644e-08
-7.78138e-09
7.66914e-09
8.51957e-09
8.80777e-09
-5.9424e-09
1.03902e-08
-1.05957e-08
8.92464e-10
-3.32132e-10
1.94681e-10
-7.91288e-09
-2.35711e-09
2.11797e-09
8.15202e-09
7.95504e-09
-1.01291e-08
9.97637e-09
-7.80229e-09
-7.75295e-09
3.34155e-13
9.74841e-10
5.62401e-11
-1.03142e-09
-2.56128e-09
1.68343e-09
2.74588e-09
-1.86803e-09
-6.92725e-09
1.75105e-09
8.96407e-12
5.16723e-09
3.28156e-09
-3.04785e-09
-3.29522e-09
3.06152e-09
-2.21193e-08
1.90854e-08
3.03394e-09
6.26389e-09
3.81039e-09
-3.07039e-09
-7.00389e-09
-1.43649e-09
-1.7106e-08
1.73552e-08
2.1913e-10
3.10529e-09
1.80192e-09
-1.63517e-09
-3.27204e-09
8.49778e-09
7.3619e-09
-1.04898e-08
-9.37045e-09
7.54567e-09
1.23146e-08
2.15125e-09
-1.31886e-08
2.53341e-10
1.25275e-10
-1.59486e-10
8.35237e-09
-8.99607e-09
1.56905e-08
-7.11729e-09
6.65219e-09
5.79587e-09
-5.33077e-09
2.27072e-10
-7.77235e-09
-4.09821e-10
7.9551e-09
-9.45354e-09
1.68244e-09
-2.14184e-09
9.91294e-09
-4.58013e-10
7.65707e-09
-7.82755e-09
6.28491e-10
-1.26764e-10
5.77421e-09
-7.29965e-09
-6.13975e-09
-1.0931e-08
1.07347e-08
5.06338e-09
-4.40828e-09
-4.75508e-09
2.94741e-10
-6.49084e-10
5.48339e-10
-1.93996e-10
-1.8626e-08
1.11469e-09
3.25622e-09
-3.4705e-10
-4.17527e-09
1.26609e-09
1.9734e-09
-2.00902e-09
8.49687e-10
-8.14067e-10
-1.19967e-08
1.61644e-08
-9.4536e-09
5.28592e-09
1.61662e-10
4.27357e-10
7.0516e-09
-7.64062e-09
-1.60163e-09
5.44917e-09
2.03027e-09
-5.8778e-09
4.01975e-09
2.78508e-09
-3.17335e-09
-3.63148e-09
8.08947e-10
3.88905e-09
-8.77542e-10
-3.32044e-09
-8.5658e-09
2.4327e-09
6.52907e-11
-1.6762e-08
-1.23828e-10
1.80198e-10
-5.63701e-11
5.84301e-11
-1.88867e-11
-3.32717e-09
-3.59912e-10
4.20225e-10
3.26686e-09
2.53448e-09
-1.36447e-08
1.64513e-09
-1.75915e-08
1.12234e-10
-1.69644e-08
-8.21811e-11
-5.1282e-10
-1.12772e-08
1.13488e-08
4.41247e-10
-7.80402e-10
4.47199e-10
6.27944e-10
7.97376e-09
-4.45523e-10
6.24533e-10
-8.15277e-09
1.30601e-09
-1.14756e-09
1.81495e-09
7.2889e-10
3.83817e-09
-7.06041e-09
2.49335e-09
-2.474e-10
2.8198e-10
-3.458e-11
-9.97477e-11
1.52046e-10
3.34694e-10
-2.38476e-09
-1.78434e-09
-2.03987e-09
9.76687e-11
-1.47204e-09
-5.74745e-10
5.15207e-09
-4.25178e-09
8.52755e-09
-1.13931e-08
-4.11614e-10
6.13608e-10
-3.7886e-10
1.76865e-10
-8.32989e-09
8.02943e-09
7.65946e-10
-4.65486e-10
-5.51753e-10
-1.1695e-09
-9.40833e-09
-1.22098e-09
1.23118e-08
1.04142e-08
-1.05577e-08
-3.4992e-10
-7.43895e-10
2.1916e-10
-1.24349e-10
-3.09936e-10
-4.01918e-10
-7.67832e-09
6.49561e-10
1.02941e-10
2.50752e-11
-8.71911e-10
-1.27461e-08
7.16108e-09
4.83208e-09
-4.19401e-09
9.67681e-09
-1.03149e-08
-2.50144e-08
1.82941e-08
-1.06285e-09
2.46723e-09
5.85339e-09
-7.25778e-09
-7.13708e-11
-5.2457e-11
-7.80273e-09
1.00429e-08
-2.24012e-09
-6.28611e-10
7.37905e-10
9.63051e-10
-1.07235e-09
-7.82649e-09
7.86195e-09
-1.36209e-10
1.00747e-10
2.14643e-09
2.77397e-09
-2.15876e-09
-2.76164e-09
-6.25174e-10
1.09515e-08
-7.25699e-10
-9.60066e-09
-1.05924e-09
9.35679e-10
-5.05054e-10
1.25114e-09
-2.0206e-09
5.04125e-09
-4.73474e-09
8.11992e-09
-8.42643e-09
-2.95994e-09
1.08172e-08
-7.85728e-09
-4.25117e-10
1.52344e-09
3.78512e-10
-1.47684e-09
-7.83662e-09
-1.27734e-09
1.20108e-09
1.81223e-09
-1.97797e-09
-4.89214e-11
-1.72765e-08
-2.43489e-10
-1.78782e-08
-2.57754e-10
3.97201e-09
4.14006e-09
-4.01135e-09
1.365e-09
-1.23342e-08
1.31204e-08
-7.81051e-09
4.01254e-10
8.72502e-09
-7.06665e-09
-8.17328e-09
6.51492e-09
-5.36491e-11
7.82359e-10
-5.11329e-10
-2.17381e-10
3.47359e-09
-1.24075e-09
5.15914e-10
3.83662e-09
-3.94527e-09
6.54793e-09
-6.43928e-09
6.11672e-09
-7.26725e-09
-8.6673e-09
2.27678e-10
-1.7033e-08
1.69872e-08
9.07271e-10
-9.93848e-10
8.24482e-10
-3.2173e-10
-7.8864e-09
8.0504e-09
2.76299e-09
-2.19919e-09
6.01031e-10
2.46946e-09
5.13108e-10
3.40994e-09
-1.77662e-09
-4.5072e-10
-1.64209e-09
2.81713e-09
-2.94592e-09
2.34745e-09
-2.21866e-09
1.58489e-09
6.41421e-11
-3.14702e-09
4.25702e-09
-3.04806e-09
1.93806e-09
4.95803e-10
2.63399e-10
-2.10863e-10
4.35368e-10
7.17806e-09
-8.09466e-09
3.75174e-10
2.88596e-09
1.94024e-09
-1.35261e-09
-3.31881e-10
2.50328e-10
3.16266e-09
-3.08111e-09
-9.81039e-10
7.76815e-10
-1.99497e-09
-7.85422e-09
-5.62169e-10
4.32772e-09
8.88188e-10
-9.84976e-10
-4.23093e-09
4.69537e-10
-3.02295e-09
2.34255e-09
2.10865e-10
4.75099e-10
-3.91592e-10
6.33998e-10
-7.17505e-10
-4.48363e-09
4.63777e-09
4.99032e-10
5.48558e-09
-2.14645e-09
9.01208e-11
6.40823e-09
-1.26927e-09
3.32797e-10
-7.85203e-09
-3.34986e-10
1.89456e-09
2.03817e-09
-3.08304e-09
-8.25239e-09
-1.08617e-09
-2.06019e-09
-1.24305e-08
7.88436e-09
1.35839e-09
4.59313e-10
1.07307e-08
-1.26542e-08
1.41068e-09
-1.2129e-09
3.23479e-09
-2.35376e-09
-6.84376e-09
7.13764e-09
5.48033e-09
-2.61089e-09
3.22213e-10
-6.15405e-09
-4.52825e-09
1.03601e-08
-8.3562e-10
2.74379e-10
-2.09015e-09
2.21338e-09
-1.76235e-08
-8.96866e-10
8.95936e-09
1.294e-09
-1.44916e-09
1.04803e-08
1.69957e-09
-7.63242e-09
7.33703e-09
8.47631e-10
-3.36586e-09
-8.52767e-09
-6.89382e-11
4.47743e-10
8.14886e-09
7.13573e-10
4.74783e-10
-7.3136e-10
-1.4384e-10
-2.13199e-09
-7.47125e-10
1.82509e-09
-1.75435e-09
2.67513e-09
-8.60849e-10
1.2817e-10
8.59057e-10
-6.99819e-10
-5.58776e-10
-7.58047e-09
-1.50631e-09
1.01682e-09
-3.76899e-10
4.01851e-10
1.71725e-09
-1.0122e-08
7.58808e-10
7.93899e-09
1.42419e-09
9.00595e-09
-4.13696e-09
-9.12077e-09
2.72284e-10
-4.11049e-11
1.98314e-09
-7.06278e-10
-1.41098e-10
4.35762e-10
2.91653e-09
1.95853e-10
-8.78538e-09
-3.68725e-09
1.18475e-08
5.38567e-09
3.70398e-09
1.71344e-10
5.87531e-10
-8.12524e-10
-9.44774e-09
8.38053e-09
9.79223e-09
-6.2791e-09
-2.26173e-09
2.15023e-09
6.3906e-09
9.26161e-09
-8.01882e-10
-7.2164e-10
1.14344e-11
-1.50644e-10
-7.71612e-09
1.16709e-10
3.79467e-09
1.85992e-10
-4.45736e-09
-5.04231e-09
4.65498e-09
4.84469e-09
8.40179e-09
1.56994e-10
-5.6652e-11
-1.00342e-10
-1.11032e-10
2.69495e-10
-6.26556e-10
-1.1531e-09
7.20423e-10
-6.94057e-09
-2.66499e-09
7.58645e-09
2.0191e-09
-2.5934e-09
4.67894e-09
8.40958e-10
-2.9265e-09
2.40739e-10
-2.69546e-10
2.68521e-10
-2.39714e-10
-1.27245e-08
1.0502e-08
1.35256e-10
2.08724e-09
-1.64745e-08
1.64419e-08
8.86794e-10
-5.06795e-10
4.54996e-10
-8.34995e-10
3.08975e-09
-8.77017e-09
-7.04411e-09
1.21812e-09
4.64768e-09
-4.95107e-09
-9.14732e-10
7.70456e-10
-6.76197e-10
-6.32369e-10
5.3811e-10
-6.7662e-09
-4.63173e-09
2.74713e-10
-9.4515e-11
-3.81271e-10
2.58316e-10
5.98054e-10
-4.01389e-10
6.1694e-10
9.04606e-09
-9.26572e-10
8.86321e-09
7.6999e-09
1.19315e-09
-8.08602e-09
-8.07021e-10
-1.48438e-09
3.64574e-09
1.9787e-09
-6.07527e-09
5.33597e-09
-5.87695e-11
2.15764e-10
-2.92215e-09
7.13865e-10
3.05591e-09
4.1711e-10
2.60529e-11
-4.43163e-10
7.07846e-09
-6.94136e-09
4.00224e-09
-4.73102e-10
7.90352e-09
-4.25592e-10
-7.92345e-09
1.79131e-10
-1.02355e-10
-2.67054e-10
1.90279e-10
1.83147e-09
1.34666e-09
-1.19143e-09
-1.55233e-10
-5.46961e-09
6.04728e-09
-5.77669e-10
-7.60897e-10
1.09568e-10
3.48318e-09
-2.83185e-09
-8.58411e-11
-1.31897e-09
5.95339e-09
2.07138e-09
2.8667e-10
1.59765e-09
-1.1169e-08
9.74119e-10
1.15599e-08
-1.67637e-08
-3.76405e-11
3.93569e-11
-1.2248e-09
5.23823e-09
-5.61506e-09
-3.90358e-10
-1.85452e-10
-7.14031e-09
-1.26938e-09
-7.55809e-09
7.8803e-09
-1.48691e-09
1.38886e-09
2.59029e-10
-1.60985e-10
-8.30214e-09
-3.0542e-09
4.28969e-09
-7.84835e-10
5.51945e-10
9.58958e-09
-5.08471e-09
-3.84899e-10
4.14024e-09
4.50398e-09
-4.8076e-09
-3.24171e-09
2.26372e-10
3.01534e-09
1.07737e-09
-7.56925e-09
1.61954e-09
1.58104e-09
-4.2333e-09
4.65877e-09
-6.80541e-09
-9.97318e-10
1.26622e-08
-7.53242e-09
-1.26971e-08
7.56735e-09
-1.16348e-08
7.13885e-09
5.6376e-09
-8.3071e-09
8.01044e-09
-5.34094e-09
-8.91094e-09
8.40315e-09
-4.98821e-09
5.496e-09
1.66124e-10
-7.30605e-10
-2.53568e-10
7.33133e-10
2.51041e-10
-1.85093e-09
1.86768e-09
-1.16431e-09
-2.49371e-09
-7.48003e-10
-1.07358e-08
8.11903e-09
1.12535e-08
-2.02489e-09
2.18567e-09
-1.6078e-10
9.62748e-09
-3.92773e-09
-8.30139e-09
-1.53338e-09
1.69048e-09
8.19642e-10
-7.93527e-09
-1.66976e-09
-1.19748e-09
-2.20489e-09
-1.85385e-09
-4.53674e-09
6.40934e-09
7.4835e-09
1.00015e-09
1.42707e-09
-6.00008e-10
2.24106e-10
8.82785e-09
1.23005e-10
7.17364e-10
-5.80098e-11
5.12084e-10
-9.49747e-11
7.06654e-10
1.09717e-09
-1.14035e-09
4.31887e-11
-5.78513e-09
-6.95544e-09
5.89681e-09
8.16635e-09
-3.91758e-10
1.09586e-10
-7.88418e-09
2.40583e-09
2.4931e-09
-1.48899e-09
3.90085e-10
1.30862e-10
-3.49268e-10
-1.71679e-10
-2.28705e-09
5.93217e-09
1.58432e-09
3.49911e-09
-1.10377e-09
1.58684e-09
3.00123e-09
2.33972e-10
2.05966e-09
-8.94737e-09
2.17747e-08
2.43546e-10
7.21713e-10
-3.00265e-10
-7.54871e-10
3.33423e-10
1.03205e-09
7.92625e-09
-7.52783e-09
-1.43047e-09
4.35942e-09
-3.65567e-09
3.43086e-09
-2.10271e-09
-4.01608e-09
-2.33129e-09
2.17628e-09
-2.79091e-09
1.17648e-09
-1.21267e-09
9.56141e-09
3.81539e-09
-5.00784e-09
-8.36895e-09
3.99438e-10
-5.46758e-11
-3.44762e-10
2.58426e-10
-8.56199e-09
6.70894e-10
-8.45163e-09
7.7118e-09
-9.28431e-10
-8.60629e-09
-2.95077e-09
4.45649e-09
-4.09912e-09
-4.3694e-09
6.29998e-09
7.42611e-09
4.69495e-09
-2.30757e-10
6.44306e-10
5.25952e-10
-5.56649e-10
-7.1161e-09
7.15241e-09
-3.98158e-09
-4.69899e-10
-1.02476e-10
5.72375e-10
-4.45724e-10
-3.78757e-09
2.60223e-09
5.2517e-10
-4.94714e-10
-3.5398e-10
1.29966e-10
7.18728e-10
-7.58139e-10
-3.50327e-09
8.32313e-09
3.2278e-09
-3.56498e-09
3.61875e-09
-3.08042e-10
9.55319e-10
-6.37282e-10
-1.94538e-09
-1.33477e-09
-8.16325e-09
8.18771e-09
1.31031e-09
-1.15798e-09
-3.09932e-09
1.41138e-09
2.84592e-09
3.72206e-10
6.23527e-09
9.73698e-10
-8.98578e-10
1.99259e-10
-1.63371e-10
7.60474e-09
-9.62552e-10
-7.75689e-09
1.11471e-09
-8.29268e-09
1.08605e-09
7.87752e-09
4.27806e-10
4.709e-09
-3.97148e-10
3.98227e-09
2.26827e-09
-5.88619e-09
7.16632e-09
-1.92194e-09
6.41819e-10
3.05624e-09
-3.25455e-09
7.3883e-09
-7.19e-09
8.91121e-09
8.86293e-11
-8.33488e-10
-9.42616e-11
3.09224e-09
9.57294e-10
4.62258e-09
-9.57766e-09
1.06696e-08
1.99785e-09
-9.58725e-09
5.61122e-09
-1.72705e-08
-6.12945e-11
-1.78719e-08
-6.64257e-11
4.05634e-09
-1.88956e-09
4.50269e-09
7.15513e-09
-4.58979e-09
-3.45356e-09
3.24405e-09
9.77092e-09
3.81515e-09
8.4389e-09
-3.7265e-09
-1.67604e-08
2.58483e-11
-7.14513e-10
5.55503e-09
-4.7504e-09
3.34646e-09
-3.97333e-09
-2.33119e-09
2.95805e-09
-7.62911e-10
1.19236e-09
2.84126e-10
-1.67651e-10
3.32292e-10
-7.84296e-09
4.42653e-09
3.18615e-09
8.04374e-10
6.91069e-09
-3.01598e-10
5.5722e-10
-8.58054e-10
9.81715e-09
-2.30691e-09
8.98206e-09
-8.75297e-09
-2.79608e-09
1.52317e-09
1.00259e-08
-3.38916e-09
9.94135e-09
-1.00058e-08
2.47548e-10
2.72137e-10
-2.78945e-10
-3.73494e-10
2.29547e-10
-6.18964e-10
2.51064e-09
-1.1786e-08
7.32791e-09
-1.1343e-08
3.13621e-09
7.88699e-09
4.01645e-09
-4.71366e-09
-7.18977e-09
-1.0809e-08
8.26294e-09
6.24162e-10
-3.59525e-09
-9.37157e-09
1.14521e-08
-2.46728e-10
-1.38879e-10
1.92451e-09
-2.54652e-09
-2.64594e-09
2.85639e-09
5.03408e-10
-9.18975e-09
-2.06595e-09
-8.42703e-09
-2.23862e-08
2.3909e-09
1.58751e-09
8.31785e-09
1.03909e-09
-5.22453e-10
-8.01591e-09
8.14661e-09
-3.2153e-09
8.85813e-09
9.21447e-10
-8.23851e-10
1.21642e-08
-9.0651e-09
2.87085e-09
9.4383e-09
1.18363e-09
1.77067e-10
1.23356e-08
-1.06488e-08
6.16104e-09
1.77549e-09
-7.81527e-09
2.08708e-09
-2.78769e-09
-7.05379e-09
-1.10892e-09
-1.13587e-08
-6.43845e-09
5.86972e-09
1.19274e-08
2.52817e-09
-2.61241e-09
1.01101e-08
-8.68509e-09
-2.90829e-09
8.37808e-09
-3.40564e-09
1.65537e-09
6.04637e-10
-1.8007e-09
2.75832e-09
7.45033e-09
-3.44456e-10
-7.93317e-09
1.27824e-09
-1.65531e-09
-8.45846e-09
7.47523e-09
-7.74402e-09
-3.41846e-09
2.02011e-09
7.28613e-09
1.04127e-09
7.69067e-09
1.92112e-09
-1.16263e-08
-7.33241e-09
2.84191e-09
-2.34804e-09
6.83853e-09
2.9999e-09
-9.95414e-09
-4.83175e-09
-9.22341e-09
-5.73182e-09
7.66883e-09
9.08582e-09
-4.4191e-09
-1.12552e-12
-1.67576e-08
-9.641e-11
1.15362e-10
6.25354e-10
-4.59709e-10
-8.15166e-09
8.20155e-09
-1.72651e-08
2.02556e-11
-2.56263e-11
-1.78662e-08
2.26082e-11
-2.83273e-11
-8.18485e-09
-5.04258e-09
4.66164e-09
-1.68091e-08
1.67806e-08
-1.73931e-08
1.73628e-08
8.78924e-10
1.1775e-09
1.31492e-08
-1.32671e-08
6.62542e-10
-6.2347e-10
8.68198e-10
1.02242e-09
3.36173e-10
-6.96051e-10
-2.68214e-09
7.75135e-09
2.38112e-09
-5.20061e-10
8.59643e-10
-5.38046e-09
-1.1155e-08
8.70727e-09
7.82818e-09
-2.69996e-09
4.78404e-09
-2.2806e-09
-5.45421e-09
5.75434e-10
1.08182e-09
-8.68647e-09
-5.66315e-09
6.16477e-09
1.14727e-10
-2.05142e-10
7.54807e-09
-4.90335e-09
-9.16359e-09
-5.36789e-09
8.03417e-09
4.01834e-09
-1.78674e-08
-1.19836e-11
-1.72669e-08
-1.0427e-11
1.1925e-08
-1.41256e-08
-2.64088e-09
3.19137e-09
7.94545e-09
-8.49594e-09
-8.19288e-09
2.93986e-09
7.99273e-09
-2.73971e-09
-7.83986e-09
7.35702e-09
-3.96139e-11
3.85308e-09
-8.34208e-09
-7.40108e-09
2.11082e-09
4.94211e-09
-1.42242e-10
2.40411e-10
-6.1212e-10
-6.76964e-09
1.38874e-08
-8.57764e-09
8.38082e-09
8.1253e-09
-1.184e-08
1.16697e-08
-1.14604e-08
8.7948e-09
5.85699e-09
6.21494e-09
-2.52686e-11
-6.18967e-09
-8.86152e-09
6.26922e-09
-6.52783e-09
2.58611e-10
1.64768e-08
-1.6456e-08
-6.18319e-09
-7.49851e-09
8.96804e-09
-1.17484e-08
-3.48727e-09
-8.40039e-09
3.15068e-09
-2.72035e-09
8.66703e-09
2.58787e-09
-2.76211e-09
-8.49278e-09
8.41651e-09
-5.6438e-09
-7.35208e-09
4.57937e-09
-1.67639e-08
9.89741e-13
5.30691e-12
-6.87301e-09
-3.24675e-09
2.5393e-09
6.54891e-09
-3.33978e-10
7.63981e-10
-4.98635e-09
-1.7261e-08
-1.46127e-11
-1.78609e-08
-1.60685e-11
3.44783e-09
3.9004e-09
1.46287e-08
1.2623e-10
6.75121e-10
1.5131e-08
1.33609e-10
6.93975e-10
7.15577e-09
-7.2275e-09
2.9238e-09
-2.97195e-10
-2.52682e-09
-9.97828e-11
-9.95577e-09
-9.30762e-09
5.28286e-10
-2.37565e-09
-1.67645e-08
-9.095e-12
1.33243e-09
4.46906e-10
6.51787e-11
-2.9243e-09
9.17002e-09
-5.14407e-09
8.76294e-09
2.82632e-09
-1.04645e-08
-1.78682e-08
-1.28933e-11
-1.72682e-08
-1.17509e-11
3.75782e-09
1.7772e-09
-2.3832e-11
-1.67556e-08
6.62083e-09
-3.51611e-10
-8.43375e-09
-5.83224e-09
-2.01636e-09
2.93052e-09
9.58787e-09
4.41205e-09
-4.35312e-09
-8.92046e-09
1.6463e-08
-1.64575e-08
-1.67561e-08
1.69868e-11
-1.64736e-11
9.03808e-10
-9.09702e-09
-1.72648e-08
-2.6011e-11
-1.7865e-08
-2.66266e-11
-3.77038e-10
-1.67511e-08
-2.42362e-11
-1.78577e-08
-3.41976e-11
-1.72571e-08
-3.3452e-11
-1.74163e-08
1.74133e-08
-1.68281e-08
1.6825e-08
-2.8197e-11
-1.67466e-08
-3.34735e-09
-1.78525e-08
-3.30203e-11
-1.7252e-08
-3.18843e-11
1.64737e-08
-1.64672e-08
-1.67451e-08
1.39158e-11
-1.54255e-11
-6.06296e-11
7.86151e-11
-1.78464e-08
-3.26042e-11
-1.72457e-08
-3.18238e-11
-1.67438e-08
-2.19466e-11
4.04433e-10
1.7115e-08
-1.72179e-08
-1.72549e-08
-1.25875e-11
-1.78557e-08
-1.2948e-11
-2.96552e-11
-1.6737e-08
-1.72597e-08
-1.33857e-11
-1.78606e-08
-1.37781e-11
1.64892e-08
-1.64869e-08
-1.67378e-08
2.22195e-11
-2.14024e-11
-1.72667e-08
-3.11488e-12
-1.78672e-08
-3.79263e-12
-1.6737e-08
-2.40425e-11
-3.08989e-11
-1.67322e-08
-1.78712e-08
-9.3948e-12
-1.72709e-08
-8.75922e-12
1.65039e-08
-1.65006e-08
-1.78654e-08
-1.97425e-11
-1.72654e-08
-1.92427e-11
-1.67294e-08
2.34328e-11
-2.61879e-11
-1.74335e-08
1.74396e-08
-1.68456e-08
1.68521e-08
-1.67235e-08
-3.18012e-11
-1.72615e-08
1.43503e-11
-1.82283e-11
-1.78613e-08
1.4884e-11
-1.89892e-11
-1.67229e-08
-3.31085e-11
-1.78477e-08
-4.27995e-11
-1.72483e-08
-4.15356e-11
-1.67212e-08
-3.46568e-11
1.65144e-08
-1.6513e-08
-1.72328e-08
-4.18919e-11
-1.78321e-08
-4.31706e-11
-1.6859e-08
1.68563e-08
-1.7448e-08
1.74452e-08
-1.67239e-08
-3.06685e-11
-1.78227e-08
2.66738e-11
-3.60762e-11
-1.72236e-08
2.55792e-11
-3.48285e-11
-1.72214e-08
-2.59784e-11
-1.78205e-08
-2.67458e-11
-1.67226e-08
-2.26855e-11
-1.72259e-08
-1.58775e-11
-1.78251e-08
-1.65415e-11
-1.6726e-08
-1.80148e-11
-1.72154e-08
1.60473e-11
-2.66267e-11
-1.78142e-08
1.65741e-11
-2.74812e-11
-2.64676e-11
-1.67212e-08
-1.78128e-08
-2.06172e-11
-1.72143e-08
-1.97971e-11
-5.12633e-11
1.02883e-08
9.01515e-09
-7.51196e-09
-1.50319e-09
1.02491e-08
-1.01108e-08
-1.38209e-10
-1.04518e-08
1.05002e-08
-1.01414e-08
1.01343e-08
7.07528e-12
-4.16308e-11
-4.46036e-11
-5.28442e-11
-5.10593e-11
1.65413e-08
-1.65391e-08
-1.02163e-08
7.49791e-11
-1.03483e-08
-5.04034e-11
-9.822e-09
9.84241e-09
-1.78146e-08
-2.84838e-11
-1.00569e-08
2.02668e-10
9.85423e-09
-1.72164e-08
-2.74423e-11
-4.26959e-11
-1.03194e-08
2.62503e-10
9.82626e-09
-9.8335e-09
9.79195e-09
-9.80394e-09
1.1837e-08
1.2243e-08
-1.01558e-08
-1.92477e-10
3.08312e-12
-5.48617e-11
-5.67327e-11
-1.36e-11
4.52211e-12
9.32115e-11
-1.67204e-08
-2.40899e-11
-2.94712e-11
-3.48891e-11
1.03204e-08
-9.50469e-09
-4.77223e-11
-4.30972e-11
-4.45962e-11
9.73936e-09
-9.7056e-09
-3.37629e-11
-5.15188e-11
-1.00319e-09
1.00183e-08
7.72467e-10
-1.10919e-08
1.72249e-08
-1.72316e-08
2.108e-11
-1.43649e-11
1.77483e-08
-1.76996e-08
-1.58575e-11
9.85032e-09
-9.85135e-09
1.71959e-08
-1.71945e-08
-1.1519e-11
1.71972e-08
-5.45004e-12
1.77709e-08
-2.16105e-12
1.30658e-08
4.00419e-09
-1.0151e-08
1.01419e-08
-1.0468e-08
1.04578e-08
-1.71987e-08
-2.3051e-12
1.66647e-08
-1.66614e-08
3.34929e-12
1.72174e-08
3.44485e-11
-2.69616e-11
1.61865e-11
9.24654e-09
-1.13367e-08
1.66676e-08
-1.08649e-11
-1.76355e-08
-8.27622e-12
1.66817e-08
-1.66804e-08
-2.29745e-11
-1.78106e-08
-3.07847e-11
-2.70747e-11
1.70576e-08
-1.7083e-08
4.2983e-10
1.7553e-08
-1.74927e-08
-1.10054e-11
-4.93633e-11
1.77889e-08
-1.77849e-08
-1.44e-11
-2.127e-11
-1.66582e-08
1.66511e-08
1.66868e-08
1.63753e-11
-2.15484e-11
1.66904e-08
-2.45984e-11
-1.66796e-08
-2.17058e-11
-1.7486e-08
5.99135e-12
-1.26311e-11
-1.78084e-08
-3.24387e-11
1.72109e-08
-1.72078e-08
2.4867e-11
-2.79717e-11
1.72128e-08
-3.13368e-11
1.66756e-08
8.37189e-12
-1.64133e-11
-1.72021e-08
-3.3482e-11
-1.71968e-08
-2.72184e-11
-2.94952e-11
1.77918e-08
1.91615e-11
-2.20174e-11
-4.14167e-12
1.77853e-08
-3.66301e-12
-1.079e-11
1.7805e-08
-1.77983e-08
-3.46318e-11
-1.9869e-11
1.66513e-08
4.13188e-11
-1.66955e-08
1.67027e-08
1.35601e-11
-2.0724e-11
-8.65636e-09
-2.27654e-10
2.53268e-11
-2.87288e-11
-9.92346e-09
1.01948e-08
-2.71345e-10
2.24778e-11
-3.26528e-11
-1.59662e-11
-1.71957e-08
1.93582e-11
-2.0455e-11
-3.65307e-11
-4.5882e-11
-4.77813e-11
-1.71946e-08
-1.26482e-11
-1.72127e-08
-2.12571e-11
-3.13985e-11
-1.70821e-08
1.71213e-08
1.72008e-08
5.63522e-12
-9.22071e-12
-3.66968e-11
-4.00527e-11
-2.83804e-11
-3.15365e-10
2.90804e-10
-1.67136e-08
-2.78251e-11
-3.66832e-12
1.71727e-08
-1.73099e-10
1.21741e-10
-3.31994e-11
-4.74664e-11
-8.69516e-11
8.41089e-09
7.22377e-11
1.69376e-08
-9.97072e-13
-9.5874e-09
-3.36052e-10
-1.67131e-08
-1.75292e-08
3.22851e-11
3.70779e-09
2.89877e-11
1.74409e-08
-1.76137e-08
1.75701e-08
-4.24815e-10
-9.8086e-10
6.98573e-11
3.08058e-10
-1.06899e-08
6.11394e-09
-2.61564e-09
6.8963e-09
-8.57616e-09
3.52654e-11
-7.6672e-10
-1.02886e-08
1.97629e-09
5.44882e-10
-5.23007e-10
2.98838e-10
-3.20714e-10
8.41175e-09
-4.64807e-09
-1.73975e-08
1.73986e-08
-9.40224e-09
-1.52988e-09
2.61605e-10
-1.88076e-10
4.21654e-09
3.52354e-09
1.01677e-08
-1.0033e-08
-1.34637e-10
8.39365e-09
9.79077e-09
-5.68515e-09
1.02057e-09
8.62129e-09
2.60152e-09
-3.02761e-09
-7.9743e-09
1.09827e-08
-1.77939e-10
-3.53525e-09
7.30935e-09
2.38695e-09
1.51046e-08
-8.95137e-09
5.11252e-09
-6.87228e-09
-1.48118e-08
-1.90366e-10
-2.57561e-10
-4.82137e-10
-7.83646e-09
-6.93114e-09
4.03313e-10
-6.19225e-09
-7.83382e-10
3.93909e-10
2.90143e-10
-1.39169e-10
-4.54586e-10
8.70204e-10
4.18324e-10
2.85818e-11
-7.53194e-09
3.84382e-09
2.39485e-09
8.86692e-09
-2.05904e-10
-5.79545e-09
-7.28933e-09
-6.91704e-09
-5.61629e-10
1.65102e-08
6.64086e-09
5.11026e-09
-8.72364e-09
-1.22004e-08
-4.48553e-09
1.3158e-08
-9.69269e-09
2.01985e-09
-7.08915e-09
-3.83968e-09
-8.7063e-09
9.6452e-09
2.53269e-09
-3.47159e-09
-8.79993e-10
5.33248e-10
-3.45265e-11
-1.68037e-08
-3.66928e-09
1.2335e-09
2.31755e-10
-4.65108e-10
-8.90625e-09
3.59756e-10
-4.73325e-10
-4.03516e-09
-2.97479e-09
-7.75455e-09
8.51756e-09
7.46189e-09
-5.40523e-09
-7.07908e-09
5.02242e-09
4.16005e-09
6.64442e-09
-3.03617e-09
-7.76829e-09
7.21452e-10
-5.64969e-09
1.12628e-09
-1.204e-09
5.32717e-10
7.2649e-09
-9.96823e-10
8.55246e-09
-7.90661e-09
7.64529e-09
-8.29114e-09
-5.68151e-09
5.66659e-09
7.47681e-09
1.63438e-09
1.03048e-08
-8.49414e-10
-1.88791e-09
-7.57154e-09
1.92751e-09
-1.488e-09
-8.53782e-09
1.13547e-09
-8.33849e-09
7.88171e-09
-2.80199e-10
-7.78696e-09
1.24916e-09
7.43295e-09
9.85407e-09
-1.87129e-09
-9.38819e-11
8.11641e-09
-7.91294e-09
4.12701e-10
5.82429e-09
1.47481e-09
1.00397e-08
-3.19502e-09
-8.55548e-09
-1.16262e-09
-7.90331e-09
-3.39498e-09
8.39044e-09
2.75588e-09
-1.01618e-08
1.01606e-08
-1.05158e-08
1.05016e-08
1.79284e-11
-7.8262e-09
4.89918e-09
1.7674e-11
8.02633e-09
4.12644e-09
5.24526e-09
4.13116e-09
-4.47724e-09
7.12562e-09
2.351e-10
-1.00563e-09
-6.35508e-09
-1.06786e-09
6.08702e-09
-5.32885e-09
3.09689e-10
-1.48691e-10
5.95397e-09
-7.88647e-09
1.6626e-08
6.85313e-09
-2.78996e-10
4.25182e-09
1.02795e-08
3.53653e-09
4.64666e-10
3.93465e-09
1.00222e-08
-3.91709e-09
3.94059e-10
2.42647e-11
-2.15147e-09
8.12983e-09
1.5493e-09
-1.75288e-09
-1.88424e-09
-7.87446e-09
-4.82228e-09
-7.41256e-09
2.27045e-09
7.91883e-09
-2.38134e-09
1.60772e-09
-2.63838e-09
-3.01599e-09
-5.05607e-09
8.68442e-09
-5.35333e-10
3.69794e-09
-3.39772e-09
2.40749e-09
4.21804e-09
-2.9156e-09
-2.35995e-10
3.15904e-10
2.89166e-10
-3.69075e-10
3.82246e-10
-1.73481e-08
2.43e-09
-1.4083e-09
-3.14204e-09
1.26457e-09
9.61753e-11
-1.77117e-10
5.59425e-10
-4.35664e-10
-8.49052e-09
1.00342e-08
-5.08498e-11
-1.4928e-09
-1.39919e-09
-7.49261e-09
-9.88368e-10
-8.78659e-09
8.28934e-09
-4.42936e-09
4.28248e-09
3.3689e-09
-3.22202e-09
2.36398e-10
1.89812e-10
-1.5769e-10
-1.16781e-10
5.24046e-10
-7.39397e-10
3.35929e-09
-3.84408e-09
-8.42615e-09
-4.6522e-12
-7.77605e-09
1.9233e-10
7.58838e-09
3.76803e-09
-7.45606e-09
-3.08644e-09
-1.02007e-09
-1.34781e-09
1.74147e-09
6.26411e-10
2.19577e-09
1.01128e-09
-1.92879e-10
6.22421e-10
-2.22158e-09
-4.26441e-09
2.92101e-09
-8.04787e-09
-9.89738e-10
1.16725e-10
4.34997e-10
3.04114e-09
4.27819e-10
-3.37601e-11
-2.50567e-09
-7.55718e-09
7.40245e-09
9.7872e-09
-1.03013e-08
1.9248e-09
6.49561e-09
-7.7777e-09
-3.05054e-09
-1.93984e-11
1.13104e-10
-3.15002e-10
2.73613e-10
1.82317e-10
-1.40928e-10
-6.91297e-10
-7.62494e-09
-7.61948e-09
-1.77168e-09
7.70417e-09
1.68699e-09
5.07885e-09
-7.34219e-09
7.25632e-09
4.30242e-09
-1.69283e-08
1.69261e-08
-1.74289e-08
1.7463e-08
7.64507e-09
-7.50564e-09
-1.09048e-08
-4.93939e-09
3.89062e-09
-1.71959e-08
3.02924e-10
8.69184e-10
7.0752e-09
-9.92318e-09
-1.49902e-08
4.14804e-09
6.61877e-09
-6.52806e-09
-6.85691e-09
-5.90424e-09
-1.21077e-09
8.04371e-09
2.77992e-10
3.59641e-10
-1.95232e-10
1.96204e-10
-4.11633e-10
4.10661e-10
-5.29656e-09
-1.16411e-10
5.4423e-10
3.73374e-09
-6.73693e-09
-2.33736e-09
-2.93208e-09
-1.59899e-09
8.00355e-09
2.00772e-09
-8.41229e-09
1.51772e-09
8.01358e-09
-1.36716e-09
-8.16415e-09
1.00277e-08
1.45912e-09
-3.0551e-09
3.57765e-09
-7.86737e-09
7.86467e-09
-7.04381e-09
3.71729e-09
9.28311e-09
-1.56328e-09
-8.7082e-09
1.16135e-09
-4.04556e-09
2.89327e-09
8.40861e-09
7.0706e-09
7.38843e-11
-4.8612e-09
-2.28328e-09
8.40254e-09
-8.26773e-09
-5.94522e-10
-2.57001e-09
-4.52689e-10
4.60771e-10
-2.03314e-10
-1.57248e-10
-4.88298e-10
1.92858e-10
-4.31052e-09
2.01964e-09
-3.54177e-10
6.21651e-10
2.11839e-10
-4.79313e-10
6.70086e-09
-2.26388e-10
6.91548e-10
6.74783e-10
1.00224e-08
1.33769e-09
1.0911e-09
6.10617e-10
-2.35402e-10
5.57779e-10
-6.95871e-10
-1.66593e-09
1.96564e-09
-8.0566e-09
-8.43377e-09
-4.62909e-09
4.7289e-10
-2.89759e-09
-1.0477e-08
7.80761e-09
2.66471e-09
-1.54805e-09
3.43932e-10
-5.84668e-10
1.78879e-09
7.68308e-09
-8.62264e-09
-6.1565e-10
7.47771e-10
4.60826e-09
2.74146e-09
2.2403e-09
-6.06249e-09
1.14747e-09
1.02578e-08
1.44814e-09
-6.7084e-09
-7.06376e-09
7.00294e-10
5.82682e-11
-4.42659e-10
-4.26692e-09
3.28204e-09
-3.44448e-09
-1.01831e-08
1.01741e-08
-1.05086e-08
1.04931e-08
-4.21317e-09
2.12664e-09
-5.28076e-09
-6.1477e-10
3.9025e-09
-1.50004e-09
-9.56117e-09
1.43917e-08
-3.33052e-09
9.85506e-09
-2.27081e-09
-1.71572e-10
-9.84337e-09
8.41596e-09
6.22203e-10
1.69872e-09
7.96854e-09
5.06139e-09
-7.80134e-09
7.62441e-09
-4.88446e-09
4.14705e-10
-1.61412e-09
-4.53719e-10
1.65313e-09
1.04477e-09
1.5768e-10
-3.6555e-09
2.45305e-09
-1.42399e-09
6.72592e-09
8.79897e-10
-3.68036e-10
8.85295e-09
-2.73605e-10
2.68171e-09
-2.44921e-09
2.18027e-09
6.27662e-09
-1.19937e-09
-7.25753e-09
-6.91071e-10
1.04732e-08
-7.60185e-09
1.6606e-08
-8.73421e-10
5.27461e-10
-7.80681e-09
1.23266e-09
3.31123e-09
-2.49019e-09
2.0575e-09
4.32688e-10
-2.17273e-10
7.03584e-10
-1.62933e-09
-4.94814e-10
-9.54182e-10
-7.84269e-09
6.93894e-10
-7.04602e-10
2.72685e-10
-2.61977e-10
-7.39414e-09
-2.58955e-09
2.90364e-09
7.08005e-09
-9.91485e-09
-5.97134e-09
-7.40941e-09
-2.60415e-09
2.39408e-09
8.67985e-09
8.44518e-09
2.28617e-09
7.03995e-09
1.27881e-09
-1.73498e-09
5.34606e-09
-1.87054e-09
4.59205e-09
-8.21627e-09
-6.70654e-11
7.87427e-09
4.09065e-10
-1.854e-10
3.70263e-10
-1.54475e-09
4.45826e-09
1.47004e-11
-8.99634e-09
1.01558e-08
1.71139e-09
9.16564e-09
2.59952e-09
3.93211e-09
-1.71412e-10
1.26026e-09
-2.40437e-10
-8.48409e-10
1.21955e-09
7.75888e-10
-1.15188e-09
-8.43557e-10
6.88937e-09
1.19185e-09
-1.02431e-09
1.04635e-09
1.79291e-09
-1.22693e-09
-2.6567e-10
1.32119e-09
4.29212e-09
1.22311e-09
6.62822e-09
2.86719e-09
1.41876e-09
6.04631e-10
-1.28739e-09
-7.36003e-10
-5.134e-09
-8.82074e-10
4.47132e-09
-7.68106e-09
-4.72836e-09
-1.12962e-09
1.97298e-09
6.35612e-09
-2.00187e-09
2.27397e-09
3.85977e-09
-6.5231e-09
-4.7959e-10
3.14292e-09
2.63476e-10
5.73208e-10
-4.42774e-10
-2.70738e-10
-7.47184e-10
6.12984e-10
4.04939e-10
5.32243e-10
2.30395e-09
1.38743e-09
1.23995e-09
3.16317e-10
4.10014e-10
-3.40049e-10
-3.86282e-10
-3.75795e-09
4.22103e-09
6.61538e-09
3.91335e-09
4.65659e-09
-4.28746e-09
5.9285e-09
1.8617e-10
1.54527e-09
2.75845e-09
9.52871e-10
-2.69656e-09
1.57669e-09
9.00909e-09
-4.21781e-10
-4.19722e-10
4.87326e-10
4.55566e-09
7.71989e-09
1.48349e-10
2.50374e-09
6.95075e-09
-3.76326e-09
-4.26596e-09
1.07848e-09
6.05928e-10
-4.87576e-10
1.7179e-10
3.57376e-10
2.93402e-09
5.45523e-10
1.98421e-09
2.62587e-10
8.40316e-09
-1.5196e-09
-7.57485e-09
3.16644e-09
-5.59636e-09
-5.02614e-09
2.93654e-09
-6.81392e-09
-5.15922e-10
-3.00945e-10
3.95086e-10
2.96689e-09
7.1459e-09
-7.17625e-09
3.01573e-09
-7.13799e-09
3.17028e-09
9.39055e-09
3.7706e-09
8.74949e-09
-5.0952e-10
-5.35851e-11
5.15404e-10
4.77011e-11
1.03584e-10
6.07015e-10
3.14497e-09
-7.30224e-09
4.06327e-09
8.17676e-10
-2.69507e-09
-6.38393e-09
2.64637e-09
6.43263e-09
-1.69203e-08
1.69181e-08
-1.74883e-08
1.75035e-08
1.38881e-10
-8.04581e-09
4.67627e-09
-1.65966e-08
1.65822e-08
1.12301e-10
-7.98933e-09
-1.18125e-09
-9.13865e-09
-3.99458e-10
-3.34542e-10
5.79987e-10
1.54013e-10
-7.76398e-09
-1.98932e-09
2.35916e-09
5.40517e-10
2.90639e-10
9.00702e-11
-1.62044e-09
-7.64014e-09
-5.51035e-09
3.33231e-09
1.71239e-10
1.48105e-09
-3.8772e-10
-3.57639e-10
3.35961e-10
1.61933e-09
1.78307e-09
-3.69313e-09
4.48209e-09
-4.56999e-09
3.78103e-09
3.04655e-10
1.42955e-09
-1.54804e-09
-8.37045e-09
2.74732e-10
-7.91444e-09
-2.03257e-10
-3.44005e-10
-7.93709e-09
7.98922e-09
-8.05526e-09
2.71651e-10
-2.05605e-10
-5.85319e-09
7.03904e-09
-1.32977e-09
1.43915e-10
7.51306e-09
-8.06513e-09
-6.71519e-09
-2.2735e-10
3.0213e-10
-3.74217e-10
1.73383e-09
-1.55426e-09
-7.78896e-09
6.06056e-10
2.12453e-10
1.6421e-09
9.13909e-09
3.30818e-09
-2.74813e-10
3.36381e-10
-1.88836e-10
-8.20281e-09
1.88274e-09
-1.72609e-08
6.97707e-10
-2.64839e-10
-7.8275e-09
1.9663e-10
3.11905e-10
-7.22819e-09
8.83392e-09
-2.2968e-09
9.65599e-09
-6.05397e-09
3.8732e-09
-1.57026e-11
2.223e-10
-1.43099e-09
2.97648e-10
2.62721e-09
-5.91913e-10
4.53211e-10
8.32597e-10
9.7456e-09
-2.87017e-10
1.74427e-09
8.21606e-09
-5.89466e-10
2.40757e-09
-7.79896e-09
7.92033e-09
-1.34498e-10
-8.01318e-09
-1.26768e-09
3.45405e-10
2.69647e-10
1.42648e-09
-3.70817e-09
1.65743e-09
2.20843e-09
1.6884e-09
6.1403e-09
9.32308e-10
-8.76101e-09
-7.71756e-09
4.68116e-10
-2.77146e-10
-5.6983e-10
7.37426e-10
-7.01149e-10
7.97134e-11
-1.1599e-10
-1.00967e-08
3.89785e-09
-4.28446e-10
6.62729e-09
-8.10702e-09
2.45761e-09
9.89588e-10
-1.49745e-11
-4.96939e-09
-6.2186e-09
7.49486e-09
4.97276e-09
6.75973e-09
-8.06064e-09
7.79316e-09
7.21118e-09
-6.9437e-09
-1.60876e-09
-3.24588e-11
6.88806e-10
9.52417e-10
2.1913e-14
-5.18063e-11
7.8921e-10
-2.30397e-10
-2.8757e-09
2.36836e-09
7.37736e-10
-7.11823e-10
1.03837e-10
-9.66154e-11
2.84276e-09
-1.93532e-09
7.89386e-09
-7.13979e-09
6.25415e-09
-8.44216e-09
8.24573e-09
-6.05772e-09
9.60228e-11
3.6838e-10
-6.95855e-09
5.45876e-09
7.77641e-09
-1.82494e-09
-3.07845e-10
1.11271e-09
1.25637e-09
-1.10242e-09
-5.77706e-11
1.76361e-09
1.18775e-09
-8.05522e-09
-9.9165e-10
-3.68046e-09
2.76e-09
-2.6711e-10
-2.20716e-10
-2.40908e-09
8.60149e-10
-2.76014e-10
-1.86453e-09
2.08881e-10
1.79512e-09
4.29672e-09
8.58904e-10
9.75637e-09
-6.59665e-09
6.76873e-09
7.52029e-09
-7.69236e-09
7.75347e-09
1.4865e-09
3.24381e-10
-3.96102e-10
-3.06342e-11
2.42431e-09
-7.05448e-09
5.34028e-09
-7.10106e-10
5.73361e-10
-6.57212e-10
-1.4734e-10
2.31191e-10
3.20915e-10
-1.7044e-10
1.255e-09
7.34143e-09
1.94713e-09
5.08645e-09
-4.47615e-09
5.51644e-09
2.81947e-09
5.29255e-09
-6.20954e-09
8.32919e-09
-7.4122e-09
-1.01848e-08
1.01666e-08
-1.0505e-08
1.04857e-08
-7.54285e-10
-9.58066e-11
-1.67131e-09
1.25543e-09
1.29797e-09
-8.82087e-10
-1.77132e-09
-6.29304e-09
-2.69448e-09
1.99037e-09
-9.67199e-10
7.74811e-10
-2.88432e-09
-2.27855e-10
1.81414e-10
3.07137e-09
-5.23412e-09
4.55395e-09
-2.01912e-10
-5.77217e-09
4.86929e-10
-5.96243e-09
-5.84698e-09
6.78001e-09
-9.34635e-10
-1.36328e-09
3.5863e-09
-6.15745e-09
6.50399e-09
-5.62543e-09
3.77803e-09
8.33043e-10
-2.01754e-09
-2.83981e-09
4.33328e-09
-8.36898e-09
-2.47018e-09
-5.78698e-09
-2.99784e-09
3.03817e-10
-2.297e-10
7.59726e-10
9.91043e-10
-2.41578e-09
3.99748e-09
7.54666e-09
5.04201e-09
-9.53801e-09
-7.41177e-09
6.27153e-09
1.03873e-09
-9.88648e-09
-7.80323e-09
-1.57235e-09
1.00705e-09
-8.20454e-10
1.38576e-09
3.44496e-09
9.83944e-09
-1.19462e-08
-1.09134e-10
-6.41597e-09
1.45254e-09
-9.61477e-10
4.28551e-10
-1.62307e-10
-4.0795e-10
1.41706e-10
9.15272e-09
1.263e-09
-2.6174e-09
8.3282e-09
8.62407e-09
-8.33854e-09
-2.08615e-09
-1.09304e-10
-4.71487e-09
-5.36547e-09
1.0806e-10
6.36808e-10
9.5605e-10
-6.39533e-10
-7.879e-09
7.56248e-09
2.91223e-10
-5.43599e-10
1.00814e-09
8.42959e-09
6.08995e-09
3.53713e-09
4.88958e-10
-2.79549e-10
-4.80148e-10
-1.3538e-08
7.3067e-09
-8.30683e-09
-8.63121e-09
-1.94265e-10
1.04304e-08
-1.60495e-09
2.60221e-09
-4.46782e-09
3.13109e-09
1.11047e-09
-4.24156e-09
9.5794e-09
-1.13238e-09
3.11041e-10
-8.75806e-09
1.73409e-09
-3.06482e-10
6.24158e-11
-4.63876e-10
-1.69189e-08
1.69218e-08
-1.75141e-08
1.75116e-08
8.29735e-12
7.79028e-10
9.84613e-09
7.87656e-10
2.50304e-09
7.07852e-10
4.46581e-09
1.75792e-09
-2.46211e-09
5.65312e-10
-6.71296e-10
-7.49585e-09
7.36454e-09
-1.64598e-09
1.7773e-09
1.22658e-09
2.067e-10
-1.43328e-09
-6.18981e-09
-4.14505e-09
-1.72865e-09
3.30318e-10
-5.80548e-11
-3.2533e-09
3.27169e-10
1.21557e-08
4.92241e-09
-7.93116e-09
-4.90483e-10
7.2645e-10
4.60399e-09
-1.59541e-09
1.96566e-09
-1.07999e-09
8.62709e-10
-9.92713e-09
8.55988e-09
4.91276e-10
4.29151e-09
-4.81445e-10
1.312e-10
-7.2387e-10
1.08508e-08
2.80176e-09
-2.59554e-09
-4.67444e-09
5.11428e-09
1.50729e-09
2.02778e-09
8.01186e-09
-6.24363e-09
6.5331e-09
9.65523e-10
-4.49547e-10
9.87765e-10
-5.78258e-10
2.98745e-09
7.12129e-10
8.20625e-09
1.29918e-09
-5.36016e-10
-8.96942e-09
1.86116e-09
2.62643e-10
-2.51846e-09
-7.54277e-10
5.2167e-10
-9.76845e-10
-7.55518e-10
5.1026e-10
-8.52026e-09
-8.29121e-10
7.18167e-10
7.34435e-09
-6.53856e-09
-2.74111e-09
1.75752e-10
-2.31739e-10
5.59876e-11
7.30514e-09
1.90101e-10
-1.01751e-08
1.01623e-08
-1.05003e-08
1.0483e-08
-1.65741e-08
1.65589e-08
4.0785e-10
-3.26623e-09
2.8108e-09
1.0707e-09
4.14962e-09
-3.42142e-09
-6.94681e-09
-1.38321e-09
1.18382e-10
2.35622e-10
-6.72904e-10
-7.48501e-09
7.91595e-10
-5.74839e-10
6.87519e-10
8.83397e-10
4.76023e-09
8.06725e-10
-9.80557e-09
-1.06261e-08
-1.01661e-08
1.53994e-09
1.20739e-09
2.88488e-10
-4.80902e-10
-8.76135e-10
8.71169e-10
4.85869e-10
-1.07343e-09
-8.30626e-09
7.19468e-09
6.78676e-10
-1.63028e-09
-6.20751e-10
-5.79116e-10
1.01131e-08
-6.55979e-11
-2.80429e-09
3.32259e-09
-1.36737e-12
8.37724e-09
1.15038e-08
-9.69522e-09
-6.94354e-09
-5.91567e-09
-7.29284e-10
-4.0748e-09
3.59808e-09
-3.67682e-10
2.78278e-10
8.4672e-09
-1.76032e-10
2.17948e-09
-9.9905e-09
8.65257e-09
8.92464e-09
9.34964e-11
-7.91636e-09
3.42293e-09
-9.67723e-09
-1.7434e-08
1.01448e-09
7.123e-09
-1.66903e-09
4.28828e-10
1.49923e-09
1.80191e-10
3.58255e-10
-1.69219e-08
1.69197e-08
-1.75152e-08
1.7512e-08
1.49962e-09
-7.67948e-10
3.82228e-09
1.36493e-09
9.85154e-10
8.55459e-11
3.3541e-10
5.3321e-10
-2.17209e-09
3.65881e-09
-7.9021e-09
1.60141e-09
6.44033e-09
1.30136e-09
-1.06792e-08
-9.14004e-10
5.84366e-10
2.12255e-09
1.78438e-09
4.18656e-09
1.91913e-09
-1.3004e-09
2.88095e-09
-6.848e-11
2.10789e-10
2.75649e-09
-1.23483e-08
9.29548e-09
1.09652e-09
1.15419e-09
-6.31221e-10
-1.9387e-10
-9.01769e-09
-7.22668e-09
-3.89452e-09
-4.61521e-09
-1.13153e-09
9.67987e-10
5.69645e-09
-9.82002e-10
5.6644e-11
2.00549e-09
9.82057e-09
-1.0168e-08
-1.04867e-08
-2.90936e-09
2.25916e-10
2.96357e-09
8.12276e-09
1.09175e-09
2.0666e-09
9.85488e-10
-8.55136e-11
-9.20412e-10
1.28945e-09
6.20546e-10
-3.6263e-09
6.47069e-09
4.87549e-09
2.5511e-10
6.57732e-10
8.58462e-09
-2.16954e-11
7.40422e-10
1.65746e-08
2.21742e-09
-1.42461e-09
4.48636e-09
-1.09757e-09
-1.30519e-10
-3.49028e-09
2.80586e-09
-6.76428e-09
7.44869e-09
6.81818e-10
-5.40024e-09
6.31168e-09
6.81741e-10
3.03747e-10
-5.66164e-10
-1.7436e-10
3.50596e-09
4.18103e-10
3.62215e-09
4.41209e-10
9.62222e-09
-1.65539e-08
1.65462e-08
2.14738e-09
5.61696e-10
1.08401e-09
1.17293e-09
4.82792e-09
1.46431e-10
-6.11326e-09
1.13891e-09
4.60956e-09
-7.025e-09
1.14614e-09
2.30326e-10
6.68646e-10
-8.11531e-11
8.7277e-10
4.75449e-09
-5.5899e-09
-1.39434e-10
4.85868e-10
7.58277e-11
-1.09099e-10
7.22424e-09
7.40797e-11
4.11788e-10
-7.57844e-09
1.03864e-09
1.82154e-09
1.03717e-08
7.46826e-09
-1.69102e-08
1.69112e-08
-1.75016e-08
1.75032e-08
-2.08907e-10
6.70009e-10
8.78471e-10
-1.05387e-09
-1.29755e-10
-3.6025e-09
2.64409e-09
4.57717e-09
7.13208e-09
3.35191e-09
-3.18059e-09
-7.3034e-09
-7.98705e-10
1.8322e-09
-1.80932e-09
1.20157e-09
-1.67331e-10
6.71759e-09
4.05113e-11
9.78388e-09
1.39743e-09
-1.01356e-08
1.01034e-08
-1.04507e-08
1.04175e-08
7.18256e-09
2.16585e-10
4.41859e-09
-4.23005e-09
4.56498e-10
4.4448e-10
1.63566e-10
-6.33224e-10
3.68145e-10
-7.6035e-09
1.64955e-10
-1.0816e-10
1.34624e-10
-1.65464e-08
1.65326e-08
-1.68992e-08
1.68978e-08
-1.749e-08
1.74885e-08
1.06055e-09
5.75007e-09
6.65968e-11
1.88612e-09
-8.61432e-09
-2.25914e-09
1.39916e-09
-1.24192e-09
-1.89679e-09
-6.15577e-10
-1.45998e-09
-9.75598e-09
9.75187e-09
5.35173e-09
5.43409e-09
-7.2674e-11
-6.90955e-10
-1.01029e-08
1.00796e-08
-1.04164e-08
1.03925e-08
-2.37754e-09
-7.80476e-10
-4.36619e-09
-2.18079e-10
-1.06383e-08
-1.05058e-08
8.71361e-09
1.8524e-09
-5.65124e-09
-1.03357e-09
-6.93699e-09
-1.26954e-08
1.35571e-08
-7.64832e-09
-3.96377e-09
-8.46997e-09
-4.05332e-10
-4.88224e-10
3.01642e-10
-1.68796e-08
1.68816e-08
-1.74691e-08
1.74709e-08
-6.70343e-09
1.65535e-08
-9.42735e-09
8.76541e-09
-1.31518e-10
2.10332e-09
1.65217e-08
-1.0088e-08
1.00616e-08
-1.04011e-08
1.03739e-08
-1.68482e-08
-1.61144e-08
-1.68511e-08
-1.60637e-08
6.61279e-10
-1.58207e-08
7.36575e-09
3.3507e-09
-9.57615e-10
-9.46059e-10
7.06526e-10
-9.72462e-09
9.72867e-09
-1.68722e-08
1.68714e-08
-1.74608e-08
1.746e-08
-7.46644e-10
6.23972e-10
4.99978e-11
-5.19083e-10
2.26784e-09
2.04751e-09
-3.06442e-09
-1.65198e-09
-1.05517e-08
1.52681e-08
-1.67492e-08
4.49502e-09
-5.66945e-11
9.86109e-10
3.05574e-10
1.55005e-08
-4.72936e-10
-1.65247e-08
1.65105e-08
-5.09637e-09
-6.10006e-09
-1.00689e-08
1.00428e-08
-1.03815e-08
1.03547e-08
4.8227e-10
1.4269e-10
-1.10136e-08
5.58644e-09
-5.07861e-09
1.34529e-09
-1.51091e-09
-6.54831e-10
-9.69949e-09
9.7002e-09
-1.32209e-08
6.81639e-09
-1.68642e-08
1.68672e-08
-1.74526e-08
1.74559e-08
1.0133e-09
-8.23083e-09
-2.34919e-09
2.46242e-09
-7.95001e-09
1.3439e-10
-5.52827e-09
1.23137e-08
8.2282e-10
-2.2696e-09
-6.86005e-09
1.36935e-10
-1.00448e-08
1.00097e-08
-1.03566e-08
1.03206e-08
3.52407e-09
6.88096e-09
5.26322e-09
-9.05166e-09
-9.10394e-09
-4.00752e-10
-8.36352e-10
1.89405e-10
9.19631e-10
1.69173e-08
1.75085e-08
-8.281e-09
4.54375e-10
-2.52427e-09
1.44863e-08
1.64919e-08
-1.68532e-08
-1.74416e-08
8.0594e-09
4.4511e-10
-4.02664e-10
-4.49666e-10
4.0722e-10
-2.45326e-09
3.12709e-10
-2.11971e-09
1.14558e-10
-5.81035e-10
-8.62733e-11
-2.33372e-09
-1.15241e-08
-7.02595e-10
7.90504e-09
1.19598e-09
-8.39842e-09
2.14446e-09
5.58773e-09
-3.75175e-10
1.6546e-08
7.19513e-09
-9.65472e-09
9.65804e-09
-1.11774e-09
-4.76128e-10
-6.17938e-11
1.06199e-08
8.12474e-09
-6.82271e-09
-1.60344e-09
-8.94263e-09
1.92343e-09
-8.59743e-09
4.84077e-11
9.45499e-09
2.83975e-09
-6.88891e-09
7.38564e-09
-3.75004e-09
-4.91601e-10
1.12751e-09
-1.79923e-08
-8.87693e-10
-2.51208e-09
1.02223e-09
-5.96142e-10
1.33834e-08
-5.57827e-10
-1.5905e-10
-4.47208e-09
-9.98734e-09
9.94546e-09
-1.02975e-08
1.02542e-08
-9.39758e-10
2.22522e-09
2.62199e-09
-4.04115e-10
-6.35412e-11
-8.48283e-09
-7.90221e-09
5.56946e-09
-2.04708e-09
1.64801e-08
-1.28662e-08
1.20597e-08
-6.62308e-09
-1.68374e-08
-1.74248e-08
-6.31212e-09
-3.9131e-10
7.52758e-09
-5.9609e-09
-8.17531e-09
-5.95039e-09
7.42613e-09
6.04924e-09
-9.61906e-09
9.62676e-09
2.01219e-08
-5.51362e-09
-1.71325e-08
6.68394e-10
4.69288e-10
-1.42569e-09
-6.97886e-09
5.19682e-10
-4.08126e-09
4.95142e-09
6.52273e-09
-9.96198e-09
9.934e-09
-1.02709e-08
1.02419e-08
1.05749e-09
-6.42447e-09
4.61226e-10
1.29721e-10
-7.98353e-09
-5.36788e-11
1.64552e-08
-6.95088e-10
-1.68353e-08
1.68491e-08
-1.74216e-08
1.74359e-08
1.29339e-09
1.73845e-09
3.09647e-10
-3.01183e-09
1.55655e-10
-4.67871e-09
-9.58976e-09
9.60154e-09
-9.95735e-09
9.93125e-09
-1.02656e-08
1.02391e-08
6.77405e-09
-8.18043e-09
-8.08906e-09
-5.26077e-09
8.92283e-11
-2.63527e-09
-1.68398e-08
1.68453e-08
-1.74263e-08
1.74327e-08
3.30656e-09
-2.88929e-09
8.93942e-09
-1.48623e-09
-7.8402e-09
-6.50898e-09
1.64451e-08
1.80963e-09
-9.93918e-09
9.90195e-09
-1.02473e-08
1.02091e-08
3.11782e-09
9.74235e-09
-2.82885e-09
8.68208e-09
6.96106e-10
-1.23859e-09
1.17396e-09
8.67437e-10
5.45775e-09
-5.25975e-09
6.97312e-10
-5.23446e-09
7.73889e-10
5.62974e-10
6.70109e-11
-9.55745e-09
9.57015e-09
-1.68209e-08
-1.74084e-08
2.76836e-11
3.32948e-10
7.90724e-09
-8.34957e-10
9.46022e-10
-9.45758e-09
1.64342e-08
2.33037e-09
-9.90285e-09
9.87196e-09
-1.02097e-08
1.01772e-08
5.92944e-09
-1.67975e-08
1.68134e-08
-1.73839e-08
1.73991e-08
-7.5565e-09
9.58267e-09
-9.5363e-09
9.556e-09
-6.49221e-09
-4.04384e-10
9.07468e-10
-1.76773e-08
3.43484e-09
1.24238e-08
-9.34725e-09
-9.89643e-09
9.86926e-09
-1.02022e-08
1.01746e-08
6.08455e-10
1.70234e-08
-1.67358e-08
-2.18179e-10
8.00566e-09
-4.01933e-09
-3.114e-10
-1.94122e-09
6.27195e-09
-1.65692e-08
1.57222e-08
-1.7143e-08
1.62638e-08
1.37113e-09
-1.67998e-08
-1.73842e-08
-2.5158e-09
-6.10927e-10
-6.17263e-09
1.06925e-09
1.6454e-08
5.21922e-09
-7.4675e-10
-9.35693e-09
8.96714e-10
4.45087e-09
-3.62101e-09
-6.28407e-09
4.18329e-09
1.10515e-09
-9.93624e-09
1.00718e-08
-1.0242e-08
1.03778e-08
-2.94611e-09
1.64114e-12
-8.26537e-09
-3.7653e-09
-3.0575e-09
3.76008e-10
-1.34273e-09
4.02422e-09
3.02143e-09
1.62288e-09
1.93691e-09
-5.90656e-09
-7.53946e-09
6.00115e-10
3.28037e-10
4.33956e-09
-1.27325e-08
7.46115e-09
1.35689e-09
9.68632e-09
-4.79227e-10
8.74726e-10
-7.80919e-10
3.85421e-10
-5.37786e-10
6.98497e-10
-1.02345e-08
2.01525e-10
-9.54978e-09
9.60821e-09
1.34879e-08
7.04521e-09
1.94316e-09
-6.28122e-10
2.86825e-09
1.10957e-08
-5.94363e-09
-1.61632e-08
9.66877e-09
1.24381e-08
-6.00135e-09
-2.07726e-10
7.38658e-09
-1.03961e-08
8.84099e-09
-4.44353e-09
9.74062e-09
1.00017e-08
1.03123e-08
1.61227e-09
-2.05294e-09
2.03501e-08
-1.99094e-08
8.07038e-09
-6.4695e-09
-6.86064e-09
9.64581e-09
7.47555e-09
-5.33626e-09
-1.07469e-08
1.42529e-08
-1.10718e-08
1.4694e-08
7.86715e-11
1.47589e-09
6.03048e-09
-8.27626e-09
-5.43305e-09
-2.75819e-09
4.5174e-10
1.37285e-08
7.21728e-10
-1.13532e-09
-5.08783e-10
-3.04252e-10
2.36973e-10
-6.16569e-11
1.36071e-09
9.96326e-09
1.02722e-08
1.37266e-09
-9.52202e-10
8.64193e-09
-9.06238e-09
9.6168e-09
-6.07794e-09
-4.62316e-10
7.4712e-10
1.25242e-09
-1.60769e-08
2.2985e-11
-5.34601e-09
-4.50297e-09
3.79501e-09
7.25875e-09
6.36625e-10
3.53462e-10
-8.22036e-10
-1.11787e-09
1.2645e-10
-1.67342e-10
4.08924e-11
1.3869e-09
-8.55236e-09
8.94106e-09
1.35303e-08
6.47961e-10
8.35216e-10
8.03628e-09
-8.87149e-09
6.87767e-09
2.08038e-09
-3.31613e-09
3.79157e-09
8.88125e-09
1.66922e-09
-4.2976e-09
7.8294e-10
4.48338e-09
-9.6872e-10
-1.06317e-09
8.58113e-09
9.58856e-09
-1.90988e-09
7.36185e-09
-6.67298e-09
-1.97702e-09
2.05192e-09
6.59808e-09
-1.40343e-08
-7.74301e-09
8.29385e-09
1.5974e-08
-1.47106e-10
-8.95683e-09
2.65502e-09
-2.08076e-09
8.78234e-09
-2.81753e-11
1.52045e-10
6.48627e-11
-1.88732e-10
-5.88264e-10
-8.42964e-09
1.17182e-08
1.02399e-08
-9.84865e-09
-5.63492e-09
1.85801e-08
-1.82003e-08
5.25512e-09
9.56411e-09
5.2159e-09
-8.31361e-09
1.39051e-08
-5.26181e-10
-1.3526e-08
4.26002e-09
9.91349e-09
1.02209e-08
-4.67182e-09
7.93309e-10
1.34025e-10
7.06025e-09
-2.09258e-09
1.90156e-09
-1.56456e-08
8.46797e-09
1.03874e-08
5.64268e-09
9.08548e-11
-8.05316e-09
5.21066e-10
2.18935e-10
-4.27131e-10
-3.1287e-10
1.26292e-08
9.18276e-09
9.55926e-09
-7.92386e-09
7.95539e-09
-1.10416e-09
5.12449e-09
2.2954e-09
7.47285e-09
-6.47828e-09
-1.99189e-09
-2.73306e-10
2.1487e-08
-1.43752e-08
4.74943e-09
-2.19673e-09
8.66413e-09
-6.71119e-09
1.32335e-09
2.91331e-09
6.30263e-10
4.20642e-10
3.83507e-10
9.9082e-09
1.02145e-08
-1.34293e-08
-7.82473e-09
1.89959e-09
5.26898e-09
-6.70412e-09
-3.19395e-09
8.93298e-09
8.3384e-09
-9.48741e-10
-7.44269e-09
3.44954e-10
1.71255e-09
5.44302e-09
-1.55645e-09
1.13071e-09
5.77747e-09
-1.67815e-08
2.66963e-10
-4.26374e-09
4.14569e-09
-3.79394e-09
-9.58953e-09
-3.76129e-09
-7.26598e-10
-5.89896e-09
-7.42855e-09
8.69972e-09
8.39656e-10
-9.92427e-09
1.05137e-08
-5.89403e-10
-6.97222e-09
1.0089e-10
-1.88292e-08
1.57325e-08
-2.5421e-09
-1.71761e-08
1.65384e-08
5.02702e-09
-7.19181e-10
5.77441e-11
1.36272e-08
4.96482e-10
-1.55377e-08
7.70053e-10
1.53762e-08
-1.15321e-08
-1.4704e-08
1.08945e-09
1.44498e-08
5.25627e-09
4.35097e-09
-1.71931e-09
-2.16892e-09
1.50347e-09
9.73205e-09
5.77954e-10
-7.39585e-09
1.08373e-09
-1.00376e-08
-1.32446e-09
1.13621e-08
-1.10857e-08
1.82911e-08
-1.89668e-09
-5.3087e-09
-7.10678e-09
8.0035e-09
-8.9672e-10
1.05326e-08
-5.96866e-10
-8.94534e-09
-9.90378e-10
-4.14668e-09
1.17172e-08
-1.00826e-08
1.40502e-10
1.89784e-08
-7.89687e-11
7.10149e-09
-2.09332e-09
8.13491e-09
7.92725e-09
5.53549e-09
-5.82223e-10
2.19943e-11
-1.21852e-08
1.45086e-08
1.93694e-08
1.3732e-09
-7.38081e-09
1.54285e-08
1.22977e-08
9.45919e-09
1.19471e-08
9.16549e-09
-6.6144e-11
-7.38586e-10
-1.784e-09
7.02236e-10
1.82035e-09
-8.45219e-09
1.17339e-10
-3.13341e-10
2.14859e-10
-5.63631e-09
-1.52635e-08
1.26637e-08
1.22205e-08
1.1726e-08
-8.04391e-09
-1.52761e-09
1.4725e-09
8.09901e-09
-1.49769e-09
2.12575e-09
-1.77426e-09
1.39142e-08
2.03185e-09
-1.80516e-09
2.24059e-09
5.88666e-09
-1.69727e-08
1.61333e-09
9.8106e-10
8.79487e-09
-5.63527e-09
-4.59007e-09
-7.389e-10
3.00386e-09
2.00258e-08
-2.3809e-08
3.25011e-09
-3.1884e-09
-5.99106e-09
-1.93116e-09
1.97432e-09
1.95938e-09
-3.03956e-09
-2.73032e-09
3.50196e-11
2.83067e-10
-3.49211e-10
-8.86394e-09
1.71634e-09
2.7201e-09
3.4172e-09
-1.85488e-09
-3.33894e-09
9.75651e-11
3.20726e-09
-2.55687e-09
1.55086e-08
3.74743e-09
-2.7152e-09
-1.09459e-09
5.70482e-10
-2.44014e-09
1.02004e-09
-1.52306e-08
1.06372e-08
-6.49228e-09
-8.18207e-09
-1.83176e-09
3.80477e-09
1.58741e-10
-6.19316e-10
5.56231e-10
2.101e-09
-1.79895e-08
3.50783e-10
-1.74267e-09
1.38128e-09
-2.72555e-10
9.24685e-09
-8.23923e-09
1.92687e-09
-6.75713e-09
-2.65264e-09
9.57585e-10
2.52152e-09
-2.32104e-09
6.81337e-09
-1.04463e-08
-9.40011e-09
-5.24158e-10
1.76995e-08
-2.06151e-08
5.01656e-09
-1.903e-09
-1.29913e-08
-9.11353e-09
7.40014e-09
-2.25721e-09
-3.16962e-09
3.45686e-09
8.45942e-09
-1.1668e-09
9.50483e-09
-1.34332e-08
7.21741e-10
-2.15227e-09
-1.30219e-09
1.09057e-09
9.02529e-09
-9.12514e-09
8.03908e-10
-7.965e-09
-2.80096e-10
-6.68287e-10
7.26031e-10
5.17367e-11
1.22986e-09
-8.68663e-09
9.83175e-09
1.2087e-08
-1.32321e-08
9.73454e-10
7.9233e-09
7.12198e-09
1.48491e-08
-1.46918e-09
-1.64444e-08
9.85217e-10
-5.50573e-09
5.53068e-10
-1.91476e-08
1.29279e-08
4.50637e-10
5.49279e-10
-1.08293e-08
-4.57301e-09
-1.30194e-08
-8.39975e-10
6.89723e-10
1.84558e-08
-1.19349e-08
-6.76214e-10
2.85165e-09
-1.05435e-08
9.56058e-10
1.1364e-09
-1.29042e-09
1.60404e-09
9.89676e-11
-9.84318e-11
4.86055e-11
6.99782e-09
4.77878e-10
-2.34223e-09
2.3161e-09
3.7399e-09
1.99347e-09
9.17676e-10
-1.42358e-09
1.11687e-09
1.80477e-10
2.19815e-09
2.10009e-08
-2.17288e-10
-8.00317e-09
1.15296e-09
-8.07989e-10
8.52898e-12
4.43042e-10
-3.90246e-10
-6.18395e-10
2.26962e-09
-4.68267e-09
7.43473e-09
-1.66895e-08
-4.85929e-09
5.11874e-09
6.78999e-10
3.55163e-10
-5.33075e-10
2.03965e-10
3.71885e-10
2.18799e-10
-2.7839e-10
-3.12294e-10
-1.44182e-08
1.12382e-08
-2.23721e-10
-1.14001e-10
1.56317e-10
2.07371e-09
-1.78046e-09
-8.27285e-09
-8.04518e-09
-8.80307e-10
-7.39046e-11
1.62524e-08
-1.42105e-10
-1.60171e-08
2.11558e-08
-6.72796e-10
-1.19634e-08
-4.23184e-10
-9.2714e-10
9.99338e-11
-5.40684e-11
1.91108e-10
2.48141e-09
-2.31157e-09
-6.15788e-10
3.58204e-10
-7.97905e-10
-4.13321e-11
-3.33731e-09
3.2049e-09
7.16834e-09
-7.02254e-09
-1.39845e-09
3.03889e-10
-2.72418e-10
-3.26385e-11
4.53801e-10
-4.21163e-10
1.83147e-10
-4.66679e-10
1.75679e-10
1.00512e-08
-1.22229e-09
-8.82893e-09
-7.66716e-09
2.26833e-09
-9.97034e-09
3.25868e-10
-5.34646e-10
2.33043e-10
1.64318e-08
-6.90737e-09
8.86095e-11
-1.28815e-08
-1.59789e-08
9.07178e-10
2.74946e-10
2.45951e-10
-3.48422e-10
1.15652e-08
2.98283e-10
-8.02113e-10
3.11536e-09
-9.34874e-09
6.23338e-09
-4.60008e-10
1.83548e-10
-3.38344e-10
2.19546e-10
-3.23307e-10
4.08709e-10
1.65766e-09
7.69903e-09
4.50718e-10
9.6678e-10
-6.13307e-10
3.39639e-09
-8.91206e-09
5.51566e-09
7.37194e-09
-1.02959e-08
-2.00324e-10
-5.05541e-10
3.38531e-10
2.2141e-10
5.91205e-09
-8.66087e-09
-4.90021e-10
4.45132e-10
4.39976e-10
1.60195e-10
-1.00311e-10
-1.73885e-10
5.45926e-09
-5.03007e-09
-4.02621e-10
2.31593e-10
1.71029e-10
-3.78173e-09
7.91776e-10
-8.84999e-09
-6.98085e-10
-7.33876e-11
-4.91014e-11
6.35692e-10
1.45189e-10
-1.55527e-10
1.48967e-09
-7.31948e-09
7.20095e-09
2.62065e-10
-5.29793e-10
3.63751e-10
2.09583e-08
-1.20307e-10
-8.93478e-09
-2.45275e-09
3.01709e-09
-4.44958e-10
4.74735e-10
6.42842e-10
1.29805e-08
1.69687e-08
-1.66619e-08
5.80381e-09
-7.72385e-09
4.12042e-09
-9.20556e-10
-4.21264e-10
-4.08635e-10
1.14372e-09
-9.31401e-10
-1.65074e-10
2.0403e-10
2.30539e-10
9.46092e-09
7.85637e-09
-6.10679e-09
-8.78871e-11
8.33676e-10
-9.01115e-09
-5.25315e-10
6.2179e-10
-9.19275e-09
7.8694e-09
-2.52543e-09
-5.34397e-09
3.82694e-10
-9.52568e-09
8.15161e-09
1.25239e-09
-1.0652e-09
9.25202e-09
-9.74483e-09
4.92804e-10
-5.61643e-10
4.38793e-10
3.03041e-10
6.04216e-09
-1.27663e-08
-9.66315e-10
1.76247e-10
-1.02598e-10
-3.94715e-10
1.58494e-08
-1.60465e-08
-3.27153e-12
-3.61789e-10
5.54936e-10
-5.11436e-09
5.82833e-09
1.75771e-08
2.32281e-09
1.64865e-08
-1.6459e-08
1.47576e-10
-1.52319e-09
1.83183e-09
1.37287e-08
2.83041e-09
-1.02263e-08
2.86899e-11
-2.86899e-11
-8.08834e-09
-4.86216e-09
-8.64508e-09
2.80939e-10
8.03859e-09
-2.86205e-10
6.23186e-10
1.3011e-10
6.51314e-09
-6.8492e-11
-6.44465e-09
6.59364e-09
6.85755e-09
6.35522e-09
-5.57865e-10
4.53204e-10
-1.68784e-08
-3.04996e-10
-4.66341e-09
1.26868e-08
-6.97692e-09
-4.63623e-10
-8.79377e-09
5.4591e-09
-8.12427e-10
1.98059e-09
-1.78223e-08
8.6241e-09
1.62304e-08
-7.61797e-09
-1.25963e-08
-3.35077e-09
3.24816e-09
-8.56187e-09
8.5139e-09
-1.5883e-09
2.25716e-09
-2.51712e-09
-1.07447e-08
1.63359e-08
-3.34336e-10
-1.01418e-10
1.72172e-08
-8.58443e-10
-1.05544e-08
1.13461e-08
-1.83411e-08
-1.97954e-10
1.94385e-10
-8.27584e-09
-1.13657e-08
2.66156e-10
2.76932e-10
1.53031e-08
-1.28727e-08
3.07584e-09
-5.50627e-09
-1.87745e-09
2.4067e-09
-8.01427e-09
3.55875e-10
-1.1989e-09
4.88133e-09
-6.59081e-09
-7.77761e-09
-1.02286e-08
8.39399e-09
-8.14903e-09
8.10111e-09
-1.85853e-09
9.15169e-09
1.11271e-08
2.71804e-09
8.09268e-09
-2.05473e-09
2.90147e-09
-5.39444e-10
7.05258e-09
-1.79253e-09
-1.07152e-08
1.6677e-08
-2.21786e-09
-1.58821e-09
-9.88602e-09
-1.28782e-09
-1.39283e-08
1.8159e-08
7.37112e-09
-9.01131e-10
-6.49526e-09
5.86665e-09
1.77398e-10
-2.37758e-10
-3.99647e-10
4.53422e-09
3.46928e-09
-7.50841e-09
8.83056e-09
-2.21887e-09
1.28833e-10
5.50873e-10
7.20306e-09
-1.65919e-10
6.94438e-09
5.39643e-09
-6.20546e-09
1.37777e-09
1.49794e-08
3.16129e-09
-7.73376e-11
-8.22403e-09
8.01508e-10
-4.85807e-10
8.3084e-09
-2.1893e-08
1.23761e-09
2.66712e-10
-1.38298e-10
-1.3687e-11
-1.71622e-08
1.809e-08
-4.78014e-10
-1.51855e-08
-1.10645e-08
3.86234e-09
-3.3362e-09
-1.62028e-08
1.93233e-08
-1.95879e-09
-4.28791e-10
3.46919e-10
3.00672e-10
-4.28545e-10
4.89531e-10
-7.31073e-09
1.92051e-08
7.85631e-10
3.24905e-10
1.03895e-10
-1.48882e-10
1.14355e-10
4.66982e-11
1.69346e-08
-5.03131e-10
1.70551e-08
5.7174e-10
2.52236e-09
-3.63294e-10
-2.32618e-10
2.57569e-10
-6.49883e-09
-1.06024e-09
7.01963e-09
9.17537e-10
-1.22745e-09
-1.05184e-08
5.29756e-09
1.59382e-08
2.50031e-09
-1.17028e-08
-5.98309e-09
3.3718e-09
5.59382e-09
-1.25551e-08
-1.22347e-09
2.19329e-09
-8.90098e-09
-6.80219e-09
7.5206e-09
3.96272e-10
1.24363e-09
-9.51092e-10
1.91689e-08
7.99267e-09
-1.7753e-08
1.25266e-10
-1.64187e-09
6.18199e-09
1.18917e-08
2.60668e-12
1.14063e-10
-8.04702e-10
1.31096e-10
1.37753e-10
1.70857e-08
-1.21339e-08
7.4809e-09
6.29589e-11
-1.84414e-09
7.8321e-11
-2.33756e-09
1.42847e-08
-2.90139e-09
1.42635e-08
-2.39561e-09
1.46933e-08
-8.0977e-10
2.18689e-09
-2.10273e-09
2.02177e-09
7.78673e-10
-1.63786e-08
4.1428e-09
-6.9386e-09
-8.07947e-11
1.43343e-08
-5.07765e-09
-4.2681e-11
-7.00309e-09
6.43567e-10
-5.96489e-10
4.70791e-09
6.89644e-09
-1.44317e-08
7.24179e-09
1.17749e-08
-8.42361e-09
-7.17934e-09
1.9341e-09
-4.88058e-10
-1.13867e-08
-3.67758e-09
8.45748e-09
-8.63216e-10
-1.79626e-09
-7.55292e-09
-4.20025e-10
5.30006e-10
-6.68757e-10
-8.35173e-09
-1.91043e-09
5.09814e-09
2.82308e-09
7.52064e-09
-1.36437e-10
-1.02944e-08
1.06388e-11
-1.68603e-10
8.29016e-09
2.06358e-10
3.95927e-11
-1.45675e-09
2.04411e-10
-3.11767e-10
8.91038e-09
-8.53766e-09
1.52291e-08
4.06253e-09
-1.57129e-10
-1.16548e-08
6.80373e-09
8.95296e-10
2.87856e-09
7.79271e-09
-3.4234e-09
-8.44596e-11
1.42444e-10
3.14521e-09
1.55958e-09
1.11631e-09
-3.33844e-09
-2.758e-09
8.56286e-09
-2.61942e-11
9.80239e-10
2.92221e-10
3.5188e-09
8.53283e-09
-1.60285e-10
-4.19033e-10
-4.58101e-10
2.04894e-10
-1.6526e-10
-5.29088e-09
-3.22946e-09
-2.66972e-09
-5.88119e-09
-4.38342e-10
-6.7722e-11
-6.8642e-09
-2.62447e-11
5.07701e-09
4.39771e-09
-4.57574e-10
-9.48633e-10
8.75789e-09
-3.18104e-09
-3.40362e-10
-2.21685e-10
-4.51394e-10
-1.1683e-10
-8.07382e-09
7.58578e-09
-7.22627e-09
3.98567e-10
1.25079e-10
-1.5046e-10
1.46432e-10
-1.59651e-10
-1.08381e-08
1.11858e-08
5.86299e-09
-3.04848e-09
9.12546e-09
-1.43561e-08
-1.56836e-10
7.8198e-10
6.76784e-09
-4.525e-11
-1.49934e-10
)
;

boundaryField
{
    back
    {
        type            empty;
        value           nonuniform List<scalar> 0();
    }
    ingreso
    {
        type            calculated;
        value           nonuniform List<scalar> 
28
(
-9.35669e-09
-9.35669e-09
-9.3565e-09
-9.35659e-09
-9.35572e-09
-9.35669e-09
-9.35669e-09
-9.35611e-09
-9.35669e-09
-9.35659e-09
-9.35669e-09
-9.35669e-09
-9.3565e-09
-9.35669e-09
-9.35669e-09
-9.35659e-09
-9.35659e-09
-9.35669e-09
-9.35669e-09
-9.35655e-09
-9.35572e-09
-9.35669e-09
-9.35669e-09
-9.35669e-09
-9.3565e-09
-9.35669e-09
-9.35653e-09
-9.35659e-09
)
;
    }
    salida
    {
        type            calculated;
        value           nonuniform List<scalar> 
12
(
2.56666e-08
2.47782e-08
2.41056e-08
1.36078e-08
1.4832e-08
1.41052e-08
2.72471e-08
2.64262e-08
2.58105e-08
2.13686e-08
2.17642e-08
2.22715e-08
)
;
    }
    front
    {
        type            empty;
        value           nonuniform List<scalar> 0();
    }
    defaultFaces
    {
        type            calculated;
        value           uniform 0;
    }
}


// ************************************************************************* //
