/*--------------------------------*- C++ -*----------------------------------*\
  =========                 |
  \\      /  F ield         | OpenFOAM: The Open Source CFD Toolbox
   \\    /   O peration     | Website:  https://openfoam.org
    \\  /    A nd           | Version:  8
     \\/     M anipulation  |
\*---------------------------------------------------------------------------*/
FoamFile
{
    version     2.0;
    format      ascii;
    class       volScalarField;
    location    "5.6";
    object      p;
}
// * * * * * * * * * * * * * * * * * * * * * * * * * * * * * * * * * * * * * //

dimensions      [0 2 -2 0 0 0 0];

internalField   nonuniform List<scalar> 
5119
(
4.05167e-06
1.09201e-05
1.08832e-05
1.04678e-05
4.79551e-06
1.09713e-05
1.08962e-05
1.09125e-05
9.99526e-06
1.88347e-06
1.04747e-05
1.93554e-06
5.10286e-06
1.07163e-05
3.53604e-06
6.34366e-06
7.34056e-06
1.08463e-06
2.65716e-06
2.74908e-06
6.35574e-06
5.5863e-06
3.66895e-06
1.71336e-06
6.76156e-06
6.11785e-06
3.73319e-06
3.77172e-06
3.80206e-06
1.02648e-06
1.35754e-06
2.63131e-06
6.15741e-06
3.4825e-06
4.22899e-06
1.07995e-06
1.05957e-06
1.07341e-06
4.57732e-06
8.11845e-06
1.09002e-05
4.80457e-06
7.4783e-06
7.50611e-06
7.88867e-06
1.09126e-05
8.34175e-06
7.95516e-06
7.93441e-06
7.03209e-06
1.07939e-05
1.0483e-05
1.11597e-05
1.09269e-05
1.07421e-05
8.28595e-06
1.05167e-05
1.09154e-05
5.69055e-06
8.55868e-06
7.68992e-06
7.42646e-06
8.34014e-06
7.89057e-06
1.09091e-05
8.74991e-06
1.08021e-05
1.06013e-05
8.3896e-06
1.07129e-05
1.08071e-05
1.09199e-05
1.08028e-05
8.38445e-06
7.03986e-06
8.12132e-06
1.09154e-05
1.08981e-05
8.74212e-06
8.59653e-06
1.01638e-05
1.0614e-05
1.00248e-06
4.83409e-07
1.0917e-05
7.64328e-07
1.09166e-05
7.64696e-06
5.04312e-07
5.09299e-07
5.09208e-07
4.89359e-07
1.09139e-05
1.04088e-05
8.54941e-06
1.05238e-05
1.11151e-05
8.5728e-06
1.05026e-05
9.73923e-07
6.32606e-06
6.26481e-06
9.78503e-06
8.61855e-06
1.09144e-05
1.09234e-05
8.96337e-06
1.08474e-05
1.06132e-05
1.09218e-05
9.69414e-06
1.09227e-05
1.09204e-05
1.86261e-06
1.091e-05
1.05692e-05
1.04473e-05
1.09219e-05
1.06583e-05
8.17047e-07
1.08101e-05
4.06912e-06
9.94012e-06
5.78152e-06
6.76391e-06
3.08479e-06
5.81881e-06
5.55588e-06
2.09193e-06
4.19962e-06
6.21929e-06
1.61377e-06
1.59912e-06
3.18143e-06
1.09307e-05
1.0834e-05
9.63791e-06
3.12018e-06
1.0835e-05
3.85701e-06
5.65869e-06
7.63788e-06
5.13738e-06
4.05319e-06
4.19212e-06
4.16508e-06
1.65437e-06
1.68644e-06
1.67252e-06
1.0392e-05
9.15121e-06
1.09342e-05
8.8182e-06
1.04342e-05
1.05342e-05
8.06785e-07
1.05451e-05
1.10986e-05
1.08642e-05
1.03222e-05
9.13368e-06
1.09317e-05
1.08692e-05
8.61871e-06
1.09191e-05
1.08233e-05
1.09196e-05
1.09166e-05
1.0918e-05
1.05595e-05
1.08048e-05
8.77716e-06
1.06533e-05
1.07451e-05
1.0597e-05
1.0739e-05
1.08343e-05
2.90042e-06
1.09251e-05
4.4007e-06
1.08225e-05
1.08003e-05
8.56478e-06
8.48805e-06
1.09184e-05
1.05025e-05
1.09204e-05
1.08433e-05
1.08076e-05
1.09013e-05
1.03052e-05
9.38776e-06
8.60697e-06
1.06696e-05
1.09095e-05
1.03401e-05
1.09258e-05
1.07931e-05
9.93354e-06
1.09678e-05
1.09178e-05
9.01037e-06
1.09184e-05
1.84612e-06
3.32838e-06
4.07832e-06
5.61207e-06
9.13622e-06
1.07794e-05
1.06478e-05
1.08791e-05
8.13911e-06
1.07926e-05
8.27293e-06
1.08538e-05
1.0763e-05
1.08324e-05
8.11988e-06
1.05743e-05
1.08453e-05
8.82473e-06
1.05545e-05
1.09266e-05
8.93076e-06
1.05642e-05
1.04537e-05
1.09146e-05
1.09145e-05
5.2805e-06
2.10589e-06
1.09302e-05
2.60159e-06
6.32777e-06
5.48104e-06
4.89989e-06
1.07905e-05
7.07863e-06
7.63152e-06
1.07778e-05
9.6884e-06
1.06478e-05
1.08768e-05
1.04734e-05
9.33707e-06
3.31222e-06
2.21544e-06
5.45202e-06
1.07939e-05
6.26147e-06
3.06136e-06
5.79401e-06
6.86404e-06
7.42102e-06
2.83885e-06
3.14872e-06
6.7886e-06
3.17068e-06
3.13634e-06
3.55884e-06
1.07233e-05
1.08543e-05
1.08302e-05
1.0108e-05
7.12334e-06
4.77118e-06
4.80375e-06
4.97627e-06
5.7929e-06
1.08316e-05
8.02385e-06
1.08202e-05
1.09059e-05
1.47688e-06
5.89086e-06
1.86002e-06
1.10894e-05
9.40595e-06
7.25143e-06
9.72515e-07
6.85338e-06
7.4313e-06
3.13073e-06
3.11062e-06
6.78119e-06
3.08269e-06
2.68561e-06
3.46064e-06
5.78971e-06
1.08324e-06
1.97692e-06
7.03343e-06
2.99463e-06
6.21667e-06
1.08877e-05
3.28027e-06
6.36333e-06
7.9867e-06
1.07243e-05
1.09346e-05
8.82446e-06
1.03018e-05
5.51509e-06
1.05309e-05
1.09948e-05
1.06686e-05
1.08439e-05
1.10819e-05
1.36358e-06
1.05434e-05
8.90787e-06
1.4745e-06
5.73873e-06
4.88334e-06
4.94515e-06
5.41781e-06
4.90215e-06
1.09182e-05
1.09558e-05
5.94044e-06
5.904e-06
1.04622e-05
8.44952e-06
3.38434e-06
1.09665e-05
1.04123e-05
9.49146e-06
1.05506e-05
2.79996e-06
4.62406e-06
1.0587e-05
5.1687e-06
4.6826e-06
9.37501e-06
1.08219e-05
1.09789e-05
4.05507e-06
6.22785e-06
7.29912e-06
1.17335e-06
2.46776e-06
6.2554e-06
2.72889e-06
1.04749e-05
6.06534e-06
6.6449e-06
3.72687e-06
1.67435e-06
1.1217e-06
1.05773e-05
1.05015e-05
4.44878e-06
4.63467e-06
4.60609e-06
4.42628e-06
5.50059e-06
5.40802e-06
4.18643e-06
3.99832e-06
3.56968e-06
6.4914e-06
2.76332e-06
2.57843e-06
2.60482e-06
6.80931e-06
2.48199e-06
2.62407e-06
2.34189e-06
2.05949e-06
2.16289e-06
2.17904e-06
2.12345e-06
1.93527e-06
7.32424e-06
7.72375e-06
1.05454e-05
1.06262e-05
1.07852e-05
1.06766e-05
3.07918e-06
1.10293e-05
1.03659e-05
1.08667e-05
8.54747e-06
2.61339e-06
8.63028e-06
9.15375e-06
1.09067e-05
2.57829e-06
3.43223e-06
6.03161e-06
1.08216e-05
1.09444e-05
9.26225e-06
1.08626e-05
8.01517e-06
5.5027e-06
3.65991e-06
3.80464e-06
3.78079e-06
1.07882e-05
7.47311e-06
1.08563e-05
1.09073e-05
9.35602e-06
4.39232e-06
1.04887e-05
1.00531e-05
1.09236e-05
1.06073e-05
1.03318e-05
8.67876e-06
2.11483e-06
3.75506e-06
1.18157e-06
1.16582e-06
1.17993e-06
1.00338e-05
5.30627e-06
6.09993e-06
1.0859e-05
1.08622e-05
7.15381e-06
1.06336e-05
1.08258e-05
1.08079e-05
1.05866e-05
1.08325e-05
5.18176e-06
5.36645e-07
1.10008e-05
9.24323e-06
5.1862e-06
7.32387e-06
1.08407e-05
1.06138e-05
1.07813e-05
9.70855e-06
8.94778e-06
1.0977e-05
1.08319e-05
1.01555e-05
1.07631e-05
1.03588e-05
6.72737e-07
7.02212e-07
7.06185e-07
6.93661e-07
1.08555e-05
1.03187e-05
7.32115e-06
1.00809e-05
1.09345e-05
4.76603e-06
6.11095e-06
3.26222e-06
2.94675e-06
2.74691e-06
2.65897e-06
2.77374e-06
2.79415e-06
7.14201e-06
7.16647e-06
2.29542e-06
6.91739e-06
1.07811e-05
1.09372e-05
4.57893e-06
9.64712e-07
4.21303e-06
4.45769e-06
4.39355e-06
4.25869e-06
5.70914e-06
5.62533e-06
3.98297e-06
3.78324e-06
3.36042e-06
6.71446e-06
2.5521e-06
2.38789e-06
2.34921e-06
2.40546e-06
7.0378e-06
2.26741e-06
2.14229e-06
1.85603e-06
1.96407e-06
1.94794e-06
1.92294e-06
1.72445e-06
7.51461e-06
7.96691e-06
1.09168e-05
1.04417e-05
1.09135e-05
9.00928e-06
8.99436e-06
1.09119e-05
1.10106e-05
1.07625e-05
1.05477e-05
1.09124e-05
9.68554e-06
1.01062e-05
1.08364e-05
7.0548e-07
1.06097e-05
4.45558e-06
9.44229e-06
2.72609e-07
3.09144e-07
3.30495e-07
1.04468e-05
2.32917e-06
6.67642e-06
5.94501e-06
1.04982e-05
1.07177e-05
1.08857e-05
1.06273e-05
4.45593e-06
1.98176e-06
1.09318e-05
9.22986e-06
1.02812e-05
5.16343e-06
6.35308e-06
5.08601e-06
1.09349e-05
9.16107e-06
8.58974e-06
7.77988e-07
9.67359e-06
6.1773e-06
6.44199e-06
1.08909e-05
1.09372e-05
8.9711e-06
1.05338e-05
2.11522e-06
6.66103e-06
5.97886e-06
8.53966e-06
5.65209e-06
4.88702e-06
4.74298e-06
4.68942e-06
1.05865e-05
1.0491e-05
6.83782e-06
1.06465e-05
8.85867e-06
1.08987e-05
1.08686e-05
1.1014e-05
7.53236e-06
2.35781e-06
8.16175e-06
1.04851e-05
4.91185e-06
1.03652e-05
1.09262e-05
1.0467e-05
9.79076e-06
1.10046e-05
1.09244e-05
1.07258e-05
2.57696e-06
1.08369e-05
9.73482e-06
1.00549e-05
5.36605e-06
1.09093e-05
1.09828e-05
1.07979e-05
9.30831e-06
1.0372e-05
1.08783e-05
1.08974e-05
1.09049e-05
1.99386e-07
1.90793e-07
2.00985e-07
9.85462e-06
1.06699e-05
1.06699e-05
1.10256e-05
1.09171e-05
4.37634e-06
4.00976e-06
1.09301e-05
1.09243e-05
1.09384e-05
9.07895e-06
1.07044e-05
1.08201e-05
6.97925e-06
6.94604e-06
2.91932e-06
2.89848e-06
2.89909e-06
3.39529e-06
5.91793e-06
3.11086e-06
2.81486e-06
8.89043e-06
1.09929e-05
9.97973e-06
1.08942e-05
1.08769e-05
6.47653e-06
1.09101e-05
1.05747e-05
8.00711e-06
1.00204e-05
1.09318e-05
1.07294e-05
1.09382e-05
9.48137e-06
1.08742e-05
1.08579e-05
1.08256e-05
1.04824e-05
1.09096e-05
6.33592e-06
5.11746e-06
1.00284e-05
1.094e-05
1.08366e-05
1.08512e-05
1.09064e-05
1.06837e-05
9.31458e-06
4.898e-06
1.41583e-06
1.07001e-05
9.51799e-06
1.51017e-06
5.47443e-06
1.35815e-06
6.52764e-06
3.38108e-06
3.40422e-06
7.04931e-06
6.46361e-06
3.09525e-06
3.34967e-06
3.76799e-06
1.07365e-05
7.95133e-06
1.05242e-05
4.96046e-07
1.09592e-05
1.08821e-05
1.05146e-05
1.09191e-05
1.0945e-05
5.26902e-07
1.08537e-05
1.09237e-05
7.50195e-06
1.54902e-06
7.91483e-06
9.80125e-06
1.09685e-05
9.24424e-06
1.02653e-05
1.09264e-05
1.05211e-05
6.80869e-07
1.05551e-06
1.08981e-05
1.088e-05
9.74346e-06
1.03389e-05
1.09334e-05
9.71956e-06
1.08163e-05
1.09114e-05
1.05607e-05
5.1498e-06
1.61333e-06
3.09937e-06
3.85641e-06
5.62505e-06
1.08919e-05
2.21457e-07
2.12836e-07
2.6187e-07
9.8248e-06
1.09206e-05
1.09997e-05
6.42369e-06
1.08506e-05
7.63087e-06
2.43026e-07
2.6964e-07
1.09251e-05
8.4601e-07
2.37319e-06
6.70691e-06
3.30401e-06
5.92349e-06
6.8806e-06
1.05694e-05
5.76425e-06
1.09256e-05
1.09016e-05
1.06607e-05
1.09264e-05
1.08107e-05
1.09189e-05
1.04991e-05
1.05712e-05
7.89156e-06
1.073e-05
9.46921e-06
9.45649e-06
8.85919e-06
1.08936e-05
1.07513e-05
8.83037e-06
1.08402e-05
7.87569e-06
1.06428e-05
1.09013e-05
1.81416e-06
1.05716e-05
1.00813e-05
1.10147e-05
1.06964e-05
9.51639e-06
1.06483e-05
1.06008e-05
1.08283e-05
2.09887e-07
2.14503e-07
2.19629e-07
2.53451e-07
2.02998e-07
1.09024e-05
1.06883e-05
8.84928e-06
1.09663e-05
1.09192e-05
1.09371e-05
1.07867e-05
1.05412e-05
1.03247e-05
4.66053e-06
4.65178e-06
4.69089e-06
5.08292e-06
4.76051e-06
5.02985e-06
1.0929e-05
1.08549e-05
4.13744e-06
4.32557e-06
4.7516e-06
5.07913e-06
5.20681e-06
5.25691e-06
5.57013e-06
5.42689e-06
4.00632e-06
3.70262e-06
6.15891e-06
2.95859e-06
2.74077e-06
2.64542e-06
2.47467e-06
6.53919e-06
2.74611e-06
2.7682e-06
2.69689e-06
2.26782e-06
2.3079e-06
2.28985e-06
6.90141e-06
2.1697e-06
2.06254e-06
7.15206e-06
1.78815e-06
7.65119e-06
7.62103e-06
7.77178e-06
4.79379e-06
4.69326e-06
4.75948e-06
4.57374e-06
4.97323e-06
1.09357e-05
9.17067e-06
1.09281e-05
3.60181e-06
1.14761e-05
1.09191e-05
1.09182e-05
1.08634e-05
5.02902e-06
5.08321e-06
4.74871e-06
1.09397e-05
1.06184e-05
1.0904e-05
1.09198e-05
1.09868e-05
8.15093e-06
1.01203e-05
1.07741e-05
9.7777e-06
1.05752e-05
1.05629e-05
1.00958e-05
1.08019e-05
1.09281e-05
1.10112e-05
4.76316e-06
1.08687e-05
1.0784e-05
1.08443e-05
3.75347e-07
3.63323e-07
3.54028e-07
1.09269e-05
1.04871e-05
1.08694e-05
1.09384e-05
9.52685e-06
1.09075e-05
6.14191e-06
1.08648e-05
1.08482e-05
1.08869e-05
1.00509e-05
1.03676e-05
1.0134e-05
1.09196e-05
1.10038e-05
1.08092e-05
7.83808e-06
1.06548e-05
4.51784e-06
4.51057e-06
8.87441e-06
9.74842e-06
1.09013e-05
1.08494e-05
1.093e-05
1.10089e-05
9.31105e-06
1.092e-05
1.10347e-05
1.02206e-05
1.09132e-05
1.06311e-05
4.4876e-06
4.40104e-06
5.54917e-06
4.28299e-06
5.52829e-06
5.32133e-06
5.26663e-06
5.94733e-06
3.66731e-06
3.50768e-06
3.38677e-06
6.49539e-06
2.66004e-06
1.86636e-06
1.9732e-06
1.94168e-06
1.99226e-06
2.19059e-06
7.32802e-06
7.18087e-06
1.05175e-05
7.61311e-06
5.74658e-06
6.95308e-06
1.09189e-05
1.09177e-05
9.52015e-06
1.05235e-05
1.05805e-05
1.0826e-05
1.01997e-05
8.69188e-06
1.03697e-05
4.8372e-06
9.59487e-06
1.08587e-05
8.43712e-06
1.04567e-05
1.0812e-05
9.04212e-06
1.05325e-05
6.35224e-06
7.63582e-06
1.00334e-05
1.05542e-05
1.03105e-05
9.85011e-06
9.61374e-06
1.01886e-05
1.0353e-05
1.09359e-05
1.01975e-05
1.0801e-05
1.03347e-05
1.08216e-05
1.03675e-05
1.03335e-05
7.62566e-06
5.33281e-06
1.0788e-05
1.00215e-05
1.05759e-05
1.0864e-05
7.35131e-06
9.47853e-06
7.75123e-06
1.09554e-05
1.03645e-05
8.7801e-06
1.03178e-05
1.04374e-05
1.09269e-05
1.06334e-05
9.31673e-06
1.09353e-05
9.10395e-06
5.09179e-06
5.52817e-06
5.59328e-06
3.54534e-06
3.79333e-06
3.25157e-06
5.97771e-06
3.17822e-06
3.15828e-06
6.63136e-06
3.29975e-06
3.27407e-06
6.74822e-06
7.10468e-06
6.59538e-06
2.41359e-06
1.09242e-05
1.06334e-05
1.04197e-05
1.0223e-05
1.06338e-05
1.02878e-05
1.07548e-05
9.48051e-06
4.75099e-06
1.09132e-05
5.04129e-06
5.03301e-06
8.87243e-06
4.81625e-06
1.09265e-05
1.09142e-05
6.70119e-06
1.04529e-05
1.08647e-05
7.14306e-06
7.21339e-06
7.01434e-06
7.67429e-06
1.07938e-05
1.09067e-05
7.72048e-06
7.11927e-06
7.51368e-06
1.06871e-05
1.03682e-05
1.11927e-05
1.09215e-05
1.05226e-05
1.04476e-05
1.09503e-05
6.82636e-06
7.88591e-06
1.08271e-05
1.09189e-05
1.08676e-05
1.08983e-05
8.85152e-06
1.09698e-05
6.72377e-06
8.68965e-06
1.08273e-05
2.19978e-06
1.0802e-05
1.02229e-05
1.08312e-05
8.06009e-06
1.08683e-05
1.03829e-05
5.70035e-06
5.60036e-06
3.98324e-06
3.90235e-06
3.37019e-06
6.71485e-06
2.71288e-06
2.48951e-06
2.49567e-06
7.01562e-06
2.51483e-06
2.38086e-06
2.24727e-06
1.83642e-06
1.96679e-06
1.95305e-06
1.93333e-06
1.69961e-06
7.40808e-06
7.95018e-06
4.47657e-06
4.34178e-06
4.52233e-06
4.25142e-06
1.09224e-05
1.08649e-05
9.18527e-06
1.09046e-05
1.06246e-05
1.06644e-05
1.09708e-05
1.09021e-05
1.07568e-05
6.68133e-07
1.08767e-05
6.16153e-06
3.26593e-06
3.14878e-06
2.9084e-06
2.83303e-06
2.90938e-06
2.9322e-06
7.08962e-06
7.08972e-06
1.09191e-05
2.70018e-06
7.24422e-06
5.00222e-06
1.08205e-05
1.04567e-05
1.05653e-05
1.0694e-05
1.06918e-05
1.07727e-05
1.09616e-05
1.08759e-05
1.08072e-05
1.02332e-05
1.08428e-05
2.0623e-06
1.07694e-05
1.09311e-05
4.28348e-06
4.31047e-06
5.25828e-06
5.24151e-06
4.81832e-06
1.0839e-05
1.0916e-05
1.0552e-05
1.08778e-05
4.7898e-06
1.02687e-05
1.09361e-05
1.08166e-05
1.05324e-05
1.18191e-06
1.16722e-06
1.18921e-06
4.13866e-06
1.05486e-05
1.08398e-05
1.09284e-05
8.98153e-06
9.48948e-06
1.01933e-05
1.09118e-05
1.09207e-05
1.06206e-05
1.09292e-05
1.08108e-05
1.04016e-05
1.09298e-05
5.24644e-06
1.08874e-05
1.09123e-05
1.07258e-05
1.08855e-05
1.03913e-05
6.9265e-06
9.86112e-06
1.09223e-05
1.08371e-05
4.56298e-06
1.08595e-05
5.08593e-06
1.0162e-05
1.08586e-05
1.02112e-05
8.91547e-06
1.06687e-05
4.77573e-06
5.05222e-06
4.78115e-06
1.06394e-05
1.08292e-05
1.08261e-05
1.03567e-05
1.04356e-05
1.07438e-05
1.05244e-05
4.99835e-06
4.99985e-06
4.91973e-06
8.61301e-06
1.09679e-05
1.08378e-05
1.06691e-05
1.02904e-05
1.09347e-05
1.03905e-05
1.0612e-05
1.03525e-05
1.09154e-05
1.08447e-05
1.07822e-05
1.0933e-05
1.07094e-05
1.06693e-05
1.01714e-05
1.07824e-05
1.0795e-05
5.00709e-06
5.02034e-06
8.10151e-06
1.06205e-05
1.09369e-05
1.04242e-05
1.09351e-05
1.06408e-05
1.01616e-05
1.08799e-05
4.38547e-06
1.09076e-05
8.48037e-06
1.10277e-05
1.09262e-05
1.05322e-05
1.08704e-05
1.0563e-05
1.09778e-05
1.05837e-05
1.08882e-05
1.08605e-05
1.06977e-05
1.09027e-05
4.91467e-06
4.84058e-06
4.95169e-06
1.04323e-05
1.08952e-05
1.08454e-05
1.09255e-05
1.08353e-05
1.09389e-05
1.03189e-05
1.06827e-05
1.02932e-05
1.46128e-06
3.45304e-06
2.60507e-06
6.12832e-06
1.09198e-05
1.09271e-05
1.08001e-05
1.09648e-05
1.05365e-05
1.09245e-05
1.09201e-05
1.09219e-05
1.07616e-05
7.93713e-06
1.09202e-05
1.08508e-05
1.08351e-05
1.45813e-06
1.44065e-06
1.46847e-06
7.81786e-06
1.09144e-05
1.09142e-05
1.08749e-05
1.09105e-05
1.09084e-05
1.0361e-05
1.08319e-05
1.08534e-05
1.02744e-05
1.07463e-05
4.84892e-06
1.05847e-05
1.08946e-05
1.09236e-05
4.62957e-06
1.08606e-05
1.04603e-05
1.08819e-05
1.05895e-05
9.73393e-06
1.09071e-05
1.06668e-05
1.09299e-05
1.08391e-05
1.09463e-05
1.08539e-05
9.87878e-06
1.08811e-05
1.09084e-05
1.0867e-05
1.0784e-05
1.08721e-05
1.04717e-05
1.08882e-05
1.04338e-05
1.0906e-05
4.7437e-06
3.7104e-06
5.57696e-06
1.94869e-06
2.75723e-06
2.60778e-06
6.24994e-06
1.19647e-06
6.28798e-06
7.32393e-06
1.0839e-05
1.08538e-05
1.09331e-05
1.09278e-05
9.93298e-06
1.024e-05
1.07677e-05
1.08898e-05
1.09181e-05
1.04948e-05
1.08864e-05
9.72721e-06
1.0649e-05
1.08145e-05
3.28326e-06
3.30691e-06
5.62589e-06
6.68125e-06
5.18577e-06
3.69703e-06
3.27129e-06
6.58798e-06
2.14796e-06
7.18452e-06
2.98427e-06
1.23092e-06
1.376e-06
1.06922e-05
1.08689e-05
1.0911e-05
1.08972e-05
1.07958e-05
1.06958e-05
1.05507e-05
9.77571e-06
1.02273e-05
8.62052e-06
1.06541e-05
1.09289e-05
1.11337e-05
1.09303e-05
1.01778e-05
1.07236e-05
1.09161e-05
1.08351e-05
9.76846e-06
3.80587e-07
1.09214e-05
6.89496e-06
1.08831e-05
1.02638e-05
8.50296e-06
1.09143e-05
1.09179e-05
1.0933e-05
7.87496e-06
1.05205e-05
1.08104e-05
1.09458e-05
9.47373e-06
1.06796e-05
1.03006e-05
1.09341e-05
1.07665e-05
1.06787e-05
1.01703e-05
1.03677e-05
1.0349e-05
1.09297e-05
1.04577e-05
1.07364e-05
1.08331e-05
1.08337e-05
1.02583e-05
1.09275e-05
1.08798e-05
1.08986e-05
1.08817e-05
1.06932e-05
5.83739e-07
5.76672e-07
5.61023e-07
5.87819e-07
5.95521e-07
8.92561e-06
1.0814e-05
1.01594e-05
1.07394e-05
2.96653e-07
2.82269e-07
1.0458e-05
7.67827e-06
1.09224e-05
1.07459e-05
1.08366e-05
1.05124e-05
9.24067e-06
3.93912e-06
1.09363e-05
1.06898e-05
1.08788e-05
1.09258e-05
1.07707e-05
1.06121e-05
5.75317e-06
1.08986e-05
1.0513e-05
1.03176e-05
1.04217e-05
1.08194e-05
1.02583e-05
1.03429e-05
1.13163e-06
5.67616e-06
1.07681e-05
3.7131e-06
3.75447e-06
3.78107e-06
6.11983e-06
1.68112e-06
6.73257e-06
1.09261e-05
1.05899e-05
1.09405e-05
1.02807e-05
1.08094e-05
1.06515e-05
2.24876e-06
3.19708e-06
6.08827e-06
6.88472e-06
4.70267e-06
1.03189e-05
1.09589e-05
9.86682e-06
5.12309e-06
5.17004e-06
4.72441e-06
4.5398e-06
1.09361e-05
1.03598e-05
1.08822e-05
1.02553e-05
3.39951e-06
1.09146e-05
1.11009e-05
1.05389e-05
1.03296e-05
1.08749e-05
1.03063e-05
2.71853e-07
1.04943e-05
1.0844e-05
1.09237e-05
1.08982e-05
1.07482e-05
1.08392e-05
4.75572e-06
1.02648e-05
1.0883e-05
1.23289e-06
1.08085e-05
1.0722e-05
2.67734e-07
2.46329e-07
2.59964e-07
2.57465e-07
2.53861e-07
1.09256e-05
1.09162e-05
1.09004e-05
6.5927e-06
1.07249e-05
1.03413e-05
1.02681e-05
1.05033e-05
1.08051e-05
1.08722e-05
1.08904e-05
1.09375e-05
1.09116e-05
1.09507e-05
1.09277e-05
1.0901e-05
1.04096e-05
1.08676e-05
1.05486e-05
1.08821e-05
9.62248e-06
8.23171e-06
1.09377e-05
1.04457e-05
8.21654e-06
1.08991e-05
7.03343e-06
4.94062e-06
1.09317e-05
1.09203e-05
1.06935e-05
3.53434e-06
8.23999e-06
1.09244e-05
1.04918e-05
1.01556e-05
1.08124e-05
1.07393e-05
1.08492e-05
1.09225e-05
1.05153e-05
1.09245e-05
1.08724e-05
1.08683e-05
1.09239e-05
1.09579e-05
1.0937e-05
4.6263e-06
1.07602e-05
1.03773e-05
1.09229e-05
1.05235e-05
1.08286e-05
1.05194e-05
1.08974e-05
1.00123e-05
1.0416e-05
4.68245e-06
1.08228e-05
1.02619e-05
1.10266e-05
1.09232e-05
1.04771e-05
1.07385e-05
1.09343e-05
1.07638e-05
9.74857e-06
1.07884e-05
1.08553e-05
1.04873e-05
5.12677e-06
1.09232e-05
1.08133e-05
1.09232e-05
1.08763e-05
1.09143e-05
1.09274e-05
1.09084e-05
1.08007e-05
3.71923e-06
5.84046e-06
2.8989e-06
1.72918e-06
7.05481e-06
1.06645e-05
9.27302e-06
9.02601e-06
1.03086e-05
1.03887e-05
1.09174e-05
1.0902e-05
1.0022e-05
1.0775e-05
4.53953e-06
4.57484e-06
1.07452e-05
2.14174e-07
2.23769e-07
1.09102e-05
4.99451e-06
1.07872e-05
1.0553e-05
1.09186e-05
1.08348e-05
1.09051e-05
7.64852e-06
1.09169e-05
1.08651e-05
1.08718e-05
5.84989e-06
1.13704e-05
1.09173e-05
1.05992e-05
1.06735e-05
1.08608e-05
1.07652e-05
8.39695e-06
1.04778e-05
1.05338e-05
1.09217e-05
8.2656e-06
8.63975e-06
1.02457e-05
1.08681e-05
1.09197e-05
1.0783e-05
1.04383e-05
1.07142e-05
1.03496e-05
1.09171e-05
1.04143e-05
1.01705e-05
8.64759e-06
3.23938e-07
1.06097e-05
1.09219e-05
8.55867e-06
1.09184e-05
1.05728e-05
1.07655e-05
1.02033e-05
1.04729e-05
1.07396e-05
1.09189e-05
1.07324e-05
8.32451e-06
1.01649e-05
9.57189e-06
1.09128e-05
1.02023e-05
4.97518e-06
1.05092e-05
9.82953e-06
1.03419e-05
1.09167e-05
1.09291e-05
1.02897e-06
9.77838e-07
9.81921e-07
6.2282e-06
1.08493e-05
6.4053e-06
1.09031e-05
4.302e-06
1.10106e-05
1.0434e-05
1.07441e-05
1.07425e-05
1.0854e-05
1.03079e-05
8.6393e-06
1.05015e-05
1.04486e-05
5.74799e-06
1.0762e-05
1.09286e-05
1.09112e-05
1.12492e-05
1.08281e-05
1.09212e-05
6.54924e-06
1.10951e-05
1.07579e-05
1.09291e-05
1.09423e-05
1.07235e-05
5.16716e-06
7.52921e-06
1.02872e-05
1.07244e-05
1.02605e-05
1.07919e-05
9.55255e-06
1.07089e-05
1.07281e-05
1.09285e-05
1.09762e-05
1.05033e-05
9.86386e-06
1.093e-05
1.09175e-05
1.05513e-05
1.09191e-05
7.72616e-06
1.09001e-05
1.08245e-05
1.02304e-05
1.07987e-05
1.03141e-05
1.02626e-05
1.05013e-05
1.09061e-05
1.07226e-05
1.06409e-05
1.09171e-05
1.09284e-05
8.17217e-06
1.09232e-05
8.66108e-06
1.09235e-05
1.07016e-05
1.06106e-05
1.09697e-05
1.05349e-05
1.0931e-05
1.0831e-05
1.07949e-05
1.09236e-05
1.05598e-05
1.04001e-05
1.06554e-05
1.09372e-05
1.03865e-05
1.09215e-05
1.03002e-05
8.29551e-06
1.09244e-05
8.18338e-06
1.10451e-05
1.09268e-05
1.09175e-05
1.08936e-05
1.06222e-05
1.09073e-05
1.09843e-05
1.06302e-05
1.08857e-05
1.7679e-06
1.75387e-06
1.73018e-06
7.67881e-06
1.09173e-05
1.08916e-05
1.04873e-05
1.01201e-05
1.08858e-05
1.04083e-05
1.0959e-05
1.0939e-05
1.13613e-05
1.1456e-05
1.1096e-05
1.09332e-05
1.04836e-05
8.03494e-06
1.09126e-05
1.0498e-05
1.05388e-05
8.649e-06
1.09137e-05
1.09291e-05
1.08736e-05
1.08364e-05
1.08316e-05
1.07105e-05
1.08057e-05
1.09183e-05
1.09011e-05
1.08479e-05
5.85865e-06
7.83821e-06
1.09182e-05
7.78389e-06
7.35744e-06
1.02492e-05
8.00611e-06
1.09301e-05
1.04031e-05
1.07038e-05
1.09148e-05
1.09229e-05
1.08123e-05
1.0708e-05
7.33544e-06
1.09088e-05
1.06785e-05
6.8126e-06
1.08956e-05
1.07751e-05
1.08418e-05
1.08725e-05
1.09136e-05
1.06484e-05
1.0531e-05
1.10235e-05
1.06874e-05
1.06607e-05
4.02721e-06
1.05468e-05
1.08829e-05
1.09247e-05
1.09041e-05
1.04713e-05
1.08185e-05
7.18118e-07
1.10613e-05
1.94412e-06
1.08992e-05
1.08396e-05
1.0893e-05
1.09285e-05
1.09221e-05
1.07504e-05
1.08537e-05
1.03048e-05
1.09099e-05
3.59864e-06
1.3322e-06
3.34007e-06
1.616e-06
2.47665e-06
6.23771e-06
5.97118e-06
2.76052e-06
1.09042e-05
1.08832e-05
1.09087e-05
1.09096e-05
1.09174e-05
6.52937e-06
1.02195e-05
1.0902e-05
1.05241e-05
1.05252e-05
1.0525e-05
6.72717e-06
1.09225e-05
1.06003e-05
1.09362e-05
1.08059e-05
1.08989e-05
1.09526e-05
1.04584e-05
1.08754e-05
1.0669e-05
1.09225e-05
1.07624e-05
9.82839e-06
1.09015e-05
1.09448e-05
1.09283e-05
1.07797e-05
1.09173e-05
1.08711e-05
1.09035e-05
1.09111e-05
1.06339e-05
1.08941e-05
1.07299e-05
4.12872e-06
1.08997e-05
1.09107e-05
1.09045e-05
1.07897e-05
7.15795e-06
1.0571e-05
2.83531e-06
1.07871e-05
1.06415e-05
1.08874e-05
1.09357e-05
1.04498e-06
1.03209e-05
1.09309e-05
1.0905e-05
1.09291e-05
1.01102e-05
1.06244e-05
1.08818e-05
1.08734e-05
1.04013e-05
1.08935e-05
1.05521e-05
1.09234e-05
9.95427e-06
1.09072e-05
1.06747e-05
1.06737e-05
1.08913e-05
1.03597e-05
1.06511e-05
1.04189e-05
1.05965e-05
1.09196e-05
1.06722e-05
1.06139e-05
5.16109e-06
1.09308e-05
1.07566e-05
1.09032e-05
1.08205e-05
1.09221e-05
1.0547e-05
9.82912e-06
3.80535e-06
1.09146e-05
1.09283e-05
8.90705e-06
8.65929e-06
1.09143e-05
1.09103e-05
1.09066e-05
1.09301e-05
1.11178e-05
1.02255e-06
1.0679e-06
1.05499e-06
1.07443e-06
1.3411e-06
1.31603e-06
1.33212e-06
3.59012e-06
1.53754e-06
6.84624e-06
3.62944e-06
3.65518e-06
6.09887e-06
4.98098e-06
4.00257e-06
1.62718e-06
1.08293e-05
1.09695e-05
1.04248e-05
1.02642e-05
1.09256e-05
1.01155e-05
3.30153e-06
2.34571e-06
1.45827e-06
5.83022e-06
2.17871e-06
6.58617e-06
1.07813e-05
6.42561e-06
3.24037e-06
1.69175e-06
1.04389e-05
8.20551e-06
5.04635e-06
1.05922e-05
1.09092e-05
1.09236e-05
7.43127e-06
1.07538e-05
9.24607e-07
9.65372e-07
9.53543e-07
9.7114e-07
1.08722e-05
1.09257e-05
1.04895e-05
1.09378e-05
1.07095e-05
1.08989e-05
1.07084e-05
4.72865e-06
7.94871e-06
5.37319e-06
3.45977e-06
3.48291e-06
3.44006e-06
3.82151e-06
6.36465e-06
3.23176e-06
6.30583e-06
6.90906e-06
2.39932e-06
1.46867e-06
1.23131e-06
1.08921e-05
1.07153e-05
1.03037e-05
1.09182e-05
1.08501e-05
8.62481e-06
1.03864e-05
1.07612e-05
3.45718e-06
5.7574e-06
6.51216e-06
2.52142e-06
2.37419e-06
9.73233e-07
1.09026e-05
1.05252e-05
1.06898e-05
1.09432e-05
1.09338e-05
1.0909e-05
1.09223e-05
1.04076e-05
6.99298e-06
1.08979e-05
7.14242e-06
1.08716e-05
1.06561e-05
1.09004e-05
1.09385e-05
1.06875e-05
1.09355e-05
1.09348e-05
1.0853e-05
1.06057e-05
1.09239e-05
1.03874e-05
1.08055e-05
1.09804e-05
1.09196e-05
1.0878e-05
1.09155e-05
1.09285e-05
1.09267e-05
1.06593e-05
7.39088e-06
1.04139e-05
1.09039e-05
1.03695e-05
1.04286e-05
1.09254e-05
1.06319e-05
1.07867e-05
7.50838e-06
9.50143e-06
1.08465e-05
1.08594e-05
1.07029e-05
1.09203e-05
1.07048e-05
1.09121e-05
1.092e-05
1.09182e-05
1.06605e-05
1.07438e-05
1.01782e-05
6.98159e-07
7.21137e-07
7.31833e-07
7.29429e-07
1.0497e-05
1.089e-05
1.07625e-05
1.67233e-06
1.08958e-05
8.12139e-06
1.09154e-05
1.09353e-05
1.06388e-05
1.09262e-05
1.09247e-05
1.06795e-05
1.09093e-05
2.95308e-06
1.06884e-05
1.09166e-05
1.09269e-05
1.03108e-05
1.05655e-05
1.09287e-05
1.07822e-05
1.03894e-05
1.09121e-05
1.0928e-05
1.0639e-05
1.08851e-05
1.0934e-05
1.09139e-05
1.04182e-05
1.08978e-05
1.09254e-05
1.09104e-05
1.03763e-05
1.08099e-05
1.07168e-05
1.0503e-05
1.55607e-06
1.53468e-06
1.56674e-06
7.72192e-06
1.09215e-05
1.09215e-05
1.09122e-05
1.09117e-05
1.10072e-05
1.09048e-05
1.01967e-05
1.07373e-05
1.09044e-05
1.09335e-05
1.09298e-05
1.09094e-05
1.09164e-05
8.09436e-06
1.09272e-05
1.0417e-05
1.09362e-05
1.04631e-05
9.98784e-06
1.09243e-05
1.07794e-05
1.06104e-05
1.09347e-05
1.08589e-05
1.09209e-05
1.05344e-05
1.09263e-05
8.61648e-06
1.08864e-05
1.09249e-05
1.09287e-05
1.09242e-05
1.0928e-05
1.08657e-05
1.09133e-05
1.06074e-05
1.09389e-05
1.09141e-05
1.09181e-05
1.07735e-05
1.08924e-05
1.09201e-05
1.09364e-05
1.05937e-05
1.02299e-05
1.06666e-05
1.0685e-05
1.09105e-05
1.09105e-05
1.08979e-05
1.08901e-05
1.08631e-05
1.88059e-07
1.32393e-07
1.89857e-07
1.95117e-07
1.94927e-07
1.09228e-05
1.0926e-05
1.09091e-05
1.09641e-05
1.09067e-05
1.09103e-05
1.09286e-05
1.06552e-05
1.08205e-05
1.0916e-05
1.09279e-05
1.09147e-05
1.10041e-05
1.08943e-05
1.0609e-05
1.08436e-05
1.09183e-05
1.09496e-05
7.638e-06
1.09116e-05
1.08892e-05
1.09172e-05
8.24157e-06
1.0885e-05
1.09341e-05
9.48866e-06
1.0559e-05
9.98149e-06
1.0629e-05
9.99752e-06
1.05865e-05
1.09691e-05
1.09207e-05
1.07277e-05
1.09109e-05
1.07478e-05
9.17728e-06
1.08436e-05
1.08498e-05
1.09216e-05
1.03407e-05
1.09537e-05
1.09059e-05
1.09312e-05
1.03198e-05
1.06123e-05
1.08872e-05
1.04638e-05
1.09325e-05
1.07604e-05
1.10406e-05
1.08205e-05
8.24753e-06
1.09213e-05
1.07291e-05
1.0485e-05
1.03672e-05
1.08986e-05
1.01166e-05
1.09092e-05
1.1079e-05
1.06593e-05
1.09083e-05
1.093e-05
6.88891e-06
1.09219e-05
1.07799e-05
1.09367e-05
1.09296e-05
1.07867e-05
8.47967e-06
1.09577e-05
1.09221e-05
1.09085e-05
1.09196e-05
1.08946e-05
8.35818e-06
1.09061e-05
1.09133e-05
1.09196e-05
7.77547e-06
1.09112e-05
1.09228e-05
1.09223e-05
1.09233e-05
1.10068e-05
1.07737e-05
1.09214e-05
1.09059e-05
1.09383e-05
8.38573e-06
1.10683e-05
1.08905e-05
1.0923e-05
1.06663e-05
1.05917e-05
1.09123e-05
1.10597e-05
1.01753e-05
1.06088e-05
7.27654e-06
8.15346e-06
1.09158e-05
1.09139e-05
5.47103e-07
1.09021e-05
7.73436e-06
1.09241e-05
1.09299e-05
7.27324e-06
6.81762e-06
6.26835e-06
6.39238e-06
7.20063e-06
6.21472e-06
5.24381e-06
4.1096e-06
7.16025e-06
2.69765e-06
2.215e-06
2.54678e-06
3.26985e-06
3.29386e-06
7.46543e-06
3.72496e-06
2.7106e-06
5.96926e-06
6.84088e-06
3.60188e-06
5.18884e-06
4.32016e-06
4.33389e-06
7.94849e-06
6.84106e-06
2.46843e-06
6.77375e-06
4.0475e-06
5.63656e-06
2.24459e-06
5.736e-06
5.07216e-06
1.66712e-06
4.0442e-06
5.65207e-06
5.75355e-06
2.19339e-06
7.42292e-06
2.0887e-06
5.75503e-06
2.25682e-06
2.2622e-06
6.03061e-06
6.37323e-06
2.27927e-06
3.12587e-06
3.14918e-06
6.7587e-06
5.2893e-06
6.88735e-06
5.79051e-06
7.17585e-06
3.22352e-06
5.2752e-06
2.86954e-06
1.70826e-06
5.42721e-06
4.72388e-06
6.20801e-06
3.15389e-06
2.8521e-06
7.66142e-06
5.20819e-06
3.49349e-06
3.97476e-06
3.24682e-06
6.9398e-06
1.54117e-06
2.82988e-06
2.05131e-06
4.2026e-06
5.27215e-06
4.49769e-06
7.11497e-06
4.25835e-06
8.03438e-06
9.65574e-07
4.29376e-06
7.59069e-06
4.50722e-06
2.31946e-06
2.2747e-06
2.29097e-06
7.56033e-06
7.05579e-06
3.25498e-06
7.16356e-06
2.52845e-06
7.7911e-06
3.37567e-06
3.47607e-06
2.91888e-06
2.11213e-06
2.57359e-06
2.12925e-06
3.4408e-06
2.57518e-06
5.6556e-06
2.27989e-06
1.29838e-06
3.0907e-06
6.44445e-06
7.32722e-06
2.95613e-06
1.07898e-06
2.90132e-06
6.54281e-06
5.61825e-06
6.01605e-06
3.72196e-06
4.55436e-06
5.89252e-06
1.47138e-06
3.28073e-06
3.82669e-06
4.10197e-06
5.78118e-06
2.60355e-06
3.66467e-06
1.83626e-06
2.08516e-06
6.00059e-06
3.97269e-06
1.82904e-06
1.17395e-06
6.44225e-06
5.87747e-06
5.85234e-06
1.3749e-06
4.28705e-06
1.56683e-06
6.14456e-06
3.39152e-06
6.93134e-06
1.35143e-06
6.09064e-06
2.57841e-06
6.32115e-06
5.48793e-06
6.51888e-06
5.39914e-06
5.87673e-06
5.74403e-06
2.26141e-06
4.44804e-06
3.07847e-06
7.53826e-06
2.05751e-06
5.91383e-06
2.32787e-06
5.7314e-06
4.36992e-06
2.65044e-06
5.41741e-06
2.35657e-06
4.54467e-06
4.0989e-06
4.10926e-06
5.32133e-06
3.8644e-06
3.1862e-06
1.65121e-06
2.86132e-06
5.40412e-06
6.69262e-06
4.25047e-06
3.95019e-06
5.83316e-06
1.47842e-06
5.49603e-06
2.63113e-06
7.91549e-06
6.09827e-06
9.12667e-06
1.06046e-05
1.20562e-06
6.45377e-06
3.09734e-06
5.53871e-06
6.10103e-06
1.09661e-05
7.25637e-06
5.93771e-06
1.96633e-06
3.2957e-06
4.49492e-06
8.32709e-06
8.88764e-06
6.88106e-06
3.12027e-06
2.98085e-06
4.50951e-06
1.7828e-06
2.9374e-06
2.96917e-06
3.27829e-06
2.84503e-06
6.59422e-06
6.64116e-06
8.36902e-06
7.27025e-06
1.36032e-06
7.31266e-06
2.01771e-06
6.85074e-06
4.90603e-06
6.39744e-06
5.91195e-06
6.44666e-06
1.98721e-06
2.68091e-06
2.61247e-06
3.53998e-06
6.99874e-06
2.91512e-06
1.9623e-06
8.51383e-06
5.60237e-06
3.99062e-06
2.03391e-06
2.02165e-06
4.06072e-06
4.03599e-06
2.907e-06
2.36148e-06
6.99903e-06
5.46827e-06
7.90065e-06
1.79715e-06
4.0322e-06
2.13011e-06
3.83524e-06
2.2401e-06
7.95516e-06
3.88761e-06
3.3383e-06
5.71049e-06
4.18369e-06
6.06213e-06
2.49587e-06
1.18765e-06
1.27229e-06
4.35839e-06
6.85466e-06
5.35438e-06
5.99025e-06
2.48893e-06
6.01627e-06
5.55171e-06
4.09659e-06
3.45443e-06
5.73083e-06
5.45143e-06
3.97481e-06
1.46362e-06
3.09381e-06
5.56466e-06
2.88931e-06
4.23482e-06
1.873e-06
3.05721e-06
6.54428e-06
5.18093e-06
6.42777e-06
2.77612e-06
1.14589e-06
2.50591e-06
4.3009e-06
8.19273e-06
2.05753e-06
2.71154e-06
5.39617e-06
3.12787e-06
6.09501e-06
3.33754e-06
5.28637e-06
2.65633e-06
7.37705e-06
1.39789e-06
2.48153e-06
3.49754e-06
6.09114e-06
4.1377e-06
2.69617e-06
2.67734e-06
3.05333e-06
7.55612e-06
3.60298e-06
2.9432e-06
5.76858e-06
4.17347e-06
4.19121e-06
5.98008e-06
5.66399e-07
1.96421e-06
2.51111e-06
2.51959e-06
2.48597e-06
1.92481e-06
2.86842e-06
4.21354e-06
6.07946e-06
4.55287e-06
5.4298e-06
5.36157e-06
7.33078e-06
4.47156e-06
2.53984e-06
5.30133e-06
5.32502e-06
2.33558e-06
5.49395e-06
2.95278e-06
2.35129e-06
5.37976e-06
1.08871e-05
4.10116e-06
9.56213e-06
5.85849e-06
5.83294e-06
5.93525e-06
4.95773e-06
6.35586e-06
7.3769e-06
4.3637e-06
4.33007e-06
6.28142e-06
1.09336e-05
1.09054e-05
1.0837e-05
8.71361e-06
1.09842e-05
1.09037e-05
1.09257e-05
1.09266e-05
1.0917e-05
1.0897e-05
8.71812e-06
1.092e-05
1.09379e-05
1.08551e-05
1.08884e-05
1.08086e-05
1.0344e-05
1.09618e-05
1.09146e-05
1.09142e-05
1.0935e-05
8.45819e-06
1.09224e-05
1.09232e-05
1.09152e-05
1.09237e-05
1.05931e-05
1.07658e-05
1.09052e-05
1.09014e-05
1.10401e-05
1.10002e-05
1.09114e-05
1.09092e-05
1.09241e-05
1.0423e-05
6.90743e-07
1.0906e-05
1.07814e-05
1.09204e-05
1.09192e-05
1.0515e-05
1.08991e-05
1.10373e-05
1.09213e-05
1.09088e-05
1.09244e-05
6.86303e-06
1.04202e-05
1.08367e-05
1.06803e-05
1.09872e-05
1.09111e-05
1.0931e-05
1.07993e-05
1.09288e-05
1.09206e-05
1.05966e-05
1.09036e-05
1.0885e-05
1.08929e-05
1.05247e-05
1.0928e-05
1.09319e-05
6.15914e-06
8.64076e-06
1.05966e-05
1.07129e-05
1.09061e-05
1.0881e-05
1.10413e-05
9.83901e-06
1.09213e-05
1.10209e-05
1.05117e-05
1.08814e-05
1.09179e-05
1.08528e-05
1.09216e-05
1.09317e-05
1.00212e-05
7.38829e-06
6.57327e-06
1.09321e-05
1.09083e-05
1.08172e-05
1.04115e-05
1.08023e-05
1.09201e-05
1.01327e-05
6.79646e-07
1.08724e-05
1.09278e-05
1.10115e-05
1.07847e-05
1.02329e-05
1.09971e-05
1.09131e-05
1.08958e-05
1.07753e-05
1.07e-05
1.09204e-05
1.08966e-05
1.08357e-05
1.09209e-05
9.48026e-06
1.09012e-05
6.95022e-07
1.09153e-05
1.09243e-05
1.09581e-05
8.30327e-06
1.0911e-05
1.0847e-05
9.07177e-06
1.09196e-05
1.03437e-05
1.07384e-05
1.08979e-05
1.09004e-05
1.02965e-05
1.09428e-05
1.08856e-05
1.09102e-05
1.09273e-05
1.02606e-05
1.09076e-05
1.04659e-05
1.10118e-05
1.09321e-05
1.09041e-05
1.09109e-05
1.09247e-05
1.09391e-05
4.92229e-07
5.25481e-07
8.99905e-06
1.08752e-05
1.09175e-05
3.08124e-06
1.08511e-05
1.06937e-05
1.09229e-05
1.09314e-05
1.09278e-05
1.09346e-05
1.06907e-05
8.91334e-06
1.03812e-05
1.10151e-05
1.04738e-05
1.08982e-05
1.08184e-05
1.09002e-05
1.0784e-05
1.06893e-05
1.09377e-05
1.05057e-05
1.03979e-05
1.09074e-05
1.10083e-05
1.10358e-05
7.34111e-06
1.76556e-06
1.78262e-06
1.79312e-06
1.09215e-05
1.09048e-05
1.05418e-05
9.10085e-06
1.05516e-05
1.09196e-05
9.48756e-06
1.08626e-05
1.05803e-05
1.0876e-05
1.06198e-05
1.06318e-05
1.06125e-05
1.06416e-05
1.05311e-05
1.04941e-05
8.79726e-06
1.06579e-05
1.07977e-05
1.04756e-05
1.09098e-05
1.07139e-05
1.09078e-05
1.04656e-05
1.07332e-05
1.08799e-05
1.09384e-05
1.04414e-05
1.07614e-05
1.03848e-05
1.08871e-05
1.07629e-05
1.07681e-05
1.07117e-05
1.0876e-05
1.08934e-05
9.45493e-07
1.06377e-05
1.04584e-05
1.09377e-05
1.0865e-05
6.17225e-06
1.09056e-05
1.09179e-05
1.09224e-05
1.02036e-05
1.0906e-05
1.06286e-05
1.08841e-05
1.02043e-05
1.02848e-05
1.09117e-05
8.60851e-06
1.03803e-05
1.08635e-05
1.06889e-05
1.04677e-05
1.04396e-05
1.08465e-05
1.06123e-05
1.09223e-05
1.09272e-05
1.0755e-05
1.05883e-05
1.06761e-05
4.30068e-07
1.09139e-05
1.04737e-05
5.66278e-07
5.71887e-07
5.71929e-07
5.49588e-07
1.05122e-05
1.08639e-05
9.20364e-06
7.86199e-06
1.08595e-05
1.03392e-05
1.14638e-07
2.13681e-07
1.77383e-07
1.04555e-05
1.07237e-05
4.59158e-06
5.11764e-06
5.08655e-06
1.04618e-05
4.07137e-06
4.11985e-07
5.43504e-07
1.0754e-05
1.09569e-05
1.09134e-05
1.02408e-05
1.09291e-05
8.3862e-06
9.48669e-06
1.03843e-05
1.05788e-05
1.08578e-05
1.0725e-05
1.09574e-05
1.08769e-05
4.79438e-06
9.03813e-06
1.06335e-05
1.02864e-05
7.37082e-06
1.09205e-05
2.9076e-07
9.97373e-06
2.10356e-06
3.08349e-06
1.0812e-05
9.11724e-07
1.08153e-05
3.12243e-06
1.08094e-05
6.46853e-06
7.31442e-06
1.06228e-05
1.05168e-05
5.90778e-06
3.92747e-06
3.90006e-06
1.83866e-06
3.85624e-06
6.56478e-06
9.89602e-06
1.27989e-06
1.03102e-05
1.09142e-05
6.01e-07
5.33912e-06
1.09471e-05
1.08939e-05
1.08213e-05
1.08704e-05
1.0644e-05
1.0457e-05
1.09038e-05
1.06972e-05
1.08947e-05
1.08725e-05
1.09126e-05
1.04815e-05
1.0867e-05
1.09331e-05
1.05745e-05
1.04283e-05
1.07627e-05
6.58734e-06
1.0844e-05
1.02818e-05
1.09319e-05
1.09278e-05
1.09549e-05
1.03837e-05
1.0851e-05
1.08227e-05
1.07855e-05
1.0631e-05
1.07375e-05
9.39556e-06
1.07462e-05
1.06088e-05
1.08938e-05
1.05922e-05
1.07208e-05
1.02652e-05
1.02713e-05
1.08639e-05
1.09199e-05
1.09214e-05
1.06637e-05
1.07098e-05
1.04584e-05
1.06708e-05
8.38665e-06
1.0861e-05
1.05838e-05
1.06979e-05
1.07889e-05
1.02811e-05
1.09341e-05
1.08745e-05
7.91439e-06
8.79095e-06
1.0935e-05
1.09489e-05
7.77167e-06
4.79393e-06
4.66496e-06
4.62672e-06
4.4887e-06
1.03474e-05
1.06369e-05
1.04523e-05
1.09135e-05
9.3075e-06
1.08254e-05
1.06058e-05
1.07626e-05
1.07075e-05
1.07574e-05
1.09338e-05
1.04121e-05
6.90078e-06
1.06335e-05
1.05914e-05
1.01443e-05
1.09247e-05
1.05758e-05
1.08538e-05
1.05757e-05
7.93474e-06
1.05762e-05
1.07027e-05
1.12476e-05
1.10215e-05
1.07354e-05
1.06797e-05
1.06632e-05
1.07508e-05
1.09331e-05
1.08945e-05
1.07682e-05
1.04531e-05
1.0901e-05
1.09041e-05
8.11213e-06
1.08167e-05
1.02887e-05
1.08844e-05
1.07202e-05
1.04591e-05
9.13478e-06
1.07838e-05
1.10438e-05
1.08219e-05
1.08401e-05
1.07141e-05
1.04167e-05
7.62139e-06
1.06987e-05
1.10375e-05
1.0896e-05
9.01621e-06
1.06709e-05
1.09301e-05
1.0683e-05
1.09037e-05
1.08254e-05
1.06132e-05
1.08825e-05
8.41982e-06
1.09257e-05
1.10566e-05
1.04788e-05
1.07013e-05
1.0833e-05
7.95948e-06
8.32729e-06
6.09334e-06
1.09036e-05
7.54682e-06
1.06996e-05
7.89452e-06
1.00706e-05
1.01479e-05
5.06013e-06
1.08974e-05
1.1077e-05
1.00203e-05
7.44486e-06
1.04685e-05
7.0314e-06
6.56415e-06
1.08849e-05
1.09093e-05
1.04018e-05
9.28086e-06
1.07649e-05
1.08957e-05
1.08155e-05
1.08594e-05
9.02078e-06
8.2982e-06
1.04064e-05
1.07662e-05
1.05014e-05
1.04126e-05
8.87104e-06
7.23179e-06
1.04058e-05
3.84135e-06
1.02825e-05
1.10716e-05
8.67455e-06
1.10665e-05
-2.03833e-07
-4.29709e-08
-4.96555e-08
1.0447e-05
1.07739e-05
9.49519e-07
1.06438e-05
8.84245e-06
1.06627e-05
1.01964e-05
1.05026e-05
1.0932e-05
1.02988e-05
1.01977e-05
1.05533e-05
1.07459e-05
1.06613e-05
1.09144e-05
1.08369e-05
1.06074e-05
1.07309e-05
1.06938e-05
1.08751e-05
6.48623e-06
9.39798e-06
1.06783e-05
7.67024e-06
1.043e-05
1.07448e-05
1.09197e-05
1.0514e-05
1.09375e-05
7.40247e-06
1.08949e-05
1.08495e-05
1.09056e-05
1.09219e-05
9.69895e-06
1.07285e-05
1.0727e-05
1.08099e-05
5.0029e-06
1.08864e-05
1.09334e-05
1.09379e-05
1.09328e-05
1.08446e-05
6.31668e-06
1.05157e-05
1.08423e-05
9.76814e-06
1.0776e-05
1.08839e-05
1.06649e-05
1.04203e-05
1.08863e-05
1.07968e-05
1.00463e-05
1.06651e-05
1.05575e-05
1.09219e-05
1.04738e-05
8.7337e-07
1.0441e-05
1.09156e-05
1.09026e-05
1.07287e-05
1.05703e-05
9.62372e-06
1.08751e-05
1.09216e-05
2.79761e-07
2.70839e-07
2.75403e-07
3.04579e-07
2.62936e-07
1.09219e-05
1.08504e-05
1.09776e-05
1.05774e-05
3.11825e-08
5.52615e-08
1.07415e-05
9.67838e-06
1.08536e-05
7.30632e-06
4.4488e-06
1.0885e-05
1.08946e-05
1.07616e-05
9.53075e-06
1.08779e-05
9.27544e-07
9.68891e-07
1.03381e-06
9.54935e-07
9.8035e-07
1.03383e-05
1.09324e-05
1.09468e-05
1.09329e-05
1.07747e-05
1.09245e-05
1.01619e-05
1.09178e-05
1.03343e-05
1.05778e-05
9.61734e-06
9.54746e-06
1.04346e-05
1.07221e-05
1.04169e-05
1.08986e-05
1.0221e-05
1.03062e-05
1.05311e-05
5.5774e-06
1.05778e-05
1.08654e-05
1.08938e-05
1.05508e-05
1.13653e-05
1.08327e-05
1.09658e-05
8.53633e-06
1.10521e-05
1.10147e-05
9.24193e-06
1.09045e-05
1.09386e-05
8.43772e-06
1.0428e-05
1.06068e-05
1.07915e-05
5.38035e-06
1.09155e-05
1.04054e-05
1.04369e-05
1.04027e-05
1.09191e-05
1.09732e-05
1.0918e-05
7.9763e-06
1.06367e-05
8.10097e-06
1.09314e-05
1.09889e-05
1.02092e-05
1.08184e-05
1.05107e-05
9.2723e-06
1.09377e-05
4.914e-06
4.67405e-06
1.06657e-05
7.33417e-06
1.07262e-05
8.72209e-06
9.75209e-06
1.08664e-05
1.01917e-05
1.1113e-05
1.09265e-05
1.09008e-05
1.08782e-05
1.09307e-05
1.08092e-05
1.08885e-05
1.05354e-05
1.07216e-05
1.06274e-05
1.08948e-05
5.00678e-06
1.07645e-05
1.04953e-05
1.09426e-05
1.08232e-05
1.07356e-05
1.01885e-05
1.04859e-05
4.55457e-06
4.22765e-06
4.43279e-06
4.46478e-06
5.09301e-06
1.09134e-05
1.09144e-05
5.76592e-07
9.28622e-06
1.09136e-05
1.02271e-05
1.09303e-05
1.00433e-05
1.02114e-05
1.09361e-05
1.09128e-05
1.09383e-05
8.93116e-07
1.12568e-05
1.10176e-05
1.10034e-05
1.04823e-05
6.41881e-06
6.46855e-07
6.63443e-07
6.5642e-07
6.27086e-07
1.03435e-05
1.0488e-05
5.1987e-06
1.06777e-05
1.09428e-05
1.05114e-05
8.81038e-06
1.10824e-05
1.03341e-05
1.04084e-05
1.00582e-05
1.05002e-05
1.04599e-05
1.02311e-05
6.58562e-06
1.09211e-05
1.09302e-05
5.07872e-06
4.54079e-06
4.49843e-06
1.08697e-05
1.09786e-05
8.7475e-06
3.26382e-06
1.06076e-05
1.06136e-05
8.77513e-06
8.2822e-06
1.0608e-05
1.08906e-05
1.09165e-05
1.09688e-05
1.2626e-06
1.09324e-05
1.09007e-05
2.86634e-07
2.97911e-07
1.09276e-05
1.11464e-05
1.11775e-05
8.65553e-06
1.0556e-05
1.07792e-05
1.02369e-05
1.08545e-05
3.15795e-07
3.22481e-07
3.19622e-07
3.08029e-07
3.31966e-07
1.03714e-05
1.0429e-05
4.32923e-06
5.42698e-06
1.10047e-05
1.01645e-05
1.09107e-05
6.91451e-07
1.08929e-05
4.26896e-06
9.05471e-06
1.04841e-05
1.06365e-05
1.05052e-05
7.51356e-06
6.5032e-06
1.0933e-05
1.09321e-05
1.0888e-05
1.05785e-05
3.7546e-07
1.09097e-05
1.09226e-05
1.09962e-05
1.09145e-05
1.0571e-05
1.05424e-05
1.261e-06
1.04226e-05
1.05409e-05
1.08346e-05
1.07583e-05
1.04551e-05
1.08702e-05
1.07388e-05
1.02063e-05
1.02397e-05
7.32881e-08
6.71408e-08
1.11116e-05
1.02536e-05
1.0828e-05
1.09433e-05
1.09107e-05
9.26924e-06
1.08076e-05
1.03246e-05
1.02578e-05
3.95563e-07
4.01563e-07
4.06607e-07
4.3179e-07
3.84141e-07
1.09149e-05
1.07427e-05
1.09233e-05
1.08415e-05
1.09295e-05
1.07758e-05
8.72691e-06
1.09213e-05
8.86425e-06
1.09336e-05
1.02869e-05
6.82351e-06
1.0869e-05
1.06513e-05
1.07687e-05
1.04648e-05
1.04228e-05
1.0529e-05
1.0764e-05
1.055e-05
9.70376e-06
1.01027e-05
1.05587e-05
1.07678e-05
1.02603e-05
9.63235e-06
1.03922e-05
8.11992e-06
1.09159e-05
1.07944e-05
1.0918e-05
1.07902e-05
1.09044e-05
8.27498e-06
7.05528e-06
1.08729e-05
1.04386e-05
1.06259e-05
1.07987e-05
8.32851e-06
1.06872e-05
1.0508e-05
1.11236e-05
8.4835e-06
1.08795e-05
1.04462e-05
1.09198e-05
1.05787e-05
9.82467e-07
8.63216e-06
9.13329e-07
9.64247e-07
9.56184e-07
9.43064e-07
8.26754e-06
8.49332e-06
7.42409e-06
1.08518e-05
7.8731e-06
3.82766e-07
4.02965e-07
8.26773e-06
1.09367e-05
1.01141e-05
1.09154e-05
1.07434e-05
1.02314e-05
1.09023e-05
8.36718e-06
8.93147e-07
7.92176e-06
1.06022e-05
1.08967e-05
1.03464e-05
7.96177e-06
7.97857e-06
7.52552e-06
1.07093e-05
7.53315e-06
1.43534e-06
1.05298e-05
1.05197e-05
6.27019e-07
6.11402e-07
6.57784e-07
4.6821e-06
7.29449e-06
8.31169e-06
1.045e-05
1.09343e-05
1.0373e-05
4.03834e-07
3.87559e-07
8.43633e-06
1.03493e-05
1.09397e-05
1.09288e-05
1.09106e-05
7.79688e-06
1.05122e-05
1.05904e-05
1.01611e-05
1.09455e-05
9.05609e-06
5.97348e-06
5.98843e-06
8.66658e-06
9.4666e-06
9.00785e-06
1.09212e-05
1.04399e-05
6.75596e-06
1.0981e-06
1.0903e-05
9.23068e-06
1.09194e-05
8.4328e-06
1.08148e-05
8.74323e-06
1.08948e-05
1.08097e-05
6.05381e-06
1.04475e-05
1.06319e-05
1.09304e-05
8.0995e-06
1.09307e-05
1.0391e-05
3.53731e-06
1.07245e-05
8.40122e-06
1.0916e-05
1.63746e-06
1.05437e-05
1.38105e-06
8.03754e-06
1.02039e-05
1.04833e-05
8.63452e-06
7.57165e-06
7.06333e-06
1.09154e-05
7.54132e-06
7.95514e-06
8.00361e-06
8.34629e-06
8.47411e-06
3.01844e-06
9.68803e-06
7.02805e-06
9.89136e-06
1.0413e-05
1.08597e-05
1.03364e-05
1.08997e-05
7.52317e-06
1.02827e-05
8.58795e-06
1.09106e-05
1.03785e-05
1.07916e-05
1.05044e-05
1.10229e-05
1.0933e-05
1.1136e-05
1.04798e-06
6.18812e-06
6.40186e-06
8.30512e-06
7.68635e-06
1.0751e-05
1.08462e-05
1.07988e-06
1.22872e-06
9.99413e-06
1.05335e-05
1.03817e-05
1.08269e-05
8.34615e-06
1.05552e-05
7.99793e-06
5.03467e-06
1.0932e-05
1.23264e-06
1.07292e-05
6.52828e-06
1.09235e-05
9.94641e-06
1.04964e-05
1.0917e-05
1.08892e-05
1.10537e-05
1.09024e-05
9.86148e-06
1.10899e-05
1.08193e-05
1.33025e-06
1.50611e-06
1.11398e-05
5.337e-06
1.24987e-06
2.21324e-06
6.3628e-06
6.95796e-06
3.40689e-06
3.38721e-06
6.35901e-06
2.99996e-06
3.35719e-06
3.68614e-06
2.04157e-06
2.27085e-06
6.58439e-06
3.26467e-06
5.80717e-06
1.13137e-05
1.02344e-05
1.0789e-05
8.09528e-06
1.09265e-05
1.05484e-05
1.09287e-05
8.451e-06
7.9456e-06
1.05796e-05
7.50986e-06
4.93029e-06
7.58746e-06
7.53324e-06
7.05303e-06
1.08761e-05
1.08985e-05
7.11593e-06
8.56477e-06
1.08838e-05
8.02033e-06
1.09331e-05
7.98876e-06
8.4578e-06
9.55021e-06
8.61277e-06
1.08862e-05
8.1804e-06
1.06531e-05
1.09001e-05
1.09228e-05
8.41329e-06
1.09163e-05
1.01455e-05
1.08922e-05
6.60239e-06
9.01935e-06
1.09368e-05
9.42778e-06
5.42919e-06
1.06935e-05
1.038e-05
1.09193e-05
1.04667e-05
8.44992e-06
1.09439e-05
1.03738e-05
1.08808e-05
1.09128e-05
1.09735e-05
1.08328e-05
1.07141e-05
1.09352e-05
8.90273e-06
1.10625e-05
1.07542e-05
1.04487e-05
9.30596e-06
1.02656e-05
1.04817e-05
9.18658e-06
1.02753e-05
1.96722e-06
1.01602e-05
1.17715e-06
1.74083e-06
6.67885e-06
6.08309e-06
3.78398e-06
3.8313e-06
3.85838e-06
9.21905e-06
6.26121e-06
7.30471e-06
1.24369e-06
2.59956e-06
2.76551e-06
3.72611e-06
6.27383e-06
5.52548e-06
1.09997e-05
1.09377e-05
1.08956e-05
1.10401e-05
1.11674e-05
3.51081e-06
4.69177e-06
1.09166e-05
9.97686e-06
4.0791e-06
1.52043e-06
2.65442e-06
6.07242e-06
3.50779e-06
1.21859e-06
1.24131e-06
1.23429e-06
4.20805e-06
1.0947e-05
1.52316e-06
4.19678e-07
1.48057e-06
4.84733e-07
7.79984e-06
4.84696e-07
1.4066e-06
4.88593e-07
1.44636e-06
1.46728e-06
4.68245e-07
1.77328e-06
7.58885e-07
2.37613e-06
2.12205e-06
2.2993e-06
3.16122e-06
8.24011e-06
6.902e-06
3.11387e-06
6.44017e-06
3.00799e-06
7.24541e-06
7.11713e-06
2.26012e-06
3.88926e-06
6.03867e-06
2.06778e-06
5.83387e-06
3.93786e-06
7.0841e-06
5.95566e-06
5.29361e-06
4.02069e-06
2.64141e-06
2.80306e-06
2.66128e-06
2.78353e-06
4.09391e-06
4.43766e-06
4.48393e-06
5.75676e-06
4.67802e-06
5.25111e-06
4.81628e-06
4.19414e-06
4.15606e-06
5.43946e-06
1.06277e-05
1.09478e-05
1.09233e-05
1.06972e-05
1.05963e-05
1.86511e-06
1.0854e-05
8.04768e-06
6.04952e-07
1.11249e-05
1.08605e-05
1.08865e-05
1.09392e-05
1.09958e-05
1.09182e-05
1.04763e-05
1.06171e-05
4.74845e-06
4.49738e-06
1.08689e-05
1.0911e-05
1.0915e-05
8.6869e-06
4.36889e-07
4.39387e-07
4.31655e-07
4.18841e-07
1.07032e-05
4.40098e-07
1.09182e-05
1.05859e-05
1.08372e-05
1.09068e-05
9.68944e-06
1.05142e-05
1.04719e-05
1.04636e-05
6.55921e-06
1.04091e-05
1.0529e-05
1.04861e-05
1.07161e-05
8.8919e-06
1.04773e-05
9.07101e-06
1.09022e-05
8.76539e-06
5.00046e-06
1.09295e-05
1.0348e-05
1.09196e-05
1.09405e-05
4.98778e-06
1.04846e-05
1.09306e-05
1.09035e-05
1.16928e-05
1.00163e-05
1.09296e-05
1.09033e-05
1.0457e-05
1.09107e-05
1.08623e-05
1.04532e-05
1.08508e-05
1.08256e-05
1.09297e-05
1.0916e-05
1.08443e-05
1.08067e-05
1.08759e-05
1.12609e-05
1.10795e-05
1.02596e-05
1.09136e-05
1.09282e-05
1.09244e-05
1.04388e-05
1.09012e-05
1.09385e-05
1.09027e-05
9.28266e-06
1.0566e-05
1.00888e-05
1.05367e-05
1.05766e-05
1.02367e-05
1.04928e-05
1.03627e-05
1.07559e-05
8.94863e-06
4.38505e-07
1.0779e-05
1.05473e-05
4.86372e-07
1.05451e-05
1.02908e-05
8.76051e-06
1.02248e-05
1.09214e-05
1.01031e-05
1.09855e-05
1.06119e-05
1.11374e-05
1.04351e-05
1.08883e-05
1.09122e-05
1.04588e-05
1.11273e-05
1.06842e-05
1.05394e-05
1.0918e-05
1.03532e-05
1.03673e-05
1.03143e-05
1.10058e-05
1.0144e-05
1.06666e-05
1.03976e-05
1.04511e-05
1.06226e-05
1.09301e-05
1.09383e-05
1.00221e-05
9.65113e-06
1.06503e-05
-1.3377e-07
-6.31302e-08
-8.09057e-08
1.07139e-05
1.04997e-05
1.09227e-05
1.05368e-05
9.15663e-06
1.08921e-05
1.05974e-05
1.0808e-05
1.08573e-05
9.18684e-08
1.10796e-07
1.06249e-07
1.06863e-07
9.42175e-08
9.58977e-08
9.7869e-08
1.01498e-07
1.30496e-07
1.16449e-07
1.09243e-05
9.95502e-06
1.06793e-05
1.09597e-05
9.76168e-06
9.85466e-06
1.08815e-05
1.07692e-05
1.05507e-05
8.50125e-06
1.09144e-05
1.04911e-05
1.09126e-05
1.03007e-05
1.06076e-05
1.04752e-05
1.02606e-05
1.0898e-05
1.08983e-05
1.04711e-05
1.09073e-05
1.07321e-05
1.06187e-05
1.03939e-05
1.06611e-05
1.03202e-05
1.03551e-05
1.09169e-05
1.0847e-05
8.16282e-08
9.73686e-08
9.97471e-08
9.53183e-08
7.79077e-08
9.61303e-08
1.16321e-07
9.24592e-08
8.57764e-06
1.09259e-05
1.02846e-05
1.04499e-05
1.06645e-05
9.83758e-06
1.08696e-05
1.04481e-05
1.04444e-05
1.05199e-05
1.09311e-05
1.08957e-05
1.069e-05
1.05556e-05
9.58593e-06
1.0756e-05
1.0805e-05
1.06898e-05
1.08294e-05
1.08184e-05
1.01742e-07
1.12724e-07
1.02616e-05
1.04374e-05
1.25421e-07
1.26536e-07
1.23814e-07
5.6818e-08
6.33015e-08
3.37723e-08
1.28816e-07
1.20489e-07
1.09269e-05
1.07173e-05
1.06322e-05
1.09395e-05
1.09079e-05
1.04134e-05
1.06139e-05
1.0837e-05
1.08059e-05
1.05804e-05
1.00141e-05
1.08979e-05
1.08874e-05
1.09165e-05
9.65876e-06
1.07508e-05
1.06832e-05
9.95908e-06
1.07247e-05
1.0688e-05
1.0846e-05
1.08984e-05
9.87928e-06
1.0909e-05
9.44868e-06
1.08974e-05
1.0909e-05
1.0548e-05
9.71542e-06
9.4069e-06
1.03986e-05
1.06394e-05
1.07102e-05
1.05946e-05
1.09664e-05
1.09045e-05
1.09071e-05
1.09014e-05
1.09135e-05
1.0942e-05
1.09984e-05
1.09086e-05
9.65181e-06
1.10611e-05
1.03826e-05
1.0957e-05
1.0924e-05
9.36059e-06
1.08699e-05
1.06711e-05
1.04277e-05
1.08782e-05
1.09263e-05
9.77852e-06
9.57842e-06
1.08915e-05
9.35324e-06
1.09345e-05
1.04815e-05
9.51685e-06
-1.08833e-08
-2.9592e-08
1.09103e-05
9.2137e-06
1.09323e-05
1.08824e-05
9.62689e-06
1.09052e-05
1.09342e-05
1.0989e-05
8.65203e-06
1.09083e-05
9.08663e-06
9.16753e-06
1.09592e-05
1.09318e-05
9.43004e-06
1.07228e-05
1.09008e-05
1.08908e-05
1.09956e-05
1.07588e-05
1.09184e-05
8.9751e-06
1.08467e-05
1.11213e-05
9.41218e-06
8.57713e-06
1.09135e-05
9.9195e-06
1.07182e-05
1.09204e-05
1.09107e-05
1.06734e-05
1.09188e-05
1.09065e-05
1.09045e-05
1.08137e-05
1.09284e-05
1.06659e-05
1.09253e-05
1.08988e-05
1.09571e-05
1.07066e-05
1.04842e-05
1.05292e-05
1.08982e-05
9.41648e-06
1.06799e-05
1.08359e-05
8.77531e-06
1.05118e-05
9.02299e-06
1.04841e-05
1.09106e-05
1.09145e-05
1.02382e-05
1.08937e-05
1.10486e-05
1.08606e-05
1.08712e-05
1.09297e-05
1.09354e-05
1.09324e-05
1.09276e-05
1.08962e-05
9.2142e-06
9.30173e-06
1.09292e-05
8.09421e-06
6.20245e-06
9.18542e-06
8.55444e-06
1.08801e-05
1.06156e-05
1.09321e-05
1.11563e-05
1.093e-05
8.0239e-06
1.04805e-05
1.09091e-05
1.0931e-05
1.08514e-05
7.57404e-06
7.25149e-06
1.09445e-05
8.99396e-06
1.08831e-05
1.09342e-05
1.08682e-05
1.09385e-05
1.09446e-05
1.05628e-05
1.09283e-05
8.24221e-06
1.08159e-05
1.01463e-05
1.09045e-05
6.85144e-06
9.11141e-06
1.09178e-05
1.07501e-05
7.71285e-06
7.20731e-06
1.0628e-05
1.09165e-05
8.18088e-06
1.09219e-05
7.67469e-06
7.2128e-06
8.13484e-06
4.41827e-06
6.5446e-06
3.39086e-06
3.36645e-06
7.34069e-06
7.58944e-06
4.23072e-06
5.02071e-06
5.50279e-06
5.33277e-06
4.99679e-06
4.73567e-06
8.08197e-06
3.77787e-06
2.42585e-06
1.86376e-06
6.67096e-06
6.07417e-06
4.37924e-06
8.58925e-07
3.83165e-06
5.09853e-06
3.36794e-06
3.5942e-06
5.7008e-06
1.26218e-06
4.78923e-06
7.36105e-06
5.75352e-06
5.19707e-06
3.90903e-06
2.42336e-06
3.00115e-06
2.20259e-06
5.69309e-06
2.20262e-06
5.64152e-06
2.22157e-06
2.67771e-06
8.68042e-07
4.38632e-06
4.34326e-06
6.79612e-06
3.77735e-06
2.76309e-06
6.23399e-06
5.841e-06
4.18237e-06
2.48506e-06
6.56472e-06
2.98158e-06
3.24692e-06
6.93056e-06
5.38079e-06
4.12418e-06
2.00864e-06
1.71915e-06
2.85735e-06
5.53146e-06
4.0377e-06
4.52197e-06
2.24548e-06
3.85715e-06
6.43147e-06
6.25221e-06
2.23805e-06
3.61521e-06
7.95907e-06
8.08264e-06
2.87662e-06
8.4168e-06
7.34716e-06
1.93693e-06
7.17547e-06
3.76527e-06
1.49689e-06
3.83664e-06
4.7503e-06
5.90217e-06
2.87321e-06
6.08535e-06
4.54312e-06
3.80895e-06
7.65945e-06
2.85569e-06
3.55867e-06
3.396e-07
3.42288e-07
3.39991e-07
4.13326e-06
5.33206e-06
3.33664e-06
1.51714e-06
9.41711e-07
6.1557e-06
1.38574e-06
7.02914e-06
7.03955e-06
8.48769e-06
8.42437e-06
2.4491e-06
7.00588e-06
8.76781e-06
3.4788e-06
1.69192e-06
9.30653e-07
9.41866e-07
9.472e-07
1.68065e-06
2.3123e-06
3.14451e-06
6.30585e-06
1.64592e-06
6.41431e-06
1.71475e-06
4.54126e-06
5.42176e-06
4.94208e-06
6.22871e-06
3.49434e-06
2.24208e-06
4.28376e-06
5.24175e-06
3.30637e-06
1.37747e-06
1.37024e-06
2.59048e-06
7.5678e-06
4.52856e-06
2.64326e-06
8.19502e-06
7.8169e-06
7.03746e-06
1.75269e-06
4.07535e-06
6.37092e-06
6.63553e-06
6.49718e-06
6.35656e-06
7.76149e-06
5.39452e-06
6.01339e-06
5.36121e-06
6.10512e-06
4.75004e-06
7.44332e-06
8.87797e-07
3.82196e-06
7.81901e-06
2.20979e-06
5.18672e-06
3.21283e-06
1.66684e-06
1.21067e-06
7.7338e-06
5.62354e-06
3.38286e-06
4.94578e-06
3.197e-06
6.50011e-06
2.234e-06
2.99537e-06
1.57839e-06
8.54805e-06
1.96154e-06
7.44087e-06
1.23424e-06
9.48558e-07
6.73255e-07
7.28121e-07
6.34432e-06
6.51417e-06
5.80077e-06
6.21413e-06
1.4528e-06
2.97227e-06
1.22544e-06
8.6797e-06
2.09546e-06
1.3763e-06
3.2001e-06
1.20307e-06
8.55332e-06
2.3264e-06
4.00401e-06
1.17561e-06
4.61306e-06
1.24857e-06
9.01486e-07
2.72467e-06
1.24898e-06
6.95424e-06
8.6137e-06
4.60637e-06
8.75523e-06
8.33162e-06
2.44024e-06
3.88532e-06
5.94296e-06
7.02429e-06
5.73685e-06
7.91714e-06
1.42729e-06
1.44571e-06
1.45552e-06
1.56379e-06
4.57689e-06
6.53048e-07
1.3407e-06
3.37165e-06
6.9926e-06
3.75738e-06
2.98079e-07
2.7296e-06
3.273e-07
2.56315e-06
8.66993e-06
6.80561e-06
8.31538e-06
6.70565e-06
1.98766e-06
2.41367e-06
1.83753e-06
1.7781e-06
1.8266e-06
3.56103e-06
3.60405e-06
3.63029e-06
2.98342e-06
7.78498e-06
4.01205e-06
4.05556e-06
4.08703e-06
6.15922e-06
2.98913e-06
6.41432e-06
1.83356e-06
7.50323e-06
3.52924e-06
1.79736e-06
7.0818e-06
8.55583e-06
1.31461e-06
1.1417e-06
2.08291e-06
5.75837e-06
8.37086e-06
7.262e-07
1.24491e-06
8.73758e-06
2.28246e-06
1.18557e-06
2.74339e-06
6.7363e-06
2.11481e-06
5.97308e-06
6.6146e-06
4.84748e-06
5.74567e-06
5.31144e-06
1.61701e-06
4.67188e-06
3.15684e-06
3.54143e-06
4.53402e-06
5.02199e-06
5.66959e-06
8.02674e-06
8.56005e-06
7.0658e-06
6.32768e-06
1.29883e-06
7.45541e-06
8.75833e-06
7.86148e-06
4.95848e-06
5.26725e-06
8.32764e-06
3.76199e-06
4.59704e-06
6.32294e-06
7.48151e-06
6.07442e-07
6.86e-06
4.30487e-06
7.34559e-06
4.34923e-06
4.79784e-06
4.84059e-06
5.50908e-06
7.8536e-06
5.05932e-06
5.80603e-06
8.655e-06
8.36696e-06
7.3247e-06
7.26768e-06
4.28622e-06
8.93969e-06
4.20003e-06
2.71115e-06
3.88207e-06
6.55731e-07
6.6483e-06
2.4568e-06
7.2037e-06
5.56366e-06
3.86005e-06
3.88228e-06
1.31351e-06
5.18703e-06
7.50464e-07
4.88444e-06
4.53175e-06
4.5527e-06
1.78816e-06
6.24743e-06
6.48375e-06
8.94329e-06
7.58162e-06
8.66939e-06
2.61504e-06
3.84354e-06
9.4734e-07
8.66802e-06
6.14153e-06
1.31828e-06
6.1797e-06
9.21391e-06
9.24555e-06
4.91725e-07
7.94697e-06
7.94529e-06
5.64309e-07
4.04986e-06
4.71994e-07
1.22323e-06
5.93404e-06
2.84016e-06
6.04081e-06
3.27223e-06
3.76001e-06
8.23266e-06
7.55843e-06
7.85482e-06
7.92828e-06
7.87612e-06
9.8586e-07
5.87237e-06
6.15374e-06
8.2907e-06
8.27845e-06
8.51846e-06
5.49764e-06
5.94543e-06
6.6712e-06
1.09103e-05
6.915e-06
6.71594e-06
7.68219e-06
6.6335e-06
6.4839e-06
1.09229e-05
5.09497e-07
9.41642e-06
9.30978e-06
1.09044e-05
7.16864e-07
1.09318e-05
1.09246e-05
1.09231e-05
1.09259e-05
1.09246e-05
4.44835e-07
4.30247e-07
8.71788e-06
1.09041e-05
1.09334e-05
9.12199e-06
1.09243e-05
1.10087e-05
8.64931e-06
1.09231e-05
1.09212e-05
9.05367e-06
1.0925e-05
1.0972e-05
1.09221e-05
1.09294e-05
1.08062e-05
1.09159e-05
8.86736e-06
1.09198e-05
9.79095e-06
1.09108e-05
1.09166e-05
1.09282e-05
1.10354e-05
1.09339e-05
1.0926e-05
1.0925e-05
1.09284e-05
1.09258e-05
1.11142e-05
1.09705e-05
1.06398e-05
1.09163e-05
1.09128e-05
1.08619e-05
1.09411e-05
1.09229e-05
1.09382e-05
1.09324e-05
1.08542e-05
1.09214e-05
1.08511e-05
9.68837e-06
1.09386e-05
1.08691e-05
1.09205e-05
1.08505e-05
1.09195e-05
1.04857e-05
1.07975e-05
9.79588e-06
1.0926e-05
1.09209e-05
1.09046e-05
1.0929e-05
1.08855e-05
1.10774e-05
1.09245e-05
1.0909e-05
1.0522e-05
1.09222e-05
1.09018e-05
1.09225e-05
1.09545e-05
1.07715e-05
1.09353e-05
1.0907e-05
1.09919e-05
1.09045e-05
1.06941e-05
9.49547e-06
1.13628e-05
1.15076e-05
1.1325e-05
1.03109e-05
1.08776e-05
1.08197e-05
1.08227e-05
1.0921e-05
1.05977e-05
1.08308e-05
1.09788e-05
1.08949e-05
1.08961e-05
1.09258e-05
1.08777e-05
1.0044e-05
1.0872e-05
1.09027e-05
9.04158e-06
1.05764e-05
1.08998e-05
1.09211e-05
1.11014e-05
1.09624e-05
9.13259e-06
1.09076e-05
1.08719e-05
9.32492e-06
1.09594e-05
1.07831e-05
1.04802e-05
1.08192e-05
1.10181e-05
1.10192e-05
1.06818e-05
1.07037e-05
1.07834e-05
1.07243e-05
1.05431e-05
1.05883e-05
1.04624e-05
1.08703e-05
1.05244e-05
4.38612e-07
5.01135e-07
4.4891e-07
9.81672e-06
1.05969e-05
9.61239e-06
1.09385e-05
1.04201e-05
1.06628e-05
1.01353e-05
1.0694e-05
9.59734e-06
1.14233e-05
9.63984e-06
1.05478e-05
1.06735e-05
1.08622e-05
1.07355e-05
1.08897e-05
8.16321e-06
1.06611e-05
1.04862e-05
1.07103e-05
1.06633e-05
1.067e-05
1.0212e-05
1.06421e-05
1.07776e-05
8.57952e-06
1.07713e-05
1.0434e-05
1.0872e-05
1.08242e-05
1.0841e-05
1.05266e-05
1.06621e-05
1.04117e-05
1.07246e-05
1.08323e-05
1.07586e-05
1.08101e-05
9.87337e-06
9.66751e-06
1.08189e-05
1.04272e-05
1.08484e-05
1.07465e-05
1.01308e-05
1.08663e-05
1.04008e-05
1.08339e-05
9.04296e-06
1.05733e-05
1.02958e-05
1.04363e-05
5.37028e-06
5.70233e-06
5.58702e-06
3.47792e-06
3.6719e-06
3.3123e-06
3.27419e-06
3.18028e-06
6.08031e-06
6.89776e-06
3.33445e-06
6.60015e-06
2.92433e-06
7.27371e-06
2.14816e-06
2.05092e-06
2.19544e-06
6.65235e-06
1.43924e-06
1.29993e-06
1.18436e-06
1.08935e-05
1.07263e-05
1.01661e-05
1.06106e-05
9.32251e-06
1.06321e-05
1.04965e-05
1.09117e-05
1.04789e-05
1.07032e-05
1.03363e-05
1.01014e-05
1.06805e-05
9.99637e-06
1.07444e-05
1.03212e-05
1.09075e-05
1.06359e-05
1.08997e-05
1.02669e-05
1.08963e-05
1.01072e-05
1.03141e-05
1.03178e-05
1.12142e-05
1.09301e-05
1.11159e-05
1.09334e-05
1.04559e-05
1.07511e-05
1.0819e-05
1.02273e-05
1.06441e-05
1.08148e-05
1.07755e-05
1.049e-05
1.04546e-05
1.08104e-05
1.03159e-05
1.08968e-05
1.05105e-05
1.07719e-05
1.08419e-05
1.05931e-05
1.04547e-05
1.08789e-05
1.09025e-05
1.02855e-05
1.09037e-05
1.09243e-05
1.07222e-05
9.7744e-06
1.01718e-05
1.08941e-05
1.03597e-05
1.09829e-05
1.08639e-05
1.06274e-05
1.11082e-05
1.08977e-05
1.07633e-05
1.09163e-05
7.82759e-06
1.0945e-05
1.02459e-05
1.03849e-05
1.01826e-05
4.08471e-07
4.13144e-07
4.20497e-07
4.26022e-07
4.24919e-07
1.04931e-05
1.05571e-05
1.07995e-05
3.11513e-07
3.11818e-07
3.08471e-07
2.99247e-07
2.98572e-07
1.08865e-05
1.0918e-05
8.70233e-06
1.09267e-05
1.09054e-05
1.06937e-05
1.09228e-05
1.09186e-05
8.7787e-06
1.0915e-05
1.09214e-05
8.94534e-06
1.0906e-05
1.0284e-05
1.08809e-05
1.09125e-05
1.08798e-05
1.09304e-05
1.09287e-05
1.09257e-05
1.0907e-05
1.02225e-05
8.36065e-06
8.69925e-06
1.04009e-05
1.09168e-05
1.09191e-05
1.02276e-05
1.09101e-05
4.60395e-07
1.09365e-05
1.0881e-05
1.08155e-05
9.21885e-06
1.04147e-05
1.10142e-05
1.04764e-05
6.76896e-07
1.09207e-05
1.09244e-05
1.0926e-05
1.09358e-05
1.07828e-05
1.05565e-05
1.0824e-05
1.03689e-05
6.215e-06
5.6972e-06
5.04342e-06
5.06915e-06
5.39822e-06
4.40821e-06
4.37775e-06
4.3314e-06
4.75476e-06
5.04346e-06
5.08561e-06
4.54238e-06
4.22727e-06
5.19135e-06
4.07637e-06
4.15003e-06
5.84097e-06
5.7077e-06
5.66686e-06
5.58359e-06
5.82592e-06
5.69436e-06
3.86264e-06
5.50694e-06
5.7916e-06
6.18378e-06
3.59034e-06
6.26578e-06
3.33782e-06
6.12417e-06
3.34746e-06
3.08382e-06
3.22349e-06
3.23776e-06
6.21229e-06
2.99625e-06
6.82371e-06
2.82428e-06
6.67074e-06
3.12202e-06
3.09868e-06
7.01531e-06
7.03672e-06
7.38501e-06
2.31741e-06
2.34843e-06
2.08357e-06
6.83208e-06
1.73184e-06
7.53215e-06
1.80992e-06
1.82532e-06
1.78417e-06
7.89882e-06
1.83656e-06
1.59795e-06
1.24263e-06
1.04871e-06
7.91546e-06
1.0538e-06
7.56483e-06
8.53064e-06
4.89353e-06
4.95388e-06
4.81603e-06
6.20347e-06
3.44688e-06
3.68035e-06
3.654e-06
4.52416e-06
3.62006e-06
3.61158e-06
3.95566e-06
1.36076e-06
1.60598e-06
5.63359e-06
6.37778e-06
1.86402e-06
1.03959e-06
3.37607e-06
2.53111e-06
7.37477e-06
1.76064e-06
6.79597e-06
6.19184e-06
2.5585e-06
2.69189e-06
1.09806e-06
6.35039e-06
1.07209e-06
1.09266e-06
1.08581e-06
8.16174e-06
4.6009e-06
4.75114e-06
4.04475e-06
4.83787e-06
5.19109e-06
8.56485e-06
8.61574e-06
8.3997e-07
7.96298e-07
8.21606e-07
8.32164e-07
8.37384e-07
8.77381e-06
7.1587e-06
6.71989e-06
1.10837e-05
1.09644e-06
8.52063e-06
1.09273e-05
1.09136e-05
7.76689e-06
1.09052e-05
6.54252e-07
1.08623e-05
1.08929e-05
1.09155e-05
8.20473e-06
7.56609e-06
5.96311e-07
1.09154e-05
6.86722e-07
9.07478e-06
8.01931e-06
1.07335e-05
6.26479e-07
8.68795e-06
1.08927e-05
1.09344e-05
1.05597e-05
1.09149e-05
1.09855e-05
1.0807e-05
8.06616e-06
1.09159e-05
1.0924e-05
1.09254e-05
1.07896e-05
1.03713e-05
1.04062e-05
1.04525e-05
8.46409e-06
4.65923e-07
4.51367e-07
1.03624e-05
1.08552e-05
1.02119e-05
1.07996e-05
1.05931e-05
1.09387e-05
1.08334e-05
1.05229e-05
9.83387e-06
1.07508e-05
1.06126e-05
1.04274e-05
1.02736e-05
1.05928e-05
1.09126e-05
7.78736e-06
1.08995e-05
1.06541e-05
1.08221e-05
1.04365e-05
1.05702e-05
1.09372e-05
9.81514e-06
1.07805e-05
1.09619e-05
1.10933e-05
1.0437e-05
1.02138e-05
1.08538e-05
1.066e-05
1.07686e-05
2.69429e-07
2.57402e-07
1.07779e-05
8.32631e-06
7.94013e-06
1.09211e-05
9.84544e-06
1.08821e-05
1.02048e-05
1.05013e-05
1.08989e-05
9.56976e-06
1.01541e-05
1.09314e-05
1.08855e-05
1.08516e-05
9.0436e-06
1.15232e-05
1.09089e-05
1.09195e-05
9.31523e-06
1.09946e-05
1.09239e-05
1.05868e-05
1.03475e-05
8.81718e-06
1.1023e-05
9.00773e-06
1.09226e-05
1.04607e-05
1.05728e-05
1.04658e-05
1.05225e-05
1.10033e-05
1.04488e-05
1.07875e-05
1.05105e-05
1.0525e-05
1.08885e-05
1.09861e-05
1.10836e-05
1.07158e-05
1.09793e-05
1.08002e-05
1.05208e-05
8.77306e-06
7.98487e-06
1.08002e-05
8.18617e-06
8.60605e-06
1.09068e-05
8.11083e-06
1.08475e-05
1.06793e-05
8.81167e-06
7.6599e-06
8.55087e-06
8.6512e-06
8.46855e-06
2.97663e-06
8.38364e-06
8.97057e-06
7.75983e-06
8.57115e-06
8.24161e-06
7.27817e-06
7.71098e-06
8.23019e-06
7.25058e-06
6.78113e-06
5.0857e-06
4.87393e-06
4.67848e-06
4.64125e-06
7.13921e-06
5.95626e-06
6.32172e-06
5.15161e-06
2.42801e-06
4.01619e-06
4.21655e-06
5.48284e-06
7.15923e-06
7.92971e-06
5.22249e-06
2.36177e-06
2.8013e-06
2.66845e-06
2.58543e-06
3.56598e-06
1.93675e-06
2.41521e-06
7.32371e-06
4.4794e-06
2.1218e-06
2.41094e-06
1.95923e-06
2.59678e-06
2.16523e-06
1.8941e-06
1.92078e-06
1.81983e-06
6.78523e-06
4.19061e-06
2.18239e-06
2.19497e-06
7.46718e-06
2.4289e-06
5.61214e-06
6.69379e-06
7.69894e-06
3.91763e-06
6.43159e-06
3.77657e-06
4.19859e-06
2.98181e-06
5.6749e-06
1.69107e-06
6.10758e-06
2.79786e-06
4.42999e-06
7.02002e-06
3.31167e-06
3.2635e-06
1.50971e-06
4.43699e-06
1.34336e-06
5.86023e-06
1.09076e-06
8.33208e-06
1.0833e-06
1.06117e-06
1.07568e-06
1.03044e-06
3.20907e-06
6.92006e-06
4.45696e-06
1.37732e-06
4.13389e-06
3.0203e-06
3.03805e-06
3.01574e-06
1.25156e-06
3.4817e-06
5.38481e-06
2.28789e-06
4.63952e-06
5.32944e-06
7.53644e-06
2.05513e-06
4.61468e-06
5.32369e-06
6.96398e-06
2.22374e-06
3.54684e-06
6.36668e-06
2.99683e-06
6.35929e-06
6.49484e-06
3.67423e-06
4.43179e-06
5.81877e-06
6.59823e-06
5.01926e-06
3.25931e-06
3.35703e-06
3.38923e-06
5.34103e-06
3.40831e-06
4.73022e-06
6.16825e-06
4.90589e-06
4.83577e-06
4.88531e-06
4.82358e-06
4.88015e-06
4.54846e-06
4.5822e-06
4.92336e-06
6.97259e-06
7.93132e-06
7.43968e-06
6.75382e-06
7.00467e-06
7.97596e-06
7.48621e-06
8.08158e-06
7.3765e-06
7.81119e-06
7.89402e-06
8.34051e-06
1.1024e-05
7.01206e-06
1.09195e-05
7.42993e-06
1.05057e-05
1.09393e-05
1.09212e-05
1.09023e-05
1.08174e-05
8.78372e-06
1.08762e-05
1.05695e-05
1.04193e-05
1.06539e-05
1.06178e-05
9.99591e-06
1.05193e-05
1.07232e-05
1.03524e-05
1.10009e-05
1.09211e-05
1.09192e-05
1.09184e-05
1.01546e-05
9.21732e-06
1.03571e-05
4.84096e-06
4.97331e-06
9.8809e-06
)
;

boundaryField
{
    back
    {
        type            empty;
    }
    front
    {
        type            empty;
    }
    ingreso
    {
        type            zeroGradient;
    }
    salida
    {
        type            fixedValue;
        value           uniform 0;
    }
    defaultFaces
    {
        type            zeroGradient;
    }
}


// ************************************************************************* //
