/*--------------------------------*- C++ -*----------------------------------*\
  =========                 |
  \\      /  F ield         | OpenFOAM: The Open Source CFD Toolbox
   \\    /   O peration     | Website:  https://openfoam.org
    \\  /    A nd           | Version:  8
     \\/     M anipulation  |
\*---------------------------------------------------------------------------*/
FoamFile
{
    version     2.0;
    format      ascii;
    class       volVectorField;
    location    "5.6";
    object      U;
}
// * * * * * * * * * * * * * * * * * * * * * * * * * * * * * * * * * * * * * //

dimensions      [0 1 -1 0 0 0 0];

internalField   nonuniform List<vector> 
1642
(
(4.50843e-06 -5.30916e-06 1.16898e-26)
(0.0020693 0.00503925 1.00722e-20)
(0.00233257 0.00485588 5.81441e-21)
(0.00219207 0.00384646 3.18377e-20)
(0.000880686 1.4328e-05 1.45839e-21)
(0.000710191 0.000133029 3.72733e-20)
(0.00107587 0.000161041 9.09063e-21)
(0.00106454 0.000243102 -4.33434e-24)
(0.000687371 0.000473562 8.8486e-21)
(0.000845649 0.000245723 2.35204e-20)
(0.00271734 0.00314191 -1.74864e-20)
(0.000338686 0.000937432 -1.91015e-20)
(0.000775797 0.000387079 2.31876e-20)
(0.000880913 0.000197328 -1.57795e-20)
(0.000481986 0.000396444 0)
(0.000691588 0.000497963 0)
(2.24563e-05 0.000245285 -1.24388e-20)
(-2.92086e-08 0.000207972 2.06067e-20)
(1.49911e-05 1.94511e-05 5.25084e-25)
(2.73459e-05 1.13926e-05 4.25675e-21)
(0.000898159 0.000132718 -6.03135e-21)
(0.00097762 0.000252301 6.92299e-21)
(0.000861363 0.000194643 0)
(0.0023612 6.52917e-05 -2.05916e-20)
(0.000341679 0.000239236 -3.44118e-20)
(3.23686e-05 0.000508457 -4.41445e-21)
(0.000822467 -0.000101393 1.35274e-20)
(0.000114889 0.000221795 0)
(0.00411722 0.00428345 5.35478e-22)
(0.00418265 0.00434458 2.01568e-22)
(0.00434949 0.00451017 -2.44996e-22)
(0.00102393 8.92127e-05 -1.05427e-20)
(0.000338035 0.00122225 0)
(4.11393e-05 -4.56382e-05 -4.49854e-21)
(0.00036079 0.000219304 1.04633e-20)
(0.000391036 0.000434203 -1.96083e-21)
(0.000900512 0.000388529 -3.42913e-20)
(0.000937796 2.86214e-05 3.26956e-22)
(0.000412148 0.000327007 -8.97113e-25)
(0.000906666 0.000247695 -1.033e-20)
(0.000813909 0.000195241 0)
(1.88356e-05 4.52506e-05 -2.42162e-21)
(3.43985e-05 8.5317e-06 0)
(0.00074821 0.00495647 -2.13601e-20)
(-0.00149965 1.16055e-05 -2.01347e-21)
(0.000748405 3.7455e-05 -2.26962e-21)
(0.000855122 1.65003e-05 6.75214e-22)
(0.000486137 0.000109826 -4.70854e-21)
(0.000357544 0.000122326 -1.32518e-20)
(0.00067357 0.000392276 -2.02908e-20)
(3.35049e-05 8.55566e-05 -4.98165e-21)
(0.000744954 0.000416907 -6.46963e-21)
(1.57305e-05 -6.13571e-06 3.53101e-21)
(0.000237351 0.0046947 0)
(0.00251668 0.00378019 -1.5614e-20)
(0.00056455 0.000485253 1.02061e-21)
(0.00107109 0.000192474 -4.59428e-21)
(0.00019565 1.11699e-05 -6.86326e-21)
(0.00122046 0.000414674 -2.75171e-20)
(0.00035585 -0.000343039 0)
(0.000266546 0.000143548 0)
(0.000929626 5.60263e-05 -1.28954e-21)
(9.06021e-05 -7.31265e-05 3.78321e-21)
(0.00141088 0.000178102 -1.93009e-20)
(7.45774e-05 0.000423509 1.5871e-20)
(5.58186e-05 9.73259e-06 1.17944e-21)
(0.00011006 0.000125435 0)
(4.90271e-05 1.76779e-05 -4.80034e-21)
(0.000436926 0.000531349 5.32649e-21)
(6.12407e-06 6.16339e-05 -4.4803e-21)
(0.000316299 9.76278e-05 -1.27884e-20)
(7.53748e-05 0.000279732 -1.40981e-20)
(0.000248857 7.1513e-05 1.69547e-20)
(0.000873187 3.46037e-05 1.31646e-21)
(0.00047453 0.000623435 8.36568e-21)
(0.00130316 0.00156854 -2.17799e-21)
(0.00421822 0.0043953 8.18639e-25)
(0.00404777 0.00423353 0)
(0.00397164 0.00417172 -2.78357e-22)
(0.000429791 0.000181211 6.01563e-21)
(5.80806e-05 -1.48176e-07 2.41714e-21)
(3.45522e-05 2.0427e-05 1.66769e-20)
(0.00110952 0.000369501 -1.7838e-20)
(0.000958237 0.000459404 1.10734e-20)
(-0.00203063 0.00033351 0)
(0.000430444 0.000627422 -4.02193e-21)
(0.000413467 0.00053569 -1.53822e-20)
(9.07972e-06 -9.51796e-05 0)
(0.000556739 0.000593367 3.92605e-21)
(3.34425e-05 -3.25152e-05 -1.81495e-21)
(0.00104462 0.000124065 -7.22736e-21)
(0.000122876 0.000327613 2.92011e-20)
(0.000745644 0.00056778 -1.84296e-20)
(0.000453398 0.000463342 -7.97105e-21)
(0.000539799 0.000400115 -3.14899e-20)
(7.24554e-05 -0.000184064 -1.05359e-21)
(0.000792836 0.000159393 -2.55269e-20)
(0.000572884 0.000336891 2.70604e-20)
(0.000353165 0.000318224 1.59583e-20)
(0.000455062 0.000531301 -1.06093e-20)
(0.000412009 0.000610956 1.97495e-20)
(0.000510134 0.000776012 0)
(2.37589e-05 -0.000192744 8.83488e-21)
(0.00467593 0.00460821 -1.3173e-22)
(0.00449429 0.00443462 1.85614e-20)
(0.00441893 0.00436253 5.04545e-21)
(0.0042657 0.00402549 1.99859e-20)
(0.00420475 0.00396652 2.12921e-22)
(0.00444007 0.00417702 3.79203e-21)
(0.0042772 0.00400571 -1.21738e-22)
(0.00426266 0.00402278 6.28665e-21)
(0.00421414 0.00394166 -7.69135e-21)
(0.00443794 0.00418802 0)
(0.00445054 0.00416764 6.36681e-21)
(0.00428421 0.00400879 1.80634e-21)
(0.00428384 0.00400826 3.78995e-21)
(0.00445017 0.00416715 -1.20772e-21)
(0.00420786 0.00397415 0)
(0.00426691 0.0033358 0)
(0.00408171 0.00357013 8.79886e-21)
(0.0042157 0.00395043 -1.06614e-21)
(0.00368866 0.00297423 -2.45506e-20)
(0.00431806 0.00333629 0)
(0.000402287 0.000629988 3.90285e-21)
(0.000520346 0.000593708 0)
(0.000315796 -8.64008e-05 2.54017e-21)
(0.000949955 0.000233551 1.46754e-20)
(7.76383e-06 -6.05689e-05 0)
(0.000553656 0.000279923 4.98522e-21)
(0.000603587 0.000325641 -1.46868e-20)
(0.000416281 2.28019e-05 0)
(0.000214046 -0.000107937 -2.47942e-21)
(2.26883e-05 -4.268e-05 -1.06384e-21)
(0.000781717 0.000125913 9.14653e-21)
(5.71982e-05 -1.03461e-05 -8.29025e-26)
(3.29373e-05 -5.72121e-05 1.11457e-21)
(0.000615894 0.000277321 -2.74701e-21)
(0.000317774 -4.60794e-06 2.73208e-21)
(0.000615084 0.000219557 0)
(0.000691637 0.000358351 0)
(2.5987e-05 0.000386766 8.49734e-21)
(5.84144e-05 1.99134e-05 -1.60284e-21)
(9.68271e-05 7.51869e-05 0)
(0.000331741 6.02322e-05 1.15677e-20)
(0.000593505 0.000452431 3.99435e-20)
(6.58325e-05 0.000220252 1.49702e-20)
(0.000806845 0.000108547 0)
(4.83895e-05 0.00013092 2.06327e-20)
(0.000815372 0.000155979 -2.60909e-21)
(0.000702644 0.000182695 4.31542e-20)
(0.000280753 0.000186882 1.7336e-20)
(0.000849002 4.65385e-05 3.92282e-21)
(6.59322e-05 -1.60244e-05 -2.26686e-21)
(0.000318282 0.000236427 0)
(0.00105888 -9.73894e-05 1.24612e-20)
(0.000834861 0.00015015 0)
(0.000877156 0.000123264 -2.14294e-21)
(4.6575e-06 2.23778e-05 -1.42567e-20)
(6.45449e-06 -4.50314e-05 -6.76316e-23)
(-1.37618e-05 0.000295647 0)
(8.82729e-05 7.47455e-05 3.90794e-20)
(6.58079e-05 5.04856e-05 -4.15682e-21)
(0.000138227 -4.4738e-05 1.12756e-21)
(0.000897515 0.000239396 0)
(5.3695e-06 -2.9606e-05 0)
(0.000848595 6.5455e-05 0)
(0.000882311 8.01408e-05 0)
(5.27244e-05 -1.92682e-05 -2.50731e-21)
(0.000870682 7.38114e-06 -5.69097e-21)
(1.94335e-05 -0.000189171 -2.09323e-21)
(-1.49052e-05 0.000301695 -2.1062e-20)
(-2.4126e-06 0.000174312 -1.82046e-20)
(5.24454e-06 4.78723e-05 4.41392e-21)
(2.23134e-06 0.00014648 1.84919e-20)
(0.000673939 -1.44239e-05 -6.68033e-21)
(2.0998e-05 -0.000108312 1.99852e-21)
(0.000792745 0.000232991 1.05985e-20)
(0.000355565 0.000142578 1.55639e-20)
(0.00060441 0.000224781 0)
(0.000545504 0.000464507 -4.02766e-21)
(0.000969823 0.000372786 9.25286e-21)
(3.96378e-05 2.02781e-05 1.49182e-20)
(0.000765875 0.000795217 4.01113e-21)
(4.05099e-06 3.23534e-05 7.1392e-21)
(4.52286e-06 0.000120973 0)
(0.00054675 0.000311259 1.09851e-20)
(0.000622188 8.57497e-05 9.75394e-22)
(4.96678e-05 -9.66424e-06 -9.90745e-21)
(0.000197958 -0.000189581 1.35099e-21)
(0.000920972 0.000339135 1.80187e-24)
(0.000472091 0.000484432 1.16477e-25)
(0.000375483 0.000126392 -1.26571e-20)
(4.88335e-05 3.15615e-05 1.8988e-21)
(0.000303522 0.000277768 -8.34575e-21)
(0.000188901 -8.15245e-05 -2.38144e-21)
(0.000719546 -3.63252e-05 1.49194e-24)
(0.000399926 0.000622385 -9.41832e-22)
(5.0425e-05 -2.33522e-06 7.86823e-21)
(0.000298294 0.000428989 -1.98168e-20)
(0.000599816 0.000212749 3.37368e-20)
(6.34753e-05 1.03908e-05 -4.50448e-21)
(8.05741e-05 9.70393e-07 -2.82316e-22)
(0.000526378 0.000673909 -4.10168e-21)
(0.00062819 0.000436132 1.22703e-20)
(0.00103023 0.000133159 0)
(4.206e-05 8.20107e-06 1.24745e-20)
(0.00039906 0.000219911 -9.39503e-21)
(0.0044483 0.00418771 -1.85875e-20)
(0.0042205 0.00396575 -8.11847e-21)
(0.00428492 0.00402872 -7.51879e-21)
(0.00444511 0.00419083 -1.12969e-20)
(0.00444297 0.00419352 0)
(0.00251587 0.00254038 4.5448e-21)
(0.00251541 0.002539 -2.40024e-23)
(0.00421657 0.0039627 -8.28246e-21)
(0.00444672 0.00418954 6.50026e-21)
(0.00427904 0.00402638 -9.48047e-21)
(0.00444733 0.00419023 -6.36053e-21)
(0.00428277 0.00402627 7.74226e-21)
(0.00250388 0.00253106 0)
(0.00444563 0.00419384 0)
(0.00251291 0.00252422 -3.66147e-21)
(0.00444473 0.004189 -5.7665e-21)
(0.00422583 0.00395708 -5.03713e-21)
(0.00444755 0.00419473 -1.49752e-20)
(0.00422423 0.00396475 0)
(0.00240315 0.00242814 -3.7365e-21)
(0.0047021 0.00417158 -3.14175e-20)
(0.00252003 0.00251766 1.64932e-20)
(0.00242103 0.00244674 -7.13498e-21)
(0.00251572 0.00253838 -1.31696e-20)
(0.00242046 0.00244713 -9.63232e-21)
(0.00251397 0.00253769 1.07343e-20)
(0.00251968 0.00252331 -1.1506e-20)
(0.00251878 0.00254066 -1.11044e-22)
(0.00250321 0.00252932 8.5919e-21)
(0.00241273 0.00244172 1.36937e-20)
(0.00250941 0.00253376 2.25478e-20)
(0.00443927 0.00419286 -7.11946e-21)
(0.00428757 0.00402562 -3.41648e-21)
(0.00494475 0.00422272 2.38354e-20)
(0.00428257 0.00402781 -1.31419e-22)
(0.00444615 0.0041945 6.702e-21)
(0.00550126 0.00452494 -1.64013e-20)
(0.00445482 0.00419324 3.39991e-21)
(0.00428189 0.00401776 1.18806e-21)
(0.00251488 0.00253653 6.89888e-21)
(0.00277081 0.00271463 -1.60763e-20)
(0.00423624 0.00396103 0)
(0.00444917 0.0041747 -1.13705e-21)
(0.00250693 0.00254449 2.38403e-21)
(0.00444455 0.00418737 -1.18258e-20)
(0.00435216 0.00396965 0)
(0.00473073 0.00412182 7.77696e-21)
(0.00445353 0.00417714 1.81035e-21)
(0.00428726 0.00402124 1.90421e-21)
(0.00422521 0.00395974 -2.1979e-21)
(0.00438247 0.00418257 1.74536e-20)
(0.0042129 0.00396873 1.06266e-20)
(0.00428629 0.00401983 -1.87909e-21)
(0.00421183 0.0039736 0)
(0.00429991 0.00411676 0)
(0.00429361 0.00412308 -1.45138e-20)
(0.00242268 0.00245937 2.48917e-21)
(0.00258832 0.00256477 -1.58949e-20)
(0.00430831 0.0041083 7.11643e-21)
(0.00422459 0.00396194 0)
(0.00428053 0.00403435 -1.12464e-20)
(0.00336378 0.00316514 -2.11241e-22)
(0.00428883 0.00404429 6.61229e-21)
(0.00250582 0.00253229 -7.18763e-21)
(0.00445432 0.00417924 -1.83455e-21)
(0.00240612 0.00244209 4.43581e-21)
(0.00421387 0.00397277 7.04543e-21)
(0.00446824 0.00417038 7.57581e-21)
(0.00462091 0.00424682 0)
(0.00244977 0.00245447 -2.70299e-20)
(0.00428181 0.00403551 1.24639e-20)
(0.00444469 0.00418799 6.05685e-21)
(0.0024241 0.00244319 1.38226e-22)
(0.0025251 0.00253631 -6.90189e-21)
(0.00241212 0.00244668 2.1897e-21)
(0.00250613 0.00252744 -6.04932e-21)
(0.0034724 0.00330143 -1.7556e-20)
(0.00444353 0.00417757 -1.89485e-21)
(0.00428875 0.00402387 0)
(0.00242764 0.00245374 4.93762e-21)
(0.00420977 0.00396739 0)
(0.00242863 0.00245968 -2.51856e-21)
(0.00239823 0.00242226 1.67358e-20)
(0.00445617 0.00418168 0)
(0.00422633 0.00396131 6.63699e-21)
(0.00421449 0.00396928 6.43471e-21)
(0.00445955 0.00419115 6.30566e-21)
(0.00249713 0.00253411 2.1132e-21)
(0.00243219 0.00245489 0)
(0.00249383 0.00253261 4.60247e-21)
(0.0028821 0.0027919 1.83987e-20)
(0.00290067 0.00284959 0)
(0.00428047 0.00403498 1.18104e-20)
(0.00422506 0.00395937 3.63743e-21)
(0.00249178 0.00253349 -1.42303e-21)
(0.00428623 0.00402024 -3.28335e-21)
(0.00240766 0.00244004 5.44132e-21)
(0.00240706 0.00244731 -4.31416e-21)
(0.004213 0.00396668 -1.03854e-20)
(0.00237477 0.00228714 0)
(0.00238618 0.00242392 -1.32579e-20)
(0.00250684 0.00254276 1.40708e-21)
(0.00445364 0.0041783 -3.15668e-21)
(0.00242114 0.00245647 1.4662e-21)
(0.00242572 0.00245389 0)
(0.00248801 0.00251675 7.38285e-21)
(0.00365677 0.00345673 0)
(0.00243446 0.00244825 -1.9386e-20)
(0.00251554 0.00254812 -2.43508e-21)
(0.00239393 0.00242643 2.78687e-25)
(0.00239308 0.00243098 -7.23124e-21)
(0.0042209 0.00396566 -7.59154e-21)
(0.00442299 0.0041808 -1.40031e-21)
(0.00306705 0.00333481 -9.29789e-21)
(0.00251021 0.00251143 -4.13131e-21)
(0.00239409 0.00242517 0)
(0.00240271 0.0024058 1.49706e-20)
(0.00530303 0.00457488 -1.68369e-20)
(0.0043092 0.00480203 9.0194e-21)
(0.00241975 0.00244745 0)
(0.00451448 0.00402749 7.53226e-21)
(0.00245926 0.00236671 3.47578e-22)
(0.00421292 0.00396711 0)
(0.002511 0.00253447 -1.34697e-20)
(0.00240895 0.00242852 -2.86777e-20)
(0.00421662 0.00395763 -1.42744e-21)
(0.00428614 0.00402442 6.54765e-21)
(0.00444845 0.00419271 4.97122e-21)
(0.00445559 0.00418305 4.60259e-21)
(0.00240397 0.00244104 -1.56715e-21)
(0.00240163 0.00243837 2.69673e-21)
(0.00238985 0.00240839 0)
(0.0024032 0.00243633 3.45053e-21)
(0.00422621 0.00395854 0)
(0.00427555 0.0040317 -5.97976e-24)
(0.0044455 0.00400692 0)
(0.00242956 0.00242646 1.39634e-20)
(0.00445376 0.00418174 6.31996e-21)
(0.00255458 0.00253291 0)
(0.00340317 0.00340766 9.39349e-21)
(0.00375707 0.00357407 -2.67459e-20)
(0.00252216 0.00254518 0)
(0.00251769 0.00254894 0)
(0.00243392 0.00244877 -6.32248e-21)
(0.00240226 0.00242555 -7.70434e-21)
(0.00422185 0.00395929 3.32256e-21)
(0.00434916 0.00434547 0)
(0.00428813 0.00402555 4.76368e-21)
(0.0043992 0.00416767 5.09873e-22)
(0.00243183 0.00246072 0)
(0.00423365 0.00400816 -1.88679e-21)
(0.00370349 0.00362561 2.91333e-23)
(0.00428781 0.00402339 5.98707e-21)
(0.0024097 0.00242017 -4.47963e-21)
(0.00243381 0.00244614 8.23655e-21)
(0.00444305 0.00419094 7.72872e-21)
(0.00428001 0.00403017 1.37945e-22)
(0.00427963 0.00402967 -4.03786e-21)
(0.00241578 0.00245018 3.21641e-21)
(0.0042109 0.00396836 4.63257e-21)
(0.00251271 0.00253234 1.24334e-20)
(0.00421144 0.00396799 -8.84703e-21)
(0.00418867 0.00506748 0)
(0.00235087 0.00226376 -6.66661e-22)
(0.00239969 0.00242062 -5.85836e-21)
(0.00428036 0.00403509 -5.85602e-21)
(0.00428764 0.00402569 8.23089e-21)
(0.0024163 0.00243541 0)
(0.00542891 0.00502772 -1.68013e-20)
(0.00421339 0.00396552 -1.16146e-20)
(0.00249118 0.00252117 1.45413e-20)
(0.00240107 0.00242217 -7.52548e-21)
(0.00429675 0.00405464 1.34996e-20)
(0.00239729 0.00241931 0)
(0.00240003 0.00242244 1.26866e-20)
(0.00240388 0.00244088 9.95835e-21)
(0.00242043 0.00242958 0)
(0.00428757 0.00402482 5.89249e-21)
(0.00445648 0.00418526 -1.05283e-20)
(0.00444642 0.00418656 -4.47443e-21)
(0.00445094 0.00417942 1.16504e-21)
(0.00444767 0.00419172 9.67409e-21)
(0.00443791 0.00419172 -1.23647e-20)
(0.00251232 0.00253283 0)
(0.00247032 0.00247377 -1.72588e-20)
(0.00239632 0.00240373 4.54251e-21)
(0.00428442 0.00402154 -1.21586e-21)
(0.00249861 0.00251675 -2.25801e-20)
(0.00239704 0.00243244 1.47745e-21)
(0.00279498 0.00270857 -9.04809e-21)
(0.00250983 0.00252753 -6.76146e-21)
(0.00428069 0.00403501 5.17648e-21)
(0.00445838 0.00418767 2.75307e-21)
(0.00239249 0.00241745 -7.96573e-21)
(0.00421205 0.00396765 0)
(0.00421497 0.00396958 3.88594e-20)
(0.00421629 0.00395755 2.46845e-21)
(0.00250069 0.00253564 -1.61322e-21)
(0.00239177 0.00243045 -2.1908e-21)
(0.00239525 0.00243158 2.12916e-21)
(0.00251302 0.00253672 2.61139e-20)
(0.00421349 0.00397268 1.4208e-20)
(0.00251927 0.00254997 5.30579e-21)
(0.00242402 0.00244844 5.67879e-21)
(0.00250769 0.00253171 -2.59446e-20)
(0.00240757 0.00242666 7.33246e-21)
(0.00422455 0.00396149 2.69356e-21)
(0.00240173 0.00242168 2.43116e-20)
(0.00421732 0.00396483 -1.62304e-20)
(0.00250149 0.00251832 -7.06833e-21)
(0.00249507 0.0025336 0)
(0.00243262 0.00244357 2.4877e-20)
(0.00428074 0.00402603 -5.0291e-21)
(0.00241026 0.00244617 0)
(0.00239461 0.00242049 -5.32075e-21)
(0.00241943 0.0024548 3.9768e-24)
(0.00420885 0.00395676 0)
(0.00422548 0.0039597 -2.32906e-21)
(0.00248517 0.00251987 3.53004e-21)
(0.00444455 0.0041923 5.52881e-21)
(0.00422491 0.00395844 -4.31878e-21)
(0.00428108 0.00403325 5.75226e-21)
(0.00239425 0.00242489 -7.32993e-21)
(0.00421423 0.00397037 -1.34639e-20)
(0.00431203 0.0040922 -2.75679e-20)
(0.00430466 0.00407352 1.37237e-20)
(0.00241745 0.00244768 2.85182e-21)
(0.00250677 0.00253702 0)
(0.00421384 0.00396841 -2.43018e-20)
(0.00282408 0.00269333 0)
(0.00239276 0.00241689 5.92718e-21)
(0.00454919 0.00416244 7.67815e-21)
(0.0023943 0.00241632 4.11237e-21)
(0.00242585 0.00244892 5.90417e-21)
(0.00301748 0.00288553 8.0884e-21)
(0.00250701 0.00253273 1.12029e-22)
(0.00239465 0.00242833 -6.88337e-21)
(0.00239498 0.00242956 -4.78824e-21)
(0.0024278 0.00245812 -6.02783e-21)
(0.004454 0.00417964 -2.11723e-21)
(0.00241772 0.0024507 3.41895e-21)
(0.00250157 0.00247524 -7.21442e-21)
(0.00428663 0.00402241 -2.19441e-21)
(0.00444666 0.00419502 -1.04426e-20)
(0.00460286 0.00415654 0)
(0.00428302 0.00403631 1.25971e-20)
(0.00240281 0.00242341 1.22938e-20)
(0.00251039 0.00253077 2.96833e-20)
(0.00249379 0.00252428 -2.90989e-20)
(0.00416834 0.00394801 -2.64329e-21)
(0.00243185 0.00246164 -8.29919e-21)
(0.00430643 0.0041366 7.02378e-21)
(0.00422554 0.00396202 0)
(0.00242676 0.00245254 1.57343e-20)
(0.00247871 0.00250972 -4.99376e-22)
(0.00421286 0.00396842 0)
(0.00240522 0.00242355 -7.42047e-25)
(0.00442938 0.00418457 -2.2044e-20)
(0.00499247 0.00419395 -8.26742e-21)
(0.00517247 0.00475223 8.40269e-21)
(0.0044443 0.00418845 0)
(0.00421386 0.00397256 7.19781e-21)
(0.00243242 0.00245487 5.56913e-21)
(0.0048123 0.00481999 0)
(0.00250439 0.00250455 0)
(0.00292305 0.00283428 -2.81522e-20)
(0.00240891 0.00242735 0)
(0.00453353 0.00407295 0)
(0.00240218 0.00242371 0)
(0.00240641 0.00242558 0)
(0.00238478 0.00242363 -1.45802e-21)
(0.00238274 0.00241824 1.56889e-21)
(0.00251377 0.00252349 1.51719e-20)
(0.00251759 0.0025398 2.00196e-20)
(0.00444573 0.00418793 -6.03735e-21)
(0.00240262 0.00244134 1.84806e-21)
(0.00438204 0.004158 -1.39413e-22)
(0.00242274 0.00244553 7.52321e-21)
(0.00444888 0.00419185 3.49607e-21)
(0.00236546 0.00241124 -1.15353e-20)
(0.00428512 0.00402004 3.10084e-21)
(0.00421596 0.00396556 0)
(0.00560349 0.00479602 -8.30435e-21)
(0.00238745 0.00242024 0)
(0.00243463 0.00244724 6.62912e-21)
(0.00245911 0.00245308 -7.0186e-21)
(0.00250596 0.00253403 0)
(0.00249481 0.00246058 -1.34583e-22)
(0.00239892 0.00242273 5.42161e-21)
(0.00247787 0.00245015 7.20768e-21)
(0.00243145 0.00243635 -8.76592e-21)
(0.00250484 0.00252858 1.16861e-20)
(0.00257381 0.00295053 4.02402e-20)
(0.00421681 0.0040008 -4.15592e-23)
(0.00444621 0.004194 -6.72036e-21)
(0.00249399 0.00245867 -2.20632e-20)
(0.00241673 0.00245077 7.86845e-22)
(0.0032935 0.0034522 -9.59344e-21)
(0.0023906 0.00239501 1.56811e-20)
(0.00443483 0.00417979 7.31892e-21)
(0.00241237 0.00244569 7.95106e-21)
(0.00249899 0.00253374 7.68876e-21)
(0.00250434 0.00250562 4.76906e-21)
(0.00260205 0.00259655 -8.05034e-21)
(0.00242945 0.00245223 0)
(0.00243034 0.00245023 1.21505e-20)
(0.00241475 0.00244951 3.65088e-21)
(0.00241219 0.00241217 2.46831e-20)
(0.00251819 0.00254699 0)
(0.00240641 0.00241118 -1.4149e-20)
(0.00428299 0.00402858 0)
(0.00247236 0.00252446 -4.33029e-21)
(0.00310211 0.00289474 8.56184e-21)
(0.0042868 0.00402726 0)
(0.00241992 0.00244884 -2.2762e-24)
(0.00250594 0.00253694 -2.75078e-24)
(0.00265924 0.00260488 0)
(0.00338182 0.00316235 -8.46173e-21)
(0.00454664 0.00431071 -1.83202e-20)
(0.00241831 0.00243633 -9.0739e-24)
(0.00237634 0.00242228 0)
(0.00421494 0.00397201 6.74118e-21)
(0.00445259 0.00417808 -2.97824e-21)
(0.00239713 0.00241275 1.06529e-21)
(0.00250712 0.00253184 -6.95793e-21)
(0.00240194 0.00242397 0)
(0.00240088 0.00242355 -1.29366e-20)
(0.00272983 0.00276995 1.86962e-20)
(0.00427597 0.00402005 -2.90567e-21)
(0.0024074 0.00242777 -1.31551e-20)
(0.00249722 0.0025241 0)
(0.00426527 0.00402217 -7.77233e-22)
(0.00248997 0.00251585 -2.28433e-20)
(0.00428783 0.00402273 -3.21202e-21)
(0.00240483 0.00243899 -8.3599e-21)
(0.00420961 0.00397183 0)
(0.00238291 0.00241951 -4.95728e-21)
(0.00250558 0.00252187 1.18039e-22)
(0.00251236 0.00250824 4.34455e-21)
(0.00250469 0.00254101 3.16894e-21)
(0.00189064 0.00192143 0)
(0.002406 0.00242624 4.16873e-21)
(0.00247714 0.00245539 -1.42164e-20)
(0.00443353 0.00418996 2.9134e-20)
(0.00249986 0.00253609 3.51521e-21)
(0.00415294 0.00393909 6.50594e-22)
(0.00422432 0.00396271 -6.65788e-21)
(0.00491035 0.00511687 8.4614e-21)
(0.00252904 0.00254352 -7.62845e-21)
(0.00241756 0.0024129 -4.98143e-21)
(0.00445643 0.00418307 7.92099e-21)
(0.00249356 0.0024981 4.98011e-21)
(0.00425748 0.00402171 6.9317e-22)
(0.00247393 0.00252227 -2.74207e-23)
(0.00247622 0.00254598 -2.16096e-20)
(0.00240941 0.00243995 0)
(0.00444338 0.00419525 0)
(0.00420525 0.00396862 1.39014e-20)
(0.0025104 0.0025474 1.91689e-21)
(0.0042223 0.00395729 1.46244e-21)
(0.00241265 0.00244872 4.8185e-21)
(0.00247604 0.00252728 0)
(0.00241247 0.00244122 -9.47918e-21)
(0.00421348 0.00396863 0)
(0.00249796 0.00249711 -9.26173e-21)
(0.00428035 0.00395881 -1.66151e-20)
(0.00241034 0.00241781 5.31525e-21)
(0.00238739 0.00241956 -4.89015e-21)
(0.00238787 0.0024388 -4.48505e-21)
(0.005212 0.00436751 1.69372e-20)
(0.00421335 0.0039719 -1.45444e-20)
(0.00445888 0.00418829 0)
(0.00441523 0.00414926 1.2351e-20)
(0.00250508 0.0025014 -5.24413e-25)
(0.00240933 0.00243956 -4.57808e-21)
(0.00239417 0.0023982 4.86374e-21)
(0.00445686 0.0041933 0)
(0.00427965 0.0040355 0)
(0.00428144 0.00403124 -5.24504e-21)
(0.00250265 0.0025071 9.94295e-21)
(0.00239113 0.00242162 -1.01146e-20)
(0.00251017 0.00253634 0)
(0.00428426 0.00404113 2.54429e-20)
(0.00239204 0.00242252 1.46337e-20)
(0.00249694 0.0025241 0)
(0.00524215 0.00433842 0)
(0.00238359 0.00242154 -8.61187e-21)
(0.00445314 0.00417656 -2.77688e-21)
(0.00242007 0.0024211 4.54312e-21)
(0.00250348 0.00250496 0)
(0.00237866 0.00241393 -1.89352e-21)
(0.00239398 0.00244451 5.54954e-21)
(0.00242492 0.00246004 1.98791e-21)
(0.0042861 0.0040185 2.83033e-21)
(0.0042125 0.00396639 1.12572e-20)
(0.00240529 0.00244164 -8.06425e-21)
(0.00247142 0.00251901 -1.34995e-22)
(0.00444754 0.00419014 3.61827e-21)
(0.00241813 0.00242176 0)
(0.00238326 0.00241901 0)
(0.00444652 0.00418916 0)
(0.00123879 0.00136337 0)
(0.00443373 0.00417884 0)
(0.00240311 0.00243798 -2.9974e-21)
(0.00241257 0.00241995 1.13285e-20)
(0.00253731 0.00253405 -7.76435e-21)
(0.00422449 0.00395902 3.88557e-21)
(0.00239919 0.00240364 2.28206e-20)
(0.00236706 0.0024111 -3.28548e-21)
(0.00247656 0.0025423 0)
(0.0042886 0.00402458 -2.68204e-21)
(0.00240769 0.00241401 0)
(0.00236215 0.00241543 1.17387e-22)
(0.00243028 0.00245 -7.64714e-21)
(0.00236929 0.00241215 8.95549e-21)
(0.00247945 0.00252974 3.60811e-21)
(0.00252908 0.00247253 -1.59487e-20)
(0.00247485 0.00251893 -2.76593e-23)
(0.002398 0.00240492 -1.53172e-20)
(0.00248729 0.00232934 8.05286e-21)
(0.00237738 0.00242062 0)
(0.00239226 0.00239637 0)
(0.00238991 0.00245629 0)
(0.00105097 0.00187949 2.4748e-20)
(0.00249375 0.00249905 -7.97467e-24)
(0.00239105 0.0024387 4.85354e-21)
(0.00250119 0.00250679 -2.15886e-20)
(0.00239328 0.00243513 -2.79391e-23)
(0.00238534 0.00239208 -2.69022e-20)
(0.00242883 0.00242006 0)
(0.00428629 0.00402911 7.10265e-21)
(0.00236221 0.00241331 0)
(0.00238386 0.00239187 -1.40789e-20)
(0.002475 0.00251558 0)
(0.002394 0.00243574 8.83271e-21)
(0.00247418 0.00251594 2.96855e-21)
(0.00239244 0.00243589 6.12117e-21)
(0.00247672 0.00259341 6.36992e-22)
(0.0023899 0.00250652 -5.31402e-22)
(0.00250052 0.00250426 -6.78527e-21)
(0.0024245 0.00239922 -6.61049e-21)
(0.00250153 0.00272831 8.44626e-22)
(0.00249454 0.00249841 -1.33399e-20)
(0.00247466 0.00252477 4.69063e-21)
(0.00240359 0.00241289 5.54358e-21)
(0.00239096 0.00244183 0)
(0.00239141 0.00243275 5.45918e-21)
(0.00247173 0.00252178 -2.56039e-21)
(0.00238959 0.00243518 -2.64726e-21)
(0.00242291 0.00239516 -6.88771e-21)
(0.00238434 0.00239206 -1.46562e-20)
(0.00250601 0.0025091 -2.08674e-20)
(0.00242924 0.00246047 -7.07532e-21)
(0.00254338 0.00274891 5.01626e-21)
(0.00250158 0.00250487 -5.91534e-21)
(0.00239482 0.00239728 1.1955e-20)
(0.00240947 0.00241298 -1.23573e-20)
(0.0023892 0.00244117 0)
(0.00235369 0.00240199 -2.40768e-20)
(0.00420331 0.00395736 0)
(0.00247876 0.00251956 -6.74027e-21)
(0.00233557 0.00205213 -2.46231e-20)
(0.00247953 0.0025197 -3.63869e-21)
(0.00239264 0.00240004 1.41564e-20)
(0.00188346 0.00215979 2.98134e-20)
(0.00236716 0.00241523 1.03785e-20)
(0.00247417 0.00252627 0)
(0.00247728 0.00251611 -6.20056e-21)
(0.0024879 0.00245074 7.18092e-21)
(0.00251205 0.00251493 2.30475e-20)
(0.00239152 0.0023987 -1.35681e-20)
(0.00240639 0.00237994 0)
(0.00241362 0.00263757 1.45904e-21)
(0.00250061 0.00250449 2.28707e-20)
(0.00250299 0.00250764 0)
(0.00250684 0.00251093 -8.05716e-24)
(0.00233811 0.00219801 -9.65605e-24)
(0.00236367 0.00239526 8.4818e-24)
(0.00249458 0.00249795 -7.03528e-21)
(0.00249549 0.00250041 -8.55627e-24)
(0.00239795 0.00242443 1.56182e-20)
(0.0024003 0.00232521 -1.71425e-20)
(0.00239776 0.0024076 -8.30863e-21)
(0.00238799 0.00242573 -8.23474e-21)
(0.00253266 0.00260631 2.10153e-23)
(0.00238745 0.00239416 -1.5249e-20)
(0.0023647 0.00241546 -4.33639e-21)
(0.00254919 0.00265363 -7.49916e-21)
(0.00422611 0.00395958 -2.79537e-21)
(0.0025884 0.00274764 -2.45033e-20)
(0.0024816 0.0025653 -7.24476e-22)
(0.00239536 0.00247888 -9.66667e-23)
(0.00239443 0.0024009 0)
(0.00239079 0.00239982 0)
(0.00236532 0.00241773 -1.94549e-21)
(0.0023686 0.00241509 -1.46879e-22)
(0.00236489 0.00241419 -2.38719e-21)
(0.00236631 0.00241304 -5.36144e-21)
(0.00236325 0.00241225 5.38669e-21)
(0.0041874 0.00395623 2.33288e-21)
(0.00240238 0.00241254 -1.5924e-20)
(3.05105e-05 2.27663e-05 -1.02368e-20)
(4.52277e-05 -1.64355e-05 5.05557e-21)
(9.25326e-05 0.000120368 1.41823e-21)
(0.000186092 -3.6008e-05 2.21168e-21)
(0.000989786 9.04626e-05 0)
(6.90818e-05 7.2447e-05 -9.14284e-22)
(0.000623542 0.000369597 3.80107e-20)
(5.89723e-05 0.00014669 0)
(0.000214357 -4.53002e-05 0)
(8.00707e-05 -1.72316e-05 -1.48457e-22)
(0.000625453 0.000106462 -1.4574e-20)
(0.00441939 0.00436336 -1.00746e-20)
(0.0044177 0.00436298 4.72656e-21)
(0.00467629 0.00460892 6.83189e-23)
(0.00427521 0.00401802 1.23056e-20)
(0.00421054 0.00395559 1.31086e-20)
(0.00449207 0.00443585 0)
(0.00467634 0.0046089 -4.52949e-21)
(0.00441104 0.00436467 -8.58805e-21)
(0.00448377 0.00443568 0)
(0.00449455 0.00443536 0)
(0.00420378 0.00397169 -1.14569e-20)
(0.00449624 0.00443389 -1.03273e-20)
(0.00420616 0.0039706 6.15277e-21)
(0.00441184 0.00436461 4.33482e-21)
(0.00467162 0.00460739 0)
(0.00449717 0.00443677 5.8044e-21)
(0.0044236 0.00436366 1.8619e-20)
(0.00449438 0.0044366 1.1071e-20)
(0.00467181 0.00460787 0)
(0.0046736 0.00460898 0)
(0.00449891 0.00443546 -1.75722e-20)
(0.00467285 0.00461043 5.20461e-21)
(0.00440654 0.00437523 0)
(0.00440301 0.00437843 0)
(0.00465996 0.00462362 0)
(0.00465975 0.00462215 -6.27099e-21)
(0.00447884 0.00444981 0)
(0.0044066 0.00437574 -3.11281e-21)
(0.00447975 0.00444739 -5.8602e-21)
(0.00466918 0.00461139 3.59398e-21)
(0.00467119 0.00460829 -5.30314e-21)
(0.0046667 0.00461332 1.35785e-20)
(0.00440221 0.00437748 0)
(0.00466186 0.00461811 -6.58537e-21)
(0.00465969 0.00462411 0)
(0.00467393 0.00460862 -8.36489e-21)
(0.00440318 0.00437741 3.11981e-21)
(0.00448031 0.00444536 -8.28626e-21)
(0.00443764 0.00419137 0)
(0.00442293 0.00436376 -1.29887e-20)
(0.00452014 0.00442135 -6.52108e-21)
(0.00465741 0.00462267 -1.05246e-20)
(0.00442297 0.00436328 -1.32068e-20)
(0.00465892 0.00462241 0)
(0.00442266 0.00436363 0)
(0.0046747 0.00461339 1.08512e-20)
(0.00443298 0.004186 1.27665e-20)
(0.00448024 0.00444547 2.69518e-21)
(0.00443381 0.00419194 -5.83384e-21)
(0.00448098 0.00444499 4.86927e-21)
(0.00465775 0.00462242 4.6843e-21)
(0.00442206 0.00436327 -7.13404e-21)
(0.00442047 0.00436306 7.41639e-21)
(0.00440308 0.00437712 5.25632e-21)
(0.00448089 0.00444577 -5.08754e-21)
(0.00465752 0.00462312 -4.93184e-21)
(0.00441691 0.0043626 0)
(0.00442164 0.00436339 7.06794e-21)
(0.00440532 0.00437583 -5.51228e-21)
(0.00465755 0.00462253 -4.28585e-21)
(0.00453252 0.00441158 -1.36137e-20)
(0.00448004 0.00444471 -4.46813e-21)
(0.0045277 0.00437245 0)
(0.00454733 0.00439808 -6.87613e-21)
(0.00440415 0.00437694 -6.07062e-21)
(0.00467521 0.00461 -1.28352e-20)
(0.00441919 0.00436248 -2.23864e-20)
(0.00454902 0.00438538 1.39307e-20)
(0.00441461 0.00436406 -7.70527e-21)
(0.00440312 0.00437594 9.11013e-21)
(0.00447786 0.00444592 0)
(0.00465667 0.00462357 0)
(0.00441416 0.00436414 1.5769e-20)
(0.00448714 0.00436056 0)
(0.00465649 0.00462561 1.88894e-21)
(0.00447683 0.00444807 1.9606e-21)
(0.00440426 0.00437769 3.77749e-21)
(0.00466823 0.004614 0)
(0.00447943 0.00422825 -1.36819e-20)
(0.00443294 0.00434179 0)
(0.00445571 0.00433696 1.49363e-20)
(0.0046734 0.0046134 -6.69332e-21)
(0.00440292 0.0043762 4.13934e-21)
(0.00467498 0.0046126 0)
(0.00445362 0.00429182 7.52155e-21)
(0.00469197 0.00458713 1.5021e-20)
(0.00467085 0.0046135 6.99921e-21)
(0.00429073 0.00381414 1.72195e-20)
(0.00415064 0.00378401 8.69076e-21)
(0.00441698 0.00435904 -8.02498e-21)
(0.00440353 0.00437644 -7.27837e-21)
(0.00424475 0.00354847 8.13939e-21)
(0.00474568 0.00453481 0)
(0.0044698 0.00445838 1.83056e-21)
(0.00412415 0.00366272 -1.77679e-20)
(0.00464836 0.00463503 1.73629e-21)
(0.00444443 0.00446789 1.97397e-21)
(0.00445943 0.0044641 8.55474e-22)
(0.00463864 0.00464067 -8.00709e-22)
(0.00442672 0.00357512 1.64547e-20)
(0.00462327 0.00464446 0)
(0.00458997 0.00464551 9.71875e-22)
(0.0046067 0.00441484 9.10452e-21)
(0.0044117 0.00446892 1.60573e-21)
(0.00439964 0.00448748 1.84578e-20)
(0.00505477 0.004593 3.24534e-20)
(0.000804363 0.000586302 -8.28715e-21)
(-3.57703e-05 0.00111985 4.3529e-24)
(3.56616e-05 2.84243e-05 -8.50826e-21)
(5.12034e-05 4.52739e-06 -1.99698e-21)
(6.24828e-05 0.000259789 0)
(0.000118008 -2.59743e-05 -6.92823e-21)
(6.72981e-05 -2.36345e-06 2.91801e-22)
(0.000698533 0.000610704 -8.71266e-24)
(0.00239894 0.00240407 -1.68564e-20)
(0.00449512 0.00443378 5.04501e-21)
(0.00239329 0.0023959 0)
(0.00240037 0.002444 3.61813e-21)
(0.00248762 0.00252384 7.36704e-21)
(0.00239629 0.00244091 -3.20734e-21)
(0.00250477 0.00250644 1.88962e-20)
(0.00237061 0.00241892 0)
(0.00242373 0.0024056 6.45232e-21)
(0.00248006 0.00253065 -4.13188e-21)
(0.00239342 0.00244511 -1.38437e-22)
(0.0025286 0.002541 -7.71129e-21)
(0.00447365 0.00445501 2.14903e-21)
(0.00439738 0.00438737 0)
(0.00236843 0.00242172 2.83983e-21)
(0.00465212 0.00463197 -9.52214e-22)
(0.00198113 0.0018423 1.81611e-20)
(0.0023887 0.0026053 1.02762e-21)
(0.00181799 0.00156626 1.65667e-20)
(0.00145654 0.00122544 -1.53607e-23)
(0.00102999 0.00165947 1.61775e-20)
(8.78601e-05 1.81592e-05 0)
(0.00420285 0.00397115 2.77791e-20)
(0.00426533 0.00402495 0)
(0.00420012 0.00396929 -1.89207e-20)
(0.004277 0.00400663 3.29173e-21)
(0.00427757 0.00400367 -7.18086e-21)
(0.00444009 0.00416827 0)
(0.00443319 0.00418974 -1.26623e-20)
(0.0042133 0.00394213 0)
(0.00424076 0.00402458 0)
(0.00444834 0.00416552 5.25403e-21)
(0.00428093 0.00400582 2.67698e-21)
(0.00443043 0.0041972 4.20506e-24)
(0.00427789 0.00401057 -9.88972e-22)
(0.00384956 0.00362366 -3.61334e-20)
(0.00444559 0.00416985 1.09501e-21)
(0.00421715 0.00394707 -1.23522e-21)
(0.00398107 0.00296297 8.18852e-23)
(0.00421461 0.00395463 0)
(0.00369 0.00329972 -2.41618e-22)
(0.00301163 0.00349451 -8.58384e-21)
(7.56699e-05 1.50947e-05 0)
(5.56342e-05 -8.81881e-05 0)
(0.00015415 0.000179231 -2.3095e-21)
(0.000126088 2.84067e-05 4.46878e-21)
(6.3848e-05 -2.92626e-05 2.58745e-21)
(6.28235e-05 8.99892e-05 -2.17673e-20)
(0.000773728 0.000208109 2.15702e-20)
(0.000795349 -0.000212334 2.81033e-20)
(5.63007e-05 5.77612e-05 5.39249e-22)
(0.0001088 2.34745e-05 0)
(0.000829817 0.000825009 4.47045e-21)
(0.000766338 0.00010845 -1.37002e-20)
(0.000232617 0.000193641 4.44688e-21)
(7.49247e-05 5.68593e-05 0)
(0.000158217 7.60369e-05 0)
(0.000637501 0.000364507 1.1589e-20)
(6.78415e-05 2.75153e-05 -5.49761e-22)
(0.000378214 0.000534806 1.16768e-20)
(0.000418499 0.000532334 3.51593e-20)
(0.000137807 6.14731e-05 0)
(0.000305691 -1.82936e-05 -9.77403e-21)
(5.60654e-05 3.75091e-05 2.77351e-22)
(3.47428e-05 6.77462e-05 -2.84165e-21)
(0.000469228 0.000647018 3.53419e-20)
(0.000559815 0.000150344 9.88591e-21)
(0.000377548 0.000485092 0)
(0.00089723 0.000107168 5.48209e-21)
(0.00063957 0.000565982 0)
(0.000196542 7.01079e-05 -1.65376e-20)
(0.000595546 0.000434975 -3.83308e-20)
(0.000136791 -5.25068e-06 -4.46616e-21)
(0.000653007 0.000179387 0)
(0.00038182 0.000573982 -3.06036e-20)
(0.000995289 0.000258258 -2.61583e-20)
(0.000510022 0.000482507 5.10342e-21)
(0.000230009 0.000227645 -1.94246e-20)
(3.77251e-05 8.73958e-05 1.13938e-21)
(0.000819097 3.89303e-06 0)
(9.56406e-05 -3.22592e-06 4.75899e-21)
(0.000278405 9.20457e-05 0)
(4.20367e-05 -8.84313e-05 7.32406e-21)
(7.90373e-05 3.39289e-05 4.25147e-21)
(0.000996722 0.000230871 1.15555e-21)
(0.000287678 5.38596e-05 1.9993e-21)
(0.000520235 0.000305845 -5.67487e-22)
(0.000132761 0.000207147 0)
(9.33665e-05 -2.60343e-05 -1.28849e-20)
(0.000589398 0.000190056 0)
(1.8158e-05 -2.86851e-05 -1.08815e-21)
(0.000526206 0.000251684 -2.1599e-20)
(4.0736e-05 3.68504e-05 1.17394e-21)
(4.6704e-05 4.60534e-05 0)
(0.000176949 5.10314e-06 0)
(0.000787637 0.000301174 2.91177e-20)
(0.000267241 0.000306769 -3.91122e-20)
(0.000687937 0.000289262 0)
(0.000664495 0.000217134 -3.48431e-20)
(0.000213596 0.000250801 1.34004e-20)
(0.000383667 0.000569915 -9.41128e-21)
(0.00102785 5.39543e-05 -5.00494e-21)
(0.000117643 4.02285e-07 -2.815e-22)
(0.000162067 0.00028279 5.05651e-21)
(0.000788204 0.000202948 -2.48772e-22)
(0.000285031 0.000369504 0)
(0.000245338 3.90829e-05 1.62147e-20)
(7.66153e-05 -3.15362e-05 -5.42499e-21)
(0.00175175 0.00136976 -1.62481e-20)
(0.00209986 0.00189408 2.69986e-20)
(0.00250926 0.00252865 -1.49978e-20)
(0.00240864 0.00240678 -1.28731e-20)
(0.00249735 0.00250272 4.57896e-24)
(0.00238823 0.00239288 -1.24833e-20)
(0.00238618 0.00239727 1.10752e-20)
(0.00416252 0.00403826 9.6257e-22)
(0.000100134 0.000354575 -1.70215e-20)
(0.000234484 0.00036474 1.91753e-20)
(0.00024307 0.000403288 0)
(0.000930074 0.000254303 1.5666e-20)
(0.000920314 8.17762e-05 -1.58666e-22)
(4.5439e-05 1.76843e-06 1.89343e-27)
(0.000320712 0.000247521 1.44806e-20)
(0.00240999 0.00241462 -1.06513e-20)
(0.000218455 0.000211183 -1.49654e-20)
(0.00465384 0.00462981 -2.26817e-21)
(0.00447511 0.00445292 -2.3703e-21)
(0.00443646 0.00419219 4.24644e-21)
(0.00496643 0.00414536 -1.63567e-20)
(0.00489621 0.00467357 1.61782e-20)
(0.00440022 0.00438398 2.29647e-21)
(0.00467337 0.00423146 -1.78468e-20)
(0.00147281 0.00133151 1.64391e-20)
(0.00236756 0.00242366 -1.35795e-21)
(0.00237262 0.00244997 -1.65126e-21)
(0.00437333 0.0043965 7.73154e-22)
(0.00228007 0.00222985 -8.28746e-21)
(0.00238928 0.00244251 -3.95211e-21)
(0.00247576 0.00252887 3.63934e-21)
(0.00529943 0.00424682 8.16979e-21)
(0.00247702 0.00252733 -3.25084e-21)
(0.00236283 0.0024166 1.66231e-21)
(0.00239122 0.00244256 -5.19678e-21)
(0.00465775 0.00462573 1.52513e-21)
(0.00447832 0.00444844 -1.58705e-21)
(0.0042779 0.00402216 2.64282e-22)
(0.00450205 0.00443275 -1.91704e-20)
(0.00442052 0.00436304 7.35959e-23)
(0.0046714 0.00460922 0)
(0.00239411 0.00244081 1.06085e-20)
(0.00447948 0.00444985 -6.78857e-21)
(0.00444416 0.00418088 4.52972e-21)
(0.00237085 0.00241918 7.78421e-21)
(0.00420426 0.00396861 -4.97823e-21)
(0.00421284 0.00396291 5.25258e-21)
(0.00440649 0.00437591 3.84946e-21)
(0.00427067 0.00403377 -9.26912e-21)
(0.00240021 0.0024405 0)
(0.00449335 0.00443381 -2.55834e-20)
(0.00249087 0.00252011 -3.9265e-21)
(0.00467007 0.00461163 -3.86553e-21)
(0.000432653 0.000415829 0)
(0.000334897 0.000399532 -2.65609e-20)
(0.000833207 0.000198969 -1.66896e-20)
(0.000160187 3.50722e-05 2.17631e-21)
(0.000308636 0.000574812 -1.12294e-20)
(0.000341064 0.000341757 0)
(4.51668e-05 5.13442e-06 -7.32721e-22)
(0.000742229 0.000944584 0)
(0.000716133 0.000599488 1.03685e-21)
(0.00443886 0.00417456 -3.76951e-21)
(0.00421298 0.00394272 0)
(0.0042767 0.00400779 7.50974e-21)
(0.00420595 0.00396882 -1.449e-22)
(0.00427673 0.00400703 0)
(0.00420442 0.00396847 1.24462e-20)
(0.00421613 0.00394777 0)
(0.00426286 0.00402617 1.565e-20)
(0.00443814 0.00418921 -1.23292e-20)
(0.00420862 0.00395804 0)
(0.00428294 0.00400872 1.55521e-21)
(0.00425771 0.00402458 0)
(0.00415973 0.00307098 -8.26469e-21)
(0.00416812 0.00398972 -5.17061e-22)
(0.00444921 0.00416771 -1.49384e-21)
(0.00443744 0.00420481 1.47476e-20)
(0.00400928 0.00355725 1.7768e-20)
(0.00408756 0.00322971 0)
(0.00427696 0.0040141 -2.94806e-21)
(0.0044443 0.00417361 1.8677e-21)
(0.0033364 0.00320177 -1.63983e-20)
(0.000435128 0.000451966 -1.77045e-20)
(9.35842e-05 -4.80276e-05 5.10642e-21)
(0.00047702 0.000369648 -4.91865e-21)
(0.000906034 1.67844e-05 -1.00607e-21)
(0.000767103 0.000309657 -9.32881e-21)
(0.000918203 0.000284452 4.00983e-21)
(0.000170794 0.00021583 8.18549e-21)
(0.00420459 0.00396376 -4.34736e-23)
(0.00427775 0.00401007 3.919e-21)
(0.0044316 0.00420097 4.46333e-23)
(0.00421768 0.00394561 3.19319e-21)
(0.000671889 0.00039202 -1.90051e-21)
(0.000944344 0.000518725 -1.26844e-20)
(0.000751834 -3.47641e-05 4.32872e-21)
(0.00100863 0.000528104 3.58377e-21)
(0.000810693 0.000396347 0)
(0.000299715 0.000561694 8.71565e-22)
(0.00105341 0.000392641 -2.20023e-21)
(0.000264072 0.000275478 2.04444e-20)
(5.63792e-06 -1.6834e-05 -7.76648e-22)
(0.000763996 0.000380446 0)
(0.00105286 0.000268265 -2.6762e-20)
(4.32564e-05 1.04081e-05 -3.2352e-20)
(0.000417403 0.00072151 -8.15886e-21)
(0.000324975 0.000534489 -8.7592e-21)
(0.000370985 7.62735e-05 0)
(0.00018288 5.82919e-05 -1.83316e-21)
(0.00108125 0.000307828 -1.11955e-21)
(3.96615e-05 2.85322e-06 1.07417e-20)
(9.68696e-05 4.31763e-05 -4.22691e-21)
(0.000115821 5.43311e-05 4.62555e-21)
(0.000381958 0.000418942 2.60413e-20)
(0.000876542 6.88208e-05 0)
(3.42163e-05 2.00065e-06 -3.18911e-20)
(0.000245343 0.000169136 -3.06749e-21)
(0.000734859 -0.000229747 -5.30765e-21)
(0.000686876 0.000398411 -1.19873e-20)
(0.000196355 0.000125743 3.82592e-21)
(3.13487e-05 1.12499e-05 0)
(0.000674189 0.000400914 -5.39725e-21)
(0.000192336 0.000178216 5.30153e-21)
(0.000120688 0.00036932 0)
(0.00050791 0.000313332 -1.79161e-20)
(4.14197e-05 -7.32955e-06 -1.1708e-20)
(0.000554613 -0.000141634 1.11446e-20)
(0.000726674 6.96718e-05 7.96456e-21)
(0.000707679 0.00038709 -8.34339e-22)
(0.000430408 -3.81641e-05 2.38224e-21)
(0.0041603 0.00391951 -3.52397e-22)
(0.00439119 0.00413623 -3.85125e-22)
(0.00422502 0.00398097 0)
(0.00440334 0.00437845 -1.5691e-21)
(0.00466515 0.00461685 7.23198e-21)
(0.00448402 0.00443562 -7.97471e-21)
(0.00441914 0.00436444 -1.5758e-20)
(0.00455509 0.00482761 0)
(0.00444226 0.00383847 -7.96022e-21)
(0.00446726 0.00430764 1.65072e-20)
(0.00428445 0.00400826 0)
(0.00445105 0.00416616 -4.99506e-21)
(0.00421478 0.00394075 -3.99024e-21)
(0.00426437 0.00402586 1.87324e-20)
(0.00443191 0.00419201 -2.88174e-20)
(0.00444089 0.00417571 7.89186e-21)
(0.00426735 0.00403076 -1.48767e-20)
(0.00421121 0.00395603 0)
(0.00427518 0.00401721 0)
(0.000439193 0.000341052 5.62533e-21)
(0.00101817 8.74826e-05 2.08936e-20)
(0.000919847 0.000269876 2.57071e-20)
(0.000394986 0.000384891 2.24547e-20)
(0.000278282 0.000636869 0)
(0.00075406 0.000334117 -5.16661e-21)
(0.00054328 1.33046e-05 -1.47075e-20)
(0.00012851 9.11506e-05 0)
(0.00070972 0.000561093 2.08652e-21)
(3.87676e-05 1.89571e-06 1.13373e-20)
(0.000979688 0.000151697 -3.99635e-21)
(0.000773753 8.58785e-05 0)
(0.000803362 0.000237472 0)
(0.000180482 0.000290741 0)
(0.000314696 0.000602116 1.68391e-20)
(0.000840724 0.000321136 -2.34729e-21)
(0.000836365 0.000274219 -7.45137e-21)
(0.000893956 0.000255926 0)
(0.000891756 0.000341443 2.97004e-21)
(0.00468971 0.00431666 0)
(0.0050738 0.0042097 8.39124e-21)
(0.00237406 0.00244204 -2.98287e-21)
(0.00452622 0.00500096 1.62628e-20)
(0.00440319 0.00438046 -1.37537e-21)
(0.00531562 0.0043704 -8.01077e-21)
(0.00434096 0.00439835 -1.14378e-21)
(0.00247958 0.00253646 1.00263e-22)
(0.00239267 0.00245029 2.92151e-21)
(0.00447838 0.00445027 -1.542e-21)
(0.00465777 0.0046276 4.2561e-21)
(0.00466828 0.00461134 -1.47685e-20)
(0.00467327 0.00460842 -6.21611e-21)
(0.00440471 0.00437805 0)
(0.00451133 0.00442894 -1.26463e-20)
(0.00447935 0.00445057 0)
(0.00442255 0.00436394 -6.16194e-21)
(0.00448538 0.00444086 3.73932e-21)
(0.00442226 0.0043669 5.41249e-21)
(0.00467003 0.00461149 -3.58095e-21)
(0.0024071 0.00241274 5.0776e-21)
(0.00398973 0.00536281 0)
(0.00117566 0.00132236 0)
(0.00508301 0.00440824 0)
(0.0036167 0.00378548 9.04076e-21)
(0.00439661 0.00421206 -1.20114e-22)
(0.00465569 0.00462909 -2.5752e-21)
(0.00426884 0.00403639 -1.39373e-21)
(0.0042314 0.0040517 -5.99556e-22)
(0.00443533 0.00419565 -7.66394e-22)
(0.00447611 0.0044518 -2.68239e-21)
(0.00209258 0.00171061 0)
(0.00236908 0.00242715 2.10366e-21)
(0.00478015 0.00419483 2.39419e-20)
(0.00519483 0.00423464 -1.6285e-20)
(0.00443814 0.00418067 0)
(0.00225018 0.00205092 8.6692e-21)
(0.00457767 0.00420579 0)
(0.00247815 0.00252959 -1.19531e-21)
(0.00467127 0.0042828 -2.4601e-20)
(0.00208876 0.00188688 -8.26366e-21)
(0.00421717 0.00394319 0)
(0.00427126 0.00402142 -2.42475e-21)
(0.00239259 0.00244394 1.10626e-21)
(0.00462909 0.00419238 0)
(0.00237247 0.00248444 -1.32578e-21)
(0.00440259 0.00438144 1.35883e-21)
(0.00438828 0.00439203 -2.42891e-21)
(0.00331753 0.00306978 0)
(0.00443597 0.00415111 -7.64239e-21)
(0.00421749 0.00394417 1.32633e-22)
(0.00421686 0.0039449 0)
(0.00420043 0.00396862 8.35756e-21)
(0.00373865 0.00372581 6.27136e-21)
(0.00421534 0.00394691 0)
(0.00236805 0.00241942 0)
(0.00421632 0.00394483 0)
(0.00239432 0.00244491 4.68473e-21)
(0.00383452 0.00384478 -1.6827e-20)
(0.00248048 0.00253 4.49881e-21)
(0.00251454 0.00252757 -1.4414e-20)
(0.00467465 0.00460843 3.12853e-20)
(0.00442647 0.00419523 7.02436e-21)
(0.00394437 0.00390191 1.53891e-20)
(0.00420149 0.00397336 0)
(0.00427918 0.004011 -4.90882e-21)
(0.00444942 0.00416557 0)
(0.00428241 0.00400856 -1.97014e-21)
(0.00402937 0.00395406 0)
(0.0044491 0.00416523 4.30089e-21)
(0.00428178 0.00400847 4.48778e-21)
(0.00420227 0.0039733 -7.86449e-21)
(0.0044469 0.00416688 -4.76922e-21)
(0.00421482 0.00394472 0)
(0.00442723 0.00419201 1.39244e-20)
(0.00421499 0.00394592 -5.25717e-21)
(0.00421548 0.00394623 -5.94127e-21)
(0.00444798 0.00416599 0)
(0.0041068 0.00399164 -7.08993e-21)
(0.00419896 0.00397097 7.68426e-21)
(0.00421557 0.00394666 4.96308e-21)
(0.00442907 0.00418689 6.7156e-21)
(0.00421512 0.00394381 0)
(0.00416306 0.0040096 6.96342e-21)
(0.00428012 0.00401023 0)
(0.00419941 0.0039702 0)
(0.00427855 0.00401093 1.03717e-20)
(0.00444574 0.00416689 1.00829e-20)
(0.00420331 0.00401931 2.05553e-20)
(0.0042163 0.00394662 1.12422e-20)
(0.00443206 0.0041867 1.33582e-20)
(0.00422929 0.00402085 -6.68177e-21)
(0.00420141 0.00396726 7.40679e-21)
(0.00444474 0.00416686 5.28638e-21)
(0.0042783 0.00401046 -1.24776e-22)
(0.00427824 0.00400853 -3.02476e-21)
(0.00251209 0.00251702 1.33207e-22)
(0.00419781 0.00396806 -7.3002e-21)
(0.00444116 0.00416744 -3.00135e-21)
(0.004672 0.00460909 0)
(0.004199 0.00396615 -7.14181e-21)
(0.00427812 0.004009 0)
(0.00420024 0.00396574 6.56886e-21)
(0.00241859 0.00242327 -1.83821e-20)
(0.00420228 0.00396646 -9.48219e-24)
(0.00419872 0.00396534 2.04828e-20)
(0.00444314 0.00416699 5.63859e-21)
(0.00420171 0.00396716 2.01127e-20)
(0.0024017 0.0024044 2.39334e-20)
(0.00442348 0.00436553 -2.24076e-20)
(0.00239669 0.00244186 3.30909e-21)
(0.00443999 0.00416508 9.09486e-21)
(0.00444006 0.00416264 0)
(0.00442131 0.00436221 -5.97242e-21)
(0.00426281 0.00402671 1.12817e-20)
(0.00448105 0.00444657 0)
(0.00426217 0.00402863 -5.81832e-21)
(0.00442198 0.00436301 5.78453e-21)
(0.00237196 0.00241935 0)
(0.00467374 0.00461035 0)
(0.00444028 0.00416152 1.32169e-20)
(0.00421326 0.00395945 -4.8976e-21)
(0.00426743 0.00402577 -2.25525e-20)
(0.00420038 0.00396743 5.03139e-21)
(0.00426401 0.00402484 1.07561e-20)
(0.00444144 0.00416392 -6.87479e-21)
(0.00242193 0.00242205 -1.00281e-20)
(0.00240132 0.00244212 -7.47573e-21)
(0.00443208 0.00418804 5.36656e-21)
(0.00239747 0.0024067 -5.35331e-21)
(0.00443174 0.00418595 -1.35155e-22)
(0.00443021 0.00418841 4.41336e-21)
(0.00421196 0.00395066 8.52498e-21)
(0.00442849 0.00418505 4.82215e-21)
(0.00443092 0.00418513 5.13823e-21)
(0.00249208 0.00252312 1.34744e-22)
(0.00443068 0.00418804 2.27743e-20)
(0.0044296 0.00418525 -1.33882e-22)
(0.00427769 0.00402087 -4.52989e-21)
(0.00442628 0.00418566 -4.79109e-21)
(0.004444 0.00417898 -8.5611e-21)
(8.83462e-05 0.000476747 1.51774e-20)
(0.00112031 -1.53358e-05 0)
(0.00440246 0.00437982 -1.52397e-21)
(0.0046639 0.00461806 -7.33477e-21)
(0.00448536 0.00443652 -3.69772e-21)
(0.00441943 0.00436672 -1.10903e-20)
(3.48615e-05 -8.45992e-06 -1.09416e-20)
(0.000822037 8.33131e-05 -1.23533e-21)
(0.000387397 0.00051104 -1.13246e-20)
(0.000812176 0.000477902 8.19696e-22)
(0.000297168 0.000691563 0)
(0.00123887 0.000204805 -2.24872e-21)
(0.000556824 0.000269088 -4.00329e-21)
(0.000797794 0.000106318 -3.01055e-21)
(0.000131445 0.000155865 -1.79647e-20)
(0.000290231 0.000397209 0)
(0.000700469 0.000505083 -1.54385e-26)
(0.000234173 0.000374378 8.14775e-21)
(0.00083915 1.86777e-05 -1.32868e-21)
(0.00129065 0.000526581 1.4985e-20)
(0.000184393 -0.000125589 1.22464e-21)
(0.00052023 0.000429635 2.37639e-20)
(4.35145e-05 3.11877e-06 2.51583e-20)
(0.00448818 0.00443501 4.32887e-21)
(0.00441504 0.00436318 -2.34856e-20)
(0.00449482 0.00443409 9.48081e-21)
(0.00432895 0.0037751 -1.52218e-20)
(0.00449914 0.00443435 1.18916e-20)
(0.00417254 0.0038854 8.66995e-21)
(0.00484747 0.00444361 0)
(0.00467584 0.00461327 -1.65917e-20)
(0.00467193 0.00460926 4.20922e-21)
(0.00465698 0.00462494 -5.48018e-21)
(0.0044773 0.00444759 3.61685e-21)
(0.00441287 0.00436596 8.08225e-21)
(0.00299617 0.00396115 8.88454e-21)
(0.000888534 0.000497238 0)
(0.000481856 6.4963e-05 2.75837e-21)
(0.000894535 0.000144402 0)
(2.04524e-05 9.37797e-07 0)
(4.48841e-05 -2.77864e-06 1.04725e-20)
(0.00066894 0.000340283 -3.66699e-21)
(2.87589e-05 4.14685e-06 3.69745e-20)
(0.000525303 0.000469421 2.10663e-21)
(0.00230452 0.00475036 5.14864e-21)
(3.93932e-05 -6.38885e-06 1.12243e-20)
(0.000817869 0.000211281 0)
(0.000419053 0.000480889 6.61691e-21)
(0.000186114 0.000136823 5.35013e-21)
(4.33879e-05 -1.04821e-06 -1.09396e-20)
(0.000170834 0.000552491 -1.59868e-20)
(0.000885359 7.47784e-05 -1.52419e-22)
(0.000196872 0.000575672 0)
(0.000279174 0.000781007 0)
(0.00421769 0.00394194 -3.48943e-21)
(0.00443065 0.00420131 7.237e-21)
(0.00427554 0.0040121 8.11399e-21)
(0.00420537 0.00396616 -1.05086e-20)
(0.00324803 0.00354246 -8.08014e-21)
(0.00500507 0.00432473 -1.60822e-20)
(0.00418913 0.00394583 -4.09377e-20)
(0.00451316 0.00416663 2.56842e-21)
(0.00447728 0.00444789 -1.78102e-21)
(0.0046569 0.00462508 3.30908e-21)
(0.00449908 0.00443392 -6.22385e-21)
(0.00467593 0.00461293 1.72191e-20)
(0.00441013 0.00436967 -3.82459e-21)
(0.00466985 0.00461114 -4.04027e-21)
(0.00449396 0.00443333 1.97001e-20)
(0.00441195 0.00436356 4.48786e-21)
(0.00448496 0.0044352 -4.26703e-21)
(0.00057965 0.000504782 5.92808e-21)
(0.00085555 4.04029e-05 0)
(0.000449519 0.000145777 1.30244e-24)
(0.0011365 0.00082192 -8.13493e-21)
(0.000993586 0.000348623 3.24669e-21)
(0.00407183 0.00508056 -7.94769e-21)
(0.00443763 0.00404113 7.95565e-21)
(0.00451901 0.00437547 9.70149e-21)
(0.00451712 0.00425621 0)
(0.00445014 0.00416625 3.67804e-21)
(0.00428352 0.0040086 -1.83775e-21)
(0.00426164 0.00402728 -1.18786e-20)
(0.00443114 0.00419052 2.19135e-20)
(0.00427639 0.00401922 0)
(0.00421273 0.00395767 9.40413e-21)
(0.00421454 0.00394556 -1.47613e-22)
(0.00426541 0.00403386 1.38758e-22)
(0.00444213 0.00417715 0)
(0.0006709 0.000381592 0)
(0.000709762 5.88307e-05 5.555e-21)
(0.00267886 0.0031789 -1.47642e-22)
(0.00228641 0.0025967 -4.70982e-22)
(0.00284604 0.0033571 -1.18722e-22)
(0.0027378 0.00324038 -1.30986e-22)
(0.00238772 0.00271724 -4.17419e-22)
(0.00230791 0.00262889 0)
(4.30737e-05 -3.62028e-06 -3.26536e-22)
(0.000180097 0.000104969 0)
(0.000294659 0.000634542 0)
(3.19338e-05 2.12828e-06 -4.23338e-20)
(0.000184552 0.000400117 3.32699e-20)
(0.000640902 0.000383068 -2.74402e-20)
(7.53056e-05 0.000874615 6.05779e-21)
(3.84895e-05 3.50438e-06 1.9441e-25)
(0.000723185 0.000518644 -3.79222e-21)
(4.80043e-06 9.88405e-05 -8.91637e-21)
(2.17106e-05 3.21311e-05 -7.31897e-21)
(0.000893917 0.000205179 -5.93321e-21)
(7.81233e-05 0.000652351 1.14781e-21)
(0.000748388 0.000332743 6.25974e-21)
(0.00038692 0.000211991 3.01569e-23)
(0.000714329 0.000460085 8.94643e-21)
(0.00110895 0.000151653 0)
(0.000101694 0.000481536 -6.68592e-21)
(0.000102967 -0.000130587 -1.0882e-21)
(0.000110283 0.00010597 -2.7332e-20)
(8.97603e-05 0.000126731 0)
(2.21423e-05 5.47973e-05 2.48427e-21)
(0.00454698 0.00464143 1.70356e-23)
(0.00437236 0.00446484 8.79453e-23)
(0.000807371 2.50615e-05 -3.87982e-21)
(0.00331821 0.00334392 -1.76133e-20)
(3.46435e-05 -1.22996e-05 4.99777e-21)
(0.000465498 0.000157423 -1.43865e-20)
(0.00256316 0.00270142 3.18022e-20)
(2.24218e-05 -2.93715e-06 -5.77132e-21)
(0.000114096 0.000222448 -1.73526e-20)
(0.00439032 0.00426321 -8.77838e-22)
(0.00422441 0.00410176 -4.95913e-22)
(0.000231423 6.05944e-05 2.27447e-20)
(0.000142676 0.00013495 1.13881e-20)
(0.00168701 0.000474531 0)
(4.54209e-05 0.000120053 -2.59348e-21)
(0.00110273 0.000429354 0)
(8.69575e-05 0.000738249 0)
(0.000633911 0.000521284 1.99925e-21)
(3.69686e-05 4.78589e-06 -3.34432e-20)
(0.000264473 0.000489708 2.13463e-20)
(0.000437005 -0.000260868 2.89263e-20)
(0.000898558 -4.06587e-05 -4.39042e-20)
(3.96654e-05 4.81744e-06 -1.17991e-20)
(0.00010777 -5.58073e-05 9.4747e-21)
(0.000129845 0.000275512 0)
(0.00430413 0.0043909 4.48395e-22)
(0.000681661 0.000359457 -4.91162e-22)
(0.000946702 0.000402968 -1.20154e-20)
(0.00054431 0.000133314 -3.5194e-21)
(0.000637907 0.000385532 1.55868e-21)
(0.000163301 0.000349093 -4.70754e-20)
(0.0012092 0.000280975 1.45969e-20)
(3.76755e-05 -0.000377261 9.06569e-21)
(0.000135281 0.000146078 0)
(0.000582837 -5.62905e-05 -4.70177e-21)
(2.7779e-05 4.45322e-05 -2.52496e-21)
(0.000556654 0.000144535 2.40689e-20)
(5.07888e-05 -4.09255e-05 0)
(0.000852434 0.000111094 4.8965e-21)
(0.000242525 0.000448756 0)
(4.03383e-05 1.27329e-05 8.46172e-21)
(0.000530788 4.44732e-05 1.06711e-24)
(0.000321457 0.000521045 -1.0851e-20)
(0.00133873 0.000197258 0)
(0.000766926 0.000119902 -4.45863e-21)
(0.00100113 0.000444752 5.40841e-21)
(0.00277818 0.00277947 4.79341e-22)
(0.00279737 0.00281266 0)
(0.00290447 0.00291698 -8.37113e-22)
(6.90053e-05 -7.71856e-05 0)
(0.000861408 0.000160966 5.38977e-21)
(0.00402368 0.00431393 -2.81954e-20)
(0.000875986 0.000103909 8.00219e-22)
(2.91698e-05 0.000398778 -1.87349e-24)
(0.00142938 0.000693207 3.23177e-20)
(0.000705327 0.000271212 1.53259e-20)
(2.49984e-05 0.000533801 -6.95476e-21)
(0.000581493 0.000426223 -8.49269e-21)
(4.46043e-06 4.44697e-06 0)
(0.000640247 0.000471753 -4.27748e-21)
(2.60358e-05 -1.20125e-05 2.34617e-20)
(0.0033181 0.00386447 -2.91743e-20)
(2.54158e-05 6.97562e-05 4.64272e-21)
(0.000240541 0.000542467 -8.16706e-24)
(0.000868427 2.12418e-05 3.55043e-21)
(0.000396083 0.00135566 -3.18844e-22)
(0.000135007 9.21982e-05 0)
(0.000698677 0.000813689 -4.44277e-21)
(1.80234e-05 3.01221e-05 2.23365e-20)
(0.000630132 0.00108433 1.40818e-20)
(0.000139978 0.000568633 2.72085e-21)
(2.27925e-05 -1.16173e-05 -3.32398e-20)
(0.000146575 0.000462615 0)
(-0.000753002 0.000268195 -1.19479e-21)
(2.18712e-05 -8.66705e-07 1.383e-20)
(0.000675585 0.0014912 2.73607e-21)
(0.000101017 0.000608177 1.03256e-21)
(0.000209679 0.000430245 -1.40624e-20)
(0.00091544 0.00054668 1.32773e-20)
(0.000457185 0.000220884 6.02935e-21)
(0.00204108 0.00275735 -1.2643e-20)
(0.000660324 0.000297552 3.6141e-21)
(1.76228e-05 2.79199e-05 6.01187e-21)
(0.000152241 0.000302086 -4.17454e-21)
(0.000487694 0.00111795 -8.83223e-21)
(4.61087e-05 0.000583719 0)
(0.000240496 0.000513082 0)
(1.98989e-05 8.85378e-06 -6.43369e-26)
(0.000886913 5.21459e-05 -3.68724e-21)
(0.000462408 0.000324428 -1.07774e-20)
(0.00067743 0.000417337 1.24009e-20)
(0.00086601 4.58444e-05 2.64457e-21)
(0.00148468 -0.000271897 0)
(0.00085689 0.000246781 2.74324e-22)
(0.00383081 0.00466148 9.28475e-21)
(3.6743e-05 0.000106368 -9.28288e-21)
(5.41199e-05 0.000157527 -9.53267e-21)
(0.000149516 0.00043944 0)
(-0.000539625 -0.000253066 0)
(0.000142158 0.000388352 2.02767e-20)
(0.000811728 0.000159349 -1.79331e-20)
(0.00197714 0.00236947 3.33167e-23)
(0.000345287 0.000580187 1.3386e-20)
(0.000979064 0.00204869 0)
(0.00030604 0.000591918 -2.95953e-20)
(0.00285175 0.00291633 2.01066e-20)
(0.000727714 0.000545284 1.01534e-20)
(0.00231713 0.00173489 0)
(0.000677362 0.000132503 -1.48219e-20)
(1.70731e-05 -1.46505e-05 -6.46462e-21)
(0.0011693 0.00082853 1.83653e-20)
(0.000690128 0.000294652 0)
(0.000686863 0.000465041 0)
(0.000769634 0.000269353 -1.36763e-20)
(0.00430756 0.00407484 1.09046e-21)
(0.00413585 0.00392363 -4.11141e-22)
(0.00407119 0.00387231 -7.16299e-22)
(0.0010472 0.000527463 -5.50727e-21)
(3.97604e-06 1.32363e-05 0)
(4.4642e-05 9.99458e-05 0)
(0.00122289 0.00260994 -1.54565e-21)
(4.85467e-05 -5.08041e-05 -6.04572e-21)
(0.00412588 0.004556 9.07171e-21)
(0.000122008 0.000248129 8.41043e-21)
(2.84738e-05 -2.57377e-05 5.589e-21)
(0.000519502 0.000284005 1.11958e-20)
(0.00113021 0.000431869 1.06311e-20)
(0.00110454 0.0021282 5.94084e-21)
(0.00364127 0.00461449 -2.54122e-20)
(0.000901001 0.000166224 -1.1438e-20)
(0.000171481 0.000702802 0)
(0.00244856 0.00198608 -1.3903e-20)
(0.000523788 0.000508941 -4.1798e-21)
(0.000883225 0.000138435 -1.29111e-21)
(0.000561332 0.000436294 1.03118e-20)
(0.000446978 0.000243411 -1.25184e-21)
(3.04748e-05 5.41902e-05 2.25136e-21)
(0.000878918 -6.90911e-05 0)
(0.000222159 0.000771092 3.0172e-21)
(0.000910437 0.000402711 0)
(3.35392e-05 -3.18088e-06 3.74224e-20)
(0.000535493 0.000236746 -9.40054e-21)
(6.8503e-05 -5.58292e-05 7.9726e-21)
(0.000130814 -0.000172565 1.18512e-21)
(0.000687498 4.94511e-05 0)
(3.78637e-05 -2.23399e-05 -9.79291e-21)
(0.000652242 0.000452812 -2.08724e-21)
(0.000576575 0.000476862 1.09417e-20)
(0.00310829 0.00381821 7.24172e-21)
(0.000410633 8.35563e-05 2.98798e-21)
(0.00108861 7.28843e-05 0)
(0.000129172 -8.63699e-05 -4.58107e-21)
(0.000602553 0.00039639 -4.10164e-21)
(0.00103139 0.000223516 7.47369e-21)
(0.000163774 0.000350281 1.90801e-20)
(6.80883e-06 7.95812e-05 8.98408e-21)
(0.00049518 0.000614997 1.33181e-20)
(0.00104664 8.16418e-05 -2.47042e-21)
(0.00102591 4.46903e-05 6.44659e-21)
(0.00105154 8.7018e-05 0)
(0.000358886 -4.34584e-05 5.1312e-25)
(0.000548471 0.000164857 0)
(0.000150691 0.000686752 -1.37596e-21)
(0.000889637 5.06068e-05 0)
(0.000372152 -0.00018307 -9.92951e-21)
(-3.50585e-05 0.000390655 -6.5245e-21)
(0.000834129 0.000175974 0)
(3.80017e-05 0.00074973 -1.19475e-21)
(0.000911096 0.000100275 -2.56025e-21)
(0.00398554 0.00392386 -5.36612e-22)
(0.00222008 0.00258013 -1.03974e-20)
(-0.000388778 0.000701592 -1.59887e-20)
(5.42309e-05 0.000201701 -2.27285e-20)
(0.000911906 0.000319823 -1.78997e-20)
(0.000677609 0.000487792 -5.49221e-21)
(-8.56999e-05 0.000439766 -4.02255e-21)
(0.000889905 0.000270328 1.73264e-20)
(0.000874408 0.000236746 7.30638e-21)
(0.000417728 -0.000197038 0)
(0.0040447 0.00399305 0)
(0.00419996 0.00415273 7.91501e-22)
(0.000395151 0.000801903 -2.94021e-23)
(0.000613349 8.70578e-06 3.68285e-21)
(0.000727505 0.000110532 -2.80444e-20)
(0.00109651 9.36692e-05 -7.09707e-22)
(0.000726982 0.000282895 0)
(0.00290384 0.00241457 2.70425e-21)
(4.38826e-05 -3.04607e-05 1.27365e-21)
(1.31616e-05 1.16455e-05 2.39771e-21)
(0.00425183 0.00434652 -9.34642e-22)
(0.000709239 0.000335059 3.59448e-21)
(0.001078 0.000110156 4.05874e-21)
(0.00432267 0.00441497 9.07059e-22)
(0.00449846 0.00459047 4.61823e-22)
(0.000995743 1.63767e-05 -8.92305e-25)
(0.000988403 0.00103998 9.07282e-21)
(0.000470191 0.00084552 -1.09818e-20)
(1.21595e-05 3.37743e-06 0)
(0.00353952 0.00423491 3.85206e-23)
(0.0012386 0.0028157 8.47516e-21)
(0.00229072 0.00203928 0)
(0.00237969 0.00211523 -2.38757e-22)
(0.00228043 0.00203895 -3.69904e-22)
(-0.000159345 0.00220948 2.82647e-22)
(2.45816e-05 1.55169e-05 -1.07253e-20)
(0.00090132 0.000140023 0)
(0.00181779 0.00174898 3.39968e-20)
(0.00094507 0.00262387 0)
(0.00208601 0.00213594 2.18433e-20)
(0.00268144 0.00228724 -9.29103e-21)
(-0.000188958 0.00367676 -1.20618e-20)
(0.000699878 -0.000634515 -4.29924e-20)
(0.000772767 0.000158276 3.73691e-20)
(0.00272324 0.00442796 -1.35385e-20)
(0.000302639 0.000754104 -1.95962e-21)
(0.000668532 0.000451854 0)
(0.00186294 0.00109576 -1.59594e-20)
(8.50679e-05 0.000167592 0)
(0.00279029 0.00230702 2.33012e-20)
(0.00133704 0.00113391 -1.46242e-20)
(0.00333614 0.00494236 0)
(0.00076877 0.000939397 1.55591e-20)
(0.000124594 -0.000372379 -1.3956e-21)
(0.00432722 0.00454639 6.88278e-23)
(0.00416076 0.00437574 2.65766e-22)
(0.000615641 0.000477374 -7.65094e-21)
(0.000977764 0.00053251 -8.00351e-21)
(0.000598829 0.000619317 -2.95212e-20)
(0.00272658 0.0033739 9.04953e-21)
(0.00283896 0.00431434 7.8505e-22)
(6.26767e-05 0.000164021 0)
(0.00408626 0.00431115 2.43527e-22)
(0.00230892 0.00150581 5.18701e-20)
(0.00217659 0.00193149 0)
(8.52406e-05 0.000194396 1.24069e-20)
(0.000103675 0.000203927 0)
(0.000893725 0.00172911 -3.5206e-20)
(0.00065707 0.000469043 2.14799e-21)
(0.00272081 0.00189558 -2.79858e-20)
(0.00110085 0.000246191 0)
(0.00231866 0.00114144 1.64426e-20)
(0.0032513 0.00569746 0)
(0.00343346 0.00523891 -8.38668e-21)
(0.00247909 0.00246172 1.07596e-22)
(0.00258793 0.00256507 1.02313e-22)
(0.00244131 0.00242732 -1.98761e-22)
(0.000642765 0.000479683 0)
(0.000649569 0.000495989 4.65103e-21)
(0.0031914 0.00457338 6.64893e-21)
(0.0028181 0.00275456 1.35271e-20)
(0.00269566 0.0039053 1.81895e-20)
(0.00237728 0.00458485 2.39993e-20)
(0.00150538 0.00421917 0)
(0.00207139 0.00352325 8.52714e-21)
(0.000623915 0.00186189 1.81499e-20)
(0.00367671 0.00405446 -7.6107e-23)
(0.00374241 0.00410077 0)
(0.0038923 0.00423978 -3.46731e-25)
(0.00282871 0.00287495 1.91229e-22)
(0.00290371 0.00292792 0)
(0.00305433 0.00305768 0)
(0.00015419 0.00339095 -9.32469e-21)
(0.00314684 0.00358476 3.0593e-22)
(0.00318706 0.00363218 8.22904e-23)
(0.00189803 0.00017972 4.28345e-21)
(0.00330807 0.00376893 8.80216e-23)
(0.00177399 0.00215408 -9.73025e-22)
(0.002389 0.0025939 4.04994e-22)
(0.00180677 0.00218484 -5.02687e-22)
(0.00242701 0.00262741 3.7232e-22)
(0.00190203 0.00228398 -5.3109e-22)
(0.00253874 0.00273394 3.5652e-22)
)
;

boundaryField
{
    back
    {
        type            empty;
    }
    front
    {
        type            empty;
    }
    ingreso
    {
        type            fixedValue;
        value           uniform (0.000970309 0 0);
    }
    salida
    {
        type            zeroGradient;
    }
    defaultFaces
    {
        type            noSlip;
    }
}


// ************************************************************************* //
