/*--------------------------------*- C++ -*----------------------------------*\
  =========                 |
  \\      /  F ield         | OpenFOAM: The Open Source CFD Toolbox
   \\    /   O peration     | Website:  https://openfoam.org
    \\  /    A nd           | Version:  8
     \\/     M anipulation  |
\*---------------------------------------------------------------------------*/
FoamFile
{
    version     2.0;
    format      ascii;
    class       surfaceScalarField;
    location    "0.2";
    object      phi;
}
// * * * * * * * * * * * * * * * * * * * * * * * * * * * * * * * * * * * * * //

dimensions      [0 3 -1 0 0 0 0];

internalField   nonuniform List<scalar> 
5897
(
4.72733e-10
-2.01007e-10
8.66809e-10
-1.13854e-09
-1.12805e-08
1.20224e-08
-1.12591e-08
1.05172e-08
9.62267e-09
-9.28771e-09
-1.27502e-10
-2.07461e-10
1.78775e-10
-1.31793e-09
1.20672e-09
-6.75614e-11
1.24328e-08
-1.05729e-08
1.64267e-10
-2.02422e-09
-6.85446e-09
-2.46075e-09
6.06789e-09
3.24731e-09
-4.71899e-09
4.62857e-10
-6.91904e-10
4.94804e-09
1.19855e-08
6.06355e-09
-2.26373e-10
-1.78227e-08
-8.7295e-09
1.97432e-09
-6.06582e-10
7.36176e-09
2.40624e-09
9.37714e-09
-9.58384e-09
-2.19954e-09
-1.55663e-11
6.82875e-10
-7.72094e-10
1.04785e-10
-1.17257e-09
9.03931e-09
1.48995e-09
1.71472e-08
1.30409e-09
-1.51656e-08
-3.28576e-09
1.37121e-08
6.73215e-10
-1.95248e-09
1.61737e-09
2.06296e-10
-3.71344e-10
-1.45232e-09
-1.89419e-08
1.45088e-08
1.12291e-08
-6.79601e-09
4.42241e-09
5.18751e-09
-5.95445e-09
-3.65548e-09
-1.24893e-10
5.65514e-10
1.34433e-10
-5.75054e-10
7.26084e-11
-3.96621e-10
-1.01017e-10
4.25029e-10
1.00209e-08
-3.47702e-09
-1.00671e-08
3.52325e-09
-1.40124e-08
1.66171e-08
-4.571e-09
1.96634e-09
5.52018e-09
-9.03198e-09
-3.34267e-09
1.05083e-08
-5.50096e-09
-7.24119e-09
2.23386e-09
-1.95359e-10
5.49997e-10
-1.51182e-08
1.47635e-08
7.62072e-09
-3.56848e-09
-1.01466e-08
6.09439e-09
-9.74835e-09
-7.23323e-09
5.75906e-09
1.12225e-08
-8.24756e-10
2.55085e-09
1.3082e-09
-3.0343e-09
-1.45884e-08
1.94365e-08
-9.74522e-09
4.89706e-09
2.86547e-10
-1.32047e-10
-2.27971e-10
7.34708e-11
-1.52574e-08
3.06929e-09
-6.75382e-09
-9.10693e-09
1.47628e-08
3.96148e-09
-9.61734e-09
-5.485e-09
1.03083e-08
-1.29701e-08
8.14687e-09
-1.20778e-08
3.16468e-10
3.7387e-10
1.13874e-08
1.14973e-08
7.31653e-09
-2.43604e-10
-1.85702e-08
-8.58824e-09
-1.03357e-08
5.34962e-09
1.35743e-08
-9.23393e-09
1.31091e-10
9.10284e-09
4.42617e-09
-5.23007e-09
-3.52994e-09
4.33384e-09
1.64743e-08
-1.55351e-08
-3.44447e-09
2.50525e-09
5.73764e-09
-5.96618e-09
7.4134e-10
-5.12797e-10
9.17296e-09
-1.20979e-08
-8.66849e-09
1.15934e-08
-1.12541e-09
9.48589e-10
2.08288e-09
-1.90606e-09
2.23031e-10
-5.48786e-09
-1.45319e-10
5.41015e-09
2.15976e-09
-3.14093e-09
1.03379e-08
-2.2316e-09
3.6346e-09
-3.93199e-09
2.52898e-09
-1.50704e-08
1.65363e-08
-2.94245e-09
1.47657e-09
1.88818e-10
-1.85436e-09
-3.45881e-10
2.01142e-09
8.05884e-09
1.28041e-09
-1.77744e-09
-7.5618e-09
6.39562e-11
5.71136e-11
-1.2107e-10
-1.62226e-10
7.3022e-11
4.01508e-10
-3.12304e-10
-1.66511e-09
2.53183e-09
-1.80772e-08
1.72105e-08
-6.19657e-09
4.41849e-09
-4.53513e-10
-5.97806e-09
-1.95344e-08
6.1163e-09
1.93961e-08
1.84399e-09
-4.14749e-09
9.5692e-09
-7.2657e-09
6.3232e-09
-7.10769e-09
-1.67625e-09
-2.43369e-09
1.07533e-09
1.63379e-10
9.28426e-09
-9.44764e-09
5.70494e-10
8.50631e-09
-9.0768e-09
-1.43775e-08
8.53965e-11
1.42921e-08
9.22877e-10
-1.36679e-08
1.9538e-10
1.25496e-08
8.04007e-09
-6.12177e-09
4.87942e-10
-1.58007e-08
6.02963e-11
1.57404e-08
-1.50657e-08
5.77947e-11
1.50079e-08
-1.44689e-08
6.54353e-12
1.44623e-08
1.21973e-08
-7.70782e-09
-4.48951e-09
-6.19562e-11
-1.50086e-08
1.50684e-08
2.18098e-12
-5.89943e-11
-1.43139e-08
1.43712e-08
1.71716e-12
-1.96865e-10
3.50916e-10
-1.35074e-09
1.19669e-09
4.97706e-10
5.8816e-09
1.66487e-10
-6.54579e-09
-2.60814e-10
1.43675e-08
2.15579e-10
-1.43223e-08
-1.44614e-08
-1.31732e-11
1.44746e-08
5.62203e-10
-1.76104e-09
1.53873e-09
-3.39898e-10
-6.81254e-11
1.43306e-08
-8.82822e-12
-1.42537e-08
1.42117e-08
-1.40791e-08
-3.12631e-10
1.79968e-10
-1.44366e-08
-1.60094e-11
1.44526e-08
1.52801e-09
-2.8341e-09
3.49786e-09
-2.19178e-09
1.28938e-10
1.43006e-08
-2.1783e-10
-1.5585e-09
3.92177e-10
2.69434e-09
-1.30855e-11
1.4273e-08
-4.03663e-11
-1.42195e-08
2.15662e-09
5.0774e-09
-4.17739e-09
-3.05663e-09
2.5909e-09
-2.33726e-09
1.87044e-09
-2.12408e-09
1.71051e-08
2.81067e-09
-3.37943e-09
6.52029e-10
-1.62854e-09
1.53871e-09
-1.44086e-08
-1.58706e-11
1.44245e-08
-9.04466e-11
-1.52188e-08
1.51121e-08
1.97168e-10
-3.52108e-09
-8.49945e-09
3.24189e-09
8.77864e-09
5.44726e-14
1.42477e-08
-5.03706e-11
-1.41974e-08
-7.6779e-09
5.41309e-09
-4.23355e-09
6.49836e-09
-1.00433e-11
1.49043e-08
-2.59628e-11
-1.48683e-08
-9.29454e-12
1.42113e-08
-2.50714e-11
-1.4177e-08
-2.78643e-09
-9.58683e-09
4.69536e-09
4.57837e-12
1.42285e-08
-5.04223e-11
-1.41827e-08
-1.43805e-08
-1.63008e-11
1.43968e-08
-1.43591e-08
1.43753e-10
-3.45931e-10
1.45613e-08
-1.57758e-08
-5.29466e-12
1.57811e-08
-1.50418e-08
-5.13953e-12
1.50469e-08
1.46367e-09
3.48419e-12
1.42042e-08
-5.06407e-11
-1.41571e-08
-1.51367e-11
1.48843e-08
-2.58079e-11
-1.48433e-08
-1.41869e-11
1.41917e-08
-2.48371e-11
-1.41527e-08
3.05219e-09
3.69684e-09
-4.59242e-09
5.09133e-09
4.05844e-09
-6.09758e-09
-1.74016e-10
1.51669e-08
8.00445e-11
-1.50729e-08
-1.66724e-10
1.44652e-08
7.75628e-11
-1.43761e-08
-2.95032e-09
1.51126e-09
-1.25733e-08
1.99236e-09
7.67279e-09
-2.7628e-09
-6.90236e-09
-1.2607e-08
3.60753e-09
-6.25792e-09
1.38032e-10
3.81368e-10
-4.44585e-10
-7.48152e-11
1.02812e-12
-1.41401e-08
1.41873e-08
-4.82129e-11
-1.57393e-08
-6.87301e-12
1.57461e-08
-1.5007e-08
-6.62363e-12
1.50136e-08
-1.43372e-11
-1.48224e-08
1.4872e-08
-3.52223e-11
-1.35213e-11
-1.41326e-08
1.41798e-08
-3.36756e-11
2.35903e-10
-5.4372e-09
-4.01705e-10
5.603e-09
-3.24659e-11
1.50136e-08
-1.49442e-08
-3.68723e-11
-3.09101e-11
1.43185e-08
-1.4252e-08
-3.5513e-11
7.68683e-09
1.12157e-08
-1.79261e-08
-9.76454e-10
-8.56312e-09
-5.85535e-09
1.08974e-08
-2.25985e-10
1.57072e-08
-1.53258e-08
-1.55407e-10
-2.17507e-10
1.4977e-08
-1.46147e-08
-1.44884e-10
-1.57136e-08
-3.70992e-12
1.57173e-08
-1.49823e-08
-3.66148e-12
1.4986e-08
9.07617e-09
8.5112e-10
-5.50156e-10
6.23712e-09
-7.52996e-09
7.31575e-09
-6.02292e-09
-1.43991e-11
1.49711e-08
-1.49293e-08
-2.73505e-11
-1.34128e-11
1.42772e-08
-1.42373e-08
-2.65255e-11
3.76672e-09
-3.37509e-09
-6.8189e-10
2.90261e-10
5.03031e-10
2.21365e-09
-2.2204e-09
-4.96275e-10
1.41325e-12
1.48045e-08
-1.57505e-11
-1.47902e-08
1.772e-12
1.41151e-08
-1.54413e-11
-1.41014e-08
-1.4351e-08
-4.47643e-09
1.5885e-08
-1.29131e-11
1.49591e-08
-1.49271e-08
-1.90786e-11
-1.18809e-11
1.42651e-08
-1.42345e-08
-1.87063e-11
4.46192e-09
3.80555e-09
-3.17614e-09
-9.23518e-12
1.49546e-08
-1.49284e-08
-1.69151e-11
-8.44397e-12
1.42604e-08
-1.42355e-08
-1.64045e-11
-6.58115e-10
-5.09815e-10
3.59269e-10
8.08662e-10
-5.19501e-09
4.04728e-09
5.15268e-09
-4.00496e-09
1.01011e-09
-4.00029e-10
-5.98296e-10
-1.17824e-11
-9.13155e-12
1.4795e-08
-1.30832e-11
-1.47728e-08
-8.2488e-12
1.41045e-08
-1.45032e-11
-1.40818e-08
1.21581e-11
1.40771e-08
-4.66678e-11
-1.40426e-08
-1.42746e-08
-1.90943e-11
1.42936e-08
3.45232e-09
2.31196e-09
-3.24008e-09
-2.52421e-09
-5.53222e-12
1.4934e-08
-1.17572e-11
-1.49167e-08
-4.90607e-12
1.42402e-08
-1.16108e-11
-1.42237e-08
-1.00975e-08
-1.26494e-08
1.14663e-08
2.71538e-10
-3.11145e-09
1.62924e-12
2.83828e-09
-1.56538e-08
-1.49417e-11
1.56688e-08
-1.49257e-08
-1.44802e-11
1.49402e-08
-1.58626e-08
-1.51247e-08
8.47888e-10
1.96047e-09
-2.30533e-09
9.06444e-09
-8.42131e-09
-1.21939e-09
5.76264e-10
-4.44462e-09
-4.113e-09
4.69773e-09
3.85989e-09
2.62787e-09
4.06698e-10
-2.76303e-09
-2.12458e-11
-1.47653e-08
1.48008e-08
-1.42729e-11
-1.11107e-11
-1.40663e-08
1.40992e-08
-2.17699e-11
3.6274e-10
-4.27837e-10
-1.4014e-08
-1.44456e-08
-1.97621e-09
1.99351e-09
1.32559e-11
1.406e-08
-4.62806e-11
-1.4027e-08
-1.5733e-08
1.56721e-08
6.08611e-11
-1.4905e-08
1.48966e-08
8.46031e-12
-1.32841e-08
-3.50055e-09
-1.41519e-08
1.3891e-08
-1.42455e-08
-2.10797e-11
1.42666e-08
-1.0103e-09
8.11427e-10
4.97112e-10
-2.98235e-10
-4.04713e-09
-6.05942e-09
3.32004e-09
6.78651e-09
-1.4482e-08
-1.56283e-08
-6.57096e-12
1.56349e-08
-1.49005e-08
-6.59872e-12
1.49071e-08
8.53678e-09
1.42441e-09
-1.90236e-09
1.40547e-08
-1.39608e-08
-5.25134e-11
-4.14197e-11
1.13635e-11
1.40413e-08
-3.07419e-11
-1.40219e-08
-1.81645e-08
1.04992e-08
-1.44614e-08
-1.48553e-08
1.48856e-08
-3.02767e-11
-1.57126e-08
1.6047e-08
-3.34448e-10
7.29438e-10
1.7889e-09
-1.67045e-09
-1.31193e-08
7.07725e-10
-6.05605e-09
-1.24898e-08
6.61552e-10
-5.7551e-09
-1.21154e-08
6.6715e-10
-5.83962e-09
2.1243e-11
1.41314e-08
-1.41052e-08
-4.74637e-11
-1.42249e-08
-1.53178e-11
1.42403e-08
1.43159e-08
-1.4187e-08
9.98033e-09
1.44352e-09
-2.3594e-09
-9.49935e-12
1.40746e-08
-2.94725e-12
-1.40621e-08
-1.4432e-08
-1.56237e-08
-5.47262e-13
1.56242e-08
-1.48953e-08
-1.23339e-13
1.48954e-08
3.44978e-11
1.84605e-09
-1.22852e-09
1.91135e-11
1.41083e-08
-1.40889e-08
-3.84546e-11
-3.81113e-09
6.14168e-09
3.19752e-09
-5.52807e-09
1.40389e-08
-1.40607e-08
7.96684e-12
1.38802e-11
3.92541e-10
-1.9055e-10
-4.28611e-10
2.2662e-10
1.76e-12
1.48368e-08
-3.76698e-11
-1.48009e-08
1.90239e-12
1.41461e-08
-3.58696e-11
-1.41121e-08
3.78107e-09
-4.11476e-10
3.97129e-10
1.27204e-10
-1.58602e-08
9.68676e-13
-1.4906e-08
-1.56696e-08
1.54955e-08
-1.49399e-08
1.47732e-08
-1.44051e-08
-1.47725e-08
1.4802e-08
-2.9488e-11
2.60714e-11
1.40842e-08
-1.40674e-08
-4.29448e-11
6.26078e-11
-1.46187e-08
1.46832e-08
1.60034e-12
-1.40923e-08
1.40917e-08
-1.42481e-08
3.66919e-12
1.42445e-08
-7.72731e-12
1.40912e-08
-2.88172e-11
-3.29974e-11
7.41371e-11
1.2041e-10
-1.6155e-10
-1.57859e-08
-1.50511e-08
-2.59617e-09
4.25331e-09
8.36371e-09
6.07305e-10
1.52265e-09
-1.40052e-09
1.18037e-08
-1.27282e-08
2.74331e-09
-2.39303e-09
-7.51872e-09
7.16844e-09
3.44968e-11
1.40591e-08
-4.7184e-11
-1.40464e-08
-1.9336e-11
-1.4836e-08
-1.47745e-08
-9.38112e-10
-1.43795e-08
1.5854e-08
-1.58864e-08
1.51168e-08
-1.51477e-08
-4.15518e-11
-1.4057e-08
1.40793e-08
-1.57544e-08
-1.50211e-08
-4.22365e-09
-8.63495e-09
8.02244e-09
4.83616e-09
-2.12279e-09
5.36939e-09
7.26168e-09
2.4538e-09
5.6764e-09
-5.5249e-09
-2.6053e-09
-1.58688e-08
1.58544e-08
-1.51309e-08
1.51175e-08
1.44197e-08
-1.44037e-08
-4.88998e-11
3.29351e-11
-3.49174e-09
7.47872e-09
-6.50126e-09
2.51428e-09
-1.14372e-11
-1.4761e-08
-1.43126e-08
1.0658e-11
1.4302e-08
4.10324e-09
-4.85372e-09
-7.81264e-09
-4.41955e-11
1.40716e-08
-1.44178e-08
1.43535e-08
2.20616e-11
4.22078e-11
1.58286e-08
-1.58415e-08
1.50929e-08
-1.51047e-08
-1.68869e-10
1.48507e-10
1.2268e-09
-1.20644e-09
-1.5728e-08
-1.49958e-08
-2.20095e-10
-7.27377e-09
6.76765e-09
7.26211e-10
1.50684e-10
1.4073e-08
-1.08705e-10
-1.41149e-08
8.47361e-09
-7.17318e-09
-1.67426e-08
1.54422e-08
9.19443e-09
-7.2003e-09
-1.87945e-08
1.68004e-08
8.74927e-09
-6.8526e-09
-1.79103e-08
1.60136e-08
-1.43647e-08
2.21102e-11
3.97321e-11
1.43029e-08
5.44476e-09
-7.23313e-09
-1.51113e-09
3.2995e-09
1.58118e-08
-1.5821e-08
1.50766e-08
-1.50851e-08
-1.45395e-08
1.44913e-08
-4.22384e-11
1.50465e-08
2.8274e-11
-7.74709e-11
-1.49973e-08
1.50377e-08
-1.52637e-08
1.43334e-08
-1.45509e-08
-1.0172e-08
1.14903e-08
-1.202e-08
1.07017e-08
1.51093e-08
7.4922e-11
-1.37793e-10
-1.58059e-08
1.58004e-08
-1.50705e-08
1.50656e-08
8.33205e-11
-8.14626e-11
1.79297e-10
-1.09701e-10
-3.3321e-10
2.63614e-10
-1.04186e-11
1.47738e-08
-2.02855e-11
-1.47431e-08
6.395e-13
1.40756e-08
-1.46907e-11
-1.40616e-08
-1.43317e-08
1.43827e-08
-3.97057e-11
-1.13478e-11
-1.50533e-08
1.50769e-08
-2.11862e-11
-2.37558e-12
-4.23524e-12
3.49103e-11
-1.43624e-08
-2.33124e-11
7.93226e-11
2.72965e-10
3.23999e-10
-2.04422e-10
-1.43558e-08
1.4382e-08
-3.79394e-11
1.17583e-11
-1.50389e-08
1.50719e-08
-4.70125e-11
1.40146e-11
-6.74831e-09
7.04557e-09
2.44606e-09
-1.56524e-08
-1.49239e-08
-1.42624e-08
2.62869e-11
-1.4068e-08
-3.96422e-11
1.40813e-08
-2.45744e-09
8.01086e-09
-9.77707e-09
-1.43432e-08
1.43736e-08
-5.04126e-11
1.99805e-11
-1.50324e-08
1.50691e-08
-5.4368e-11
1.7682e-11
1.4502e-09
-1.24207e-09
-3.77002e-10
-1.43327e-08
1.43583e-08
-4.19898e-11
1.64583e-11
-1.50292e-08
1.50573e-08
-4.68274e-11
1.87415e-11
6.2498e-11
-7.36751e-11
1.43598e-08
-1.43189e-08
-6.46787e-11
2.36947e-11
1.50601e-08
-1.5017e-08
-6.71518e-11
2.40471e-11
1.77723e-08
-7.10242e-09
8.27373e-10
-3.37029e-11
6.06443e-11
-1.59387e-11
5.39497e-11
1.40385e-08
2.70124e-11
-1.40393e-08
-1.43608e-08
1.4382e-08
-1.43054e-08
1.43404e-08
-6.93859e-11
3.43448e-11
-1.50037e-08
1.50403e-08
-7.23863e-11
3.58201e-11
1.40788e-08
8.53438e-12
-4.87963e-11
-1.56374e-08
-1.49088e-08
-1.42323e-08
-1.42894e-08
1.43235e-08
-5.6686e-11
2.25925e-11
-1.4987e-08
1.50225e-08
-5.89405e-11
2.33823e-11
1.92246e-08
-5.28652e-10
1.73296e-10
-1.88692e-08
-1.21657e-08
1.30386e-08
-1.46626e-08
1.37896e-08
-1.41723e-08
1.35403e-08
-1.50813e-08
1.57133e-08
-1.3537e-08
1.28722e-08
-1.43608e-08
1.50256e-08
1.40827e-08
2.18632e-11
-2.57623e-11
-1.40785e-08
1.4089e-08
-7.88778e-13
-9.71103e-12
-1.42711e-08
1.43114e-08
-5.96062e-11
1.93123e-11
-1.49679e-08
1.50101e-08
-6.19612e-11
1.97763e-11
1.43628e-08
-1.43437e-08
-1.42651e-08
1.43092e-08
-6.25638e-11
1.84073e-11
-1.49617e-08
1.50079e-08
-6.50568e-11
1.88217e-11
-6.18694e-12
4.49722e-11
-7.13184e-12
4.66049e-11
1.40711e-08
-1.406e-08
6.40529e-12
-1.75264e-11
-2.04736e-09
-7.54523e-09
7.19955e-09
-1.42683e-08
1.43229e-08
-8.08554e-11
2.6262e-11
-1.49653e-08
1.50225e-08
-8.43999e-11
2.71807e-11
5.08756e-11
-1.4207e-08
1.40593e-08
-1.40455e-08
9.51843e-12
-2.34072e-11
-3.46832e-09
3.18387e-09
1.69015e-08
1.18805e-11
-7.67352e-12
-1.42073e-08
1.4282e-08
-8.32741e-11
8.5768e-12
-1.49017e-08
1.49799e-08
-8.71938e-11
9.05477e-12
1.40736e-08
6.84042e-12
8.57301e-12
-1.56449e-08
-1.49064e-08
-3.4836e-09
-8.13197e-11
1.89825e-10
-1.42136e-08
1.43473e-08
-1.43212e-08
-1.4035e-08
1.40529e-08
9.24711e-12
-2.72137e-11
-1.41638e-08
1.42289e-08
-6.05417e-11
-4.54491e-12
-1.48566e-08
1.49247e-08
-6.33609e-11
-4.7371e-12
1.43692e-08
2.02173e-12
-1.13605e-11
1.50702e-08
1.89966e-12
-1.19805e-11
-3.81633e-12
4.46972e-11
-1.05806e-11
5.05027e-11
-1.41749e-08
1.42379e-08
-6.62293e-11
3.2663e-12
-1.48682e-08
1.49343e-08
-6.88803e-11
2.74365e-12
-1.39878e-08
1.40157e-08
-5.74809e-12
-2.22185e-11
-1.41891e-08
1.42562e-08
-8.26024e-11
1.5582e-11
-1.48834e-08
1.49538e-08
-8.61965e-11
1.57705e-11
-1.39919e-08
1.40069e-08
1.49745e-11
-3.00663e-11
-1.42902e-08
1.43247e-08
1.40584e-08
1.92978e-13
1.2471e-11
1.56973e-08
-1.56955e-08
1.49673e-08
-1.49654e-08
-1.41276e-08
1.4196e-08
-6.43528e-11
-4.04986e-12
-1.48196e-08
1.48911e-08
-6.7343e-11
-4.18141e-12
-1.56364e-09
1.39495e-09
8.25114e-09
-8.08246e-09
-1.39476e-08
1.3984e-08
-3.85288e-13
-3.60273e-11
-1.42576e-08
-1.41496e-08
1.42376e-08
-4.84646e-11
-3.95938e-11
-1.48427e-08
1.49351e-08
-5.05917e-11
-4.18155e-11
-2.71454e-09
1.50263e-09
-1.2456e-08
-4.22336e-12
4.36304e-11
-5.32418e-12
4.55689e-11
-4.08438e-12
1.76767e-11
-6.12106e-10
6.1191e-10
-1.3925e-08
1.3965e-08
-7.62098e-12
-3.23196e-11
-3.56219e-09
-2.26006e-09
2.98815e-09
-1.48095e-08
1.47905e-08
1.69685e-10
-1.5074e-10
-1.41178e-08
1.41023e-08
1.62318e-10
-1.4685e-10
-1.48857e-08
-6.95067e-09
7.23763e-09
1.45988e-08
1.71522e-09
-7.88705e-09
-5.97337e-10
6.76917e-09
1.4053e-08
-8.08483e-12
1.4477e-11
-1.39009e-08
1.39496e-08
-1.49383e-11
-3.37693e-11
-1.38828e-08
1.39303e-08
-1.10504e-11
-3.64489e-11
-1.43204e-08
-1.38623e-08
1.3918e-08
-2.89252e-11
-2.68332e-11
-1.20318e-09
-5.85824e-09
1.4351e-09
5.62633e-09
-1.38386e-08
1.39009e-08
-9.41103e-11
3.17935e-11
3.39717e-11
2.98454e-11
3.5169e-11
3.1332e-11
-7.4308e-09
7.09866e-09
-6.99448e-12
1.99808e-11
8.49293e-09
-1.05021e-08
1.40316e-08
-1.51136e-08
-3.21028e-09
1.28389e-08
-1.40075e-08
2.35362e-11
-3.81462e-12
5.67038e-09
2.67484e-09
-5.83227e-09
-2.51295e-09
9.34629e-09
5.82695e-09
-5.21508e-09
-9.95816e-09
1.08614e-11
4.01453e-11
1.16571e-11
4.16414e-11
-1.05523e-09
-7.98707e-09
6.2098e-10
4.76268e-09
-1.33646e-08
1.58591e-08
-7.25726e-09
1.68908e-10
-1.87202e-10
-1.92903e-10
2.11197e-10
1.92932e-10
-9.04901e-10
5.38543e-11
-1.42704e-08
6.44678e-11
-1.36724e-12
-1.49676e-08
6.6913e-11
-1.00705e-12
-9.30402e-12
2.7293e-11
3.21924e-10
-3.13531e-10
-1.39619e-08
2.5954e-11
-1.17105e-11
8.19323e-12
4.4158e-11
8.78165e-12
4.58236e-11
4.52017e-10
-3.28838e-10
-2.85406e-10
-1.56459e-08
1.56355e-08
-1.48935e-08
1.48941e-08
1.15908e-10
-1.42323e-08
5.56637e-11
-1.42218e-08
3.98216e-11
1.81543e-11
-1.4917e-08
4.11083e-11
1.93412e-11
4.8081e-10
-4.39698e-09
-8.02824e-10
1.25612e-11
3.28747e-11
-1.43319e-08
5.89119e-11
1.42452e-08
2.77322e-11
-1.24338e-09
7.436e-09
-1.64703e-08
1.02777e-08
1.17909e-09
-1.56078e-09
-5.01956e-09
5.40125e-09
-1.39407e-08
2.65238e-11
-1.08856e-11
-1.40529e-08
-4.2663e-11
2.75761e-11
3.87243e-10
-4.39761e-10
3.81656e-12
4.25699e-11
4.22099e-12
4.41898e-11
-1.45064e-08
-4.94406e-10
1.80701e-08
-1.39192e-08
2.6365e-11
-8.09081e-12
4.37672e-12
1.95077e-11
7.3501e-12
3.35204e-11
7.89697e-12
3.47777e-11
7.50133e-09
-1.75098e-09
-3.01628e-10
2.41836e-09
1.56556e-08
-1.41879e-08
5.04265e-11
9.80997e-12
-1.48825e-08
5.21193e-11
1.07501e-11
1.27724e-08
-1.39225e-08
-3.83328e-09
4.98342e-09
-1.39003e-08
2.90212e-11
-1.15451e-11
1.41077e-11
3.09892e-11
2.73357e-11
2.51984e-11
2.87386e-11
2.60984e-11
3.39438e-10
3.65723e-10
-4.32196e-10
7.23552e-09
-1.18633e-09
-8.32304e-10
-5.21689e-09
-1.38796e-08
2.08792e-11
-3.5613e-12
-6.4386e-09
2.51375e-09
-6.13519e-09
2.39463e-09
-5.97837e-09
2.33656e-09
3.70627e-10
-2.06482e-10
1.07886e-09
-1.243e-09
-4.09199e-10
-5.25721e-10
1.5912e-08
-4.33549e-10
-5.47548e-10
1.66883e-08
-4.27307e-10
-1.08358e-09
2.90513e-10
1.22038e-09
1.45608e-11
2.87967e-11
-2.43648e-12
6.26233e-11
-2.65218e-12
6.55258e-11
-1.41797e-08
-5.14447e-11
1.13344e-10
-1.48744e-08
-5.32555e-11
1.18226e-10
1.80691e-09
-1.79343e-09
-7.40837e-10
7.2735e-10
-1.15752e-08
8.62311e-09
1.24786e-08
-1.09924e-08
-1.48619e-09
-8.11876e-09
7.6765e-09
-1.38123e-09
6.52562e-10
1.11284e-08
-1.03998e-08
7.2788e-11
-2.22205e-10
7.29659e-11
-2.31875e-10
8.82345e-11
-8.34103e-09
4.15844e-10
7.83696e-09
-1.38687e-08
-2.186e-12
3.235e-11
-3.69146e-12
8.67592e-12
-3.40079e-12
7.92419e-12
1.22645e-08
-1.79912e-08
4.13575e-09
1.59091e-09
1.1706e-08
-1.71449e-08
3.93753e-09
1.50142e-09
1.03201e-08
-1.31765e-08
9.14596e-10
1.94183e-09
-9.10239e-10
2.88432e-10
1.15164e-09
-5.29829e-10
-5.23658e-12
3.20832e-11
-5.04087e-12
3.02123e-11
-1.04333e-11
4.01795e-11
-1.01819e-11
3.80435e-11
-2.24457e-12
2.97149e-11
-2.27477e-12
2.80939e-11
-1.50809e-11
2.06295e-11
-1.4748e-11
1.94523e-11
2.09598e-11
2.4841e-11
-1.29269e-11
6.69118e-11
-1.35819e-11
7.00629e-11
1.36768e-08
-1.09622e-08
8.93382e-09
-1.16483e-08
1.30362e-08
-1.04578e-08
8.53817e-09
-1.11166e-08
-9.01872e-09
-9.10806e-09
-8.68364e-09
1.30503e-10
-2.18668e-08
2.34966e-08
-1.76032e-09
3.066e-11
-1.62117e-11
2.85499e-11
-1.51249e-11
-1.72642e-08
6.42085e-09
1.48301e-08
-3.98674e-09
2.661e-09
8.43438e-09
-6.70258e-09
-4.3928e-09
1.4729e-09
-1.21982e-09
3.54227e-10
8.07577e-12
4.06869e-11
8.52586e-12
4.23674e-11
4.06391e-10
5.64897e-10
-6.31851e-10
1.75033e-08
-1.91684e-08
1.72091e-08
2.94252e-10
1.74544e-10
1.74632e-09
-3.03494e-10
9.3878e-12
-8.85345e-13
1.22665e-11
-2.96527e-12
2.49168e-11
2.43714e-11
-3.77005e-09
3.67728e-09
-7.04483e-09
7.13759e-09
-8.17591e-09
2.20685e-11
-1.18125e-09
9.33509e-09
-5.96738e-09
2.79869e-09
5.82969e-09
-1.58283e-08
-2.59646e-09
-1.50917e-08
-2.46241e-09
-6.0946e-12
-2.57557e-12
5.09107e-12
-1.99548e-12
-6.10928e-09
9.35301e-09
-8.74469e-09
2.02231e-11
4.80651e-11
2.12693e-11
5.0101e-11
-1.09527e-12
-3.61082e-12
-1.50559e-08
1.49377e-08
2.34111e-10
-3.52066e-12
-4.72099e-12
-1.59664e-09
2.54554e-09
1.38992e-09
-2.33883e-09
3.94564e-10
2.21319e-09
8.2999e-10
7.73791e-10
-1.19657e-09
-4.07214e-10
5.45103e-10
-5.28669e-10
-4.50377e-10
4.33943e-10
1.19139e-09
-1.4681e-09
-2.50904e-09
2.78574e-09
-1.03511e-08
-2.15045e-09
-4.16836e-09
-7.06906e-09
4.53172e-09
6.70569e-09
-8.38251e-09
2.68811e-11
2.38691e-11
-1.38465e-08
8.13715e-10
1.02863e-09
-4.78062e-09
-6.55888e-10
4.40788e-09
1.01106e-08
-2.52109e-09
-9.38465e-09
1.79512e-09
-5.53914e-09
7.04795e-09
1.93108e-08
-2.08196e-08
-3.09932e-10
4.03022e-10
2.72634e-10
7.12505e-10
1.42831e-08
-1.44456e-08
-6.13129e-10
8.24982e-10
-7.48562e-09
-2.92585e-11
7.573e-11
-3.05997e-11
7.90394e-11
-7.8831e-09
-2.33243e-10
-5.95682e-11
-1.4374e-08
1.53511e-08
-1.98209e-09
1.00499e-09
2.44979e-12
-4.70084e-09
3.85381e-09
8.44578e-10
-1.38799e-08
-3.09106e-10
1.39464e-08
2.42609e-10
-7.58187e-09
-5.32293e-09
5.42543e-09
7.47937e-09
-1.86404e-09
1.10645e-09
-1.52648e-10
-1.73057e-09
-2.11831e-10
7.83599e-11
4.13268e-10
-1.46435e-08
-2.08941e-12
2.05809e-09
-7.07482e-09
-4.57291e-10
5.47402e-09
3.68258e-11
1.50918e-08
3.4922e-11
1.43941e-08
4.43544e-11
4.94542e-12
-1.10096e-08
-4.56745e-09
2.97e-09
-4.208e-09
6.96306e-09
-6.92342e-09
-6.13503e-11
1.19265e-10
-6.34976e-11
1.24145e-10
1.0753e-10
1.28735e-09
-8.27642e-09
-1.37398e-09
8.43101e-09
-4.19917e-09
7.01005e-09
-7.01888e-09
9.8535e-12
1.42697e-08
-1.63249e-09
7.25343e-11
1.43435e-08
-3.69491e-09
5.08839e-09
1.16143e-08
-1.30078e-08
9.26466e-09
7.51517e-10
-7.95809e-09
-3.74548e-12
1.42383e-08
-3.27094e-11
1.49318e-08
-3.16901e-11
1.42379e-08
-1.12412e-08
-3.24167e-09
1.0788e-08
2.75576e-09
8.61617e-10
-2.42598e-09
-1.54307e-11
1.42005e-08
-1.61614e-11
1.48936e-08
-6.49894e-12
1.4219e-08
-6.56034e-12
1.41827e-08
-6.81222e-12
1.48751e-08
5.19544e-09
-4.76296e-09
7.46612e-10
-2.02314e-11
1.41208e-08
-2.08422e-11
1.48104e-08
-4.13124e-12
1.41021e-08
-3.22742e-12
1.47917e-08
2.03374e-12
1.4097e-08
8.5753e-12
1.47917e-08
-6.38278e-12
1.41948e-08
-4.0556e-09
6.52784e-09
-6.67141e-09
3.91437e-11
-1.42198e-10
-5.42384e-10
-3.09105e-10
4.99678e-10
3.51812e-10
-1.64387e-09
1.06568e-08
-1.03942e-08
-3.99226e-12
1.41749e-08
3.45684e-10
-1.29904e-10
7.07674e-11
3.83985e-09
1.21078e-09
-4.022e-09
-1.40322e-08
5.0757e-10
-1.39925e-08
1.19825e-10
1.40233e-08
-1.56034e-08
-3.80305e-10
-1.48786e-08
-3.57978e-10
2.96725e-10
-8.73409e-09
8.87445e-09
-4.37089e-10
1.36596e-09
7.98694e-09
-9.6462e-09
1.21074e-08
8.48551e-09
-1.09468e-08
2.17489e-10
-3.21735e-10
-1.36979e-10
2.41224e-10
1.08637e-12
1.40569e-08
-8.46399e-12
1.40474e-08
-2.16394e-12
1.40281e-08
4.7572e-11
-1.67359e-09
2.86912e-10
1.33911e-09
3.85127e-11
1.40634e-08
4.5128e-11
1.40331e-08
1.26027e-08
-1.24746e-08
-7.66613e-09
7.53802e-09
8.68202e-09
6.13949e-09
-4.51324e-09
1.00926e-08
-1.04254e-08
9.8537e-10
-3.37458e-10
2.01465e-10
-7.66651e-09
-2.55279e-09
2.18027e-09
8.03904e-09
7.74199e-09
-9.85585e-09
9.63191e-09
-7.51805e-09
-7.71524e-09
-2.63914e-11
1.01261e-09
9.98315e-11
-1.08605e-09
-2.57743e-09
1.68262e-09
2.74314e-09
-1.84833e-09
-6.87193e-09
1.61383e-09
-6.90346e-11
5.32713e-09
3.26484e-09
-3.02547e-09
-3.29514e-09
3.05576e-09
-2.4057e-08
2.07458e-08
3.3112e-09
6.10509e-09
3.85926e-09
-3.01345e-09
-6.95091e-09
-4.60224e-10
-1.42045e-08
1.43521e-08
2.31555e-10
3.12104e-09
1.77528e-09
-1.63732e-09
-3.259e-09
8.34102e-09
9.65772e-09
-1.04542e-08
-9.38586e-09
7.41608e-09
1.24239e-08
2.11232e-09
-1.30112e-08
2.65969e-10
1.34419e-10
-1.68833e-10
8.20156e-09
-9.46695e-09
1.57742e-08
-7.13287e-09
6.69816e-09
5.7982e-09
-5.36349e-09
2.02113e-10
-7.78394e-09
-3.33197e-10
7.91503e-09
-9.46042e-09
1.5206e-09
-1.62719e-09
9.56701e-09
-4.12358e-10
7.54107e-09
-7.7965e-09
6.67795e-10
-1.38914e-10
5.6622e-09
-7.15221e-09
-6.09186e-09
-1.43551e-08
1.43062e-08
5.03444e-09
-4.34465e-09
-4.74539e-09
3.29975e-10
-6.76926e-10
5.54772e-10
-2.07822e-10
-1.93779e-08
2.09454e-10
3.2976e-09
-2.57855e-10
-4.19974e-09
1.16e-09
1.9625e-09
-2.01343e-09
8.72484e-10
-8.21552e-10
-1.00471e-08
1.39914e-08
-9.08243e-09
5.13805e-09
1.52924e-10
4.21509e-10
7.01309e-09
-7.58752e-09
-1.39749e-09
5.16278e-09
1.74411e-09
-5.5094e-09
4.00181e-09
2.71108e-09
-3.15015e-09
-3.56275e-09
8.04672e-10
3.88739e-09
-8.52213e-10
-3.19081e-09
-8.36531e-09
2.09571e-09
3.0196e-10
-1.41185e-08
-1.56146e-10
2.19003e-10
-6.28563e-11
1.36043e-10
-1.1504e-10
-3.35487e-09
-3.53532e-10
4.52024e-10
3.25638e-09
2.73316e-09
-1.34105e-08
9.28942e-10
-1.51029e-08
3.85598e-11
-1.43382e-08
-3.21962e-11
-3.76395e-10
-1.10943e-08
1.10851e-08
3.85573e-10
-8.02067e-10
4.65805e-10
6.66238e-10
7.91819e-09
-5.42764e-10
5.99886e-10
-7.97532e-09
1.29398e-09
-1.15352e-09
1.82203e-09
5.41208e-10
3.83817e-09
-6.96616e-09
2.58678e-09
-2.93295e-10
3.3871e-10
-4.54145e-11
-1.11848e-10
1.64674e-10
3.50195e-10
-2.40179e-09
-1.77227e-09
-2.04651e-09
8.06489e-11
-1.48066e-09
-5.09859e-10
5.11156e-09
-4.38699e-09
8.32127e-09
-1.10671e-08
-3.92389e-10
6.20891e-10
-4.00276e-10
1.71774e-10
-8.50453e-09
8.03469e-09
8.74887e-10
-4.05044e-10
-4.50381e-10
-1.24569e-09
-9.16497e-09
-1.27658e-09
1.19621e-08
1.42468e-08
-1.42247e-08
-3.77262e-10
-7.41022e-10
2.31297e-10
-1.67201e-10
3.67067e-10
-2.4982e-10
-7.59738e-09
6.75486e-10
1.29635e-10
3.64129e-11
-9.07069e-10
-1.26525e-08
7.81426e-09
4.82202e-09
-4.13674e-09
9.46537e-09
-1.01506e-08
-2.6794e-08
2.0816e-08
-1.02327e-09
2.28982e-09
5.84938e-09
-7.11593e-09
-9.59271e-11
-6.02193e-11
-8.45138e-09
1.06294e-08
-2.17799e-09
-6.49402e-10
7.58794e-10
9.75148e-10
-1.08454e-09
-7.78912e-09
7.80789e-09
-1.06044e-10
8.72774e-11
2.06967e-09
2.88647e-09
-1.94894e-09
-3.0072e-09
-7.50349e-10
1.09827e-08
-7.72167e-10
-9.4602e-09
-1.07322e-09
9.54836e-10
-5.31016e-10
1.28177e-09
-2.19873e-09
5.02344e-09
-4.71535e-09
8.06173e-09
-8.36982e-09
-2.90824e-09
1.16782e-08
-8.76993e-09
-4.27847e-10
1.53955e-09
3.66227e-10
-1.47793e-09
-7.73204e-09
-1.06929e-09
1.13481e-09
1.87394e-09
-2.09492e-09
9.15283e-12
-1.48712e-08
6.54075e-11
-1.55967e-08
6.62654e-11
3.94303e-09
4.07753e-09
-3.96212e-09
1.32229e-09
-1.21614e-08
1.29514e-08
-7.72325e-09
4.12724e-10
8.64528e-09
-6.95157e-09
-8.11064e-09
6.41693e-09
-1.77906e-11
7.72997e-10
-5.30383e-10
-2.24823e-10
3.49366e-09
-1.23832e-09
5.00414e-10
3.76477e-09
-3.85782e-09
6.44753e-09
-6.35448e-09
6.33507e-09
-7.26657e-09
-8.65234e-09
3.22968e-11
-1.43623e-08
1.43925e-08
9.08779e-10
-1.00026e-09
8.50278e-10
-3.4549e-10
-7.79518e-09
7.90742e-09
2.76007e-09
-2.22386e-09
5.83294e-10
2.50219e-09
7.13517e-10
3.4151e-09
-2.05895e-09
-4.49012e-10
-1.65243e-09
2.77676e-09
-2.94317e-09
2.35034e-09
-2.18393e-09
1.61388e-09
1.07414e-10
-3.07138e-09
4.24505e-09
-3.1016e-09
1.92793e-09
5.08605e-10
2.68013e-10
-2.21846e-10
4.58388e-10
7.02311e-09
-7.97335e-09
3.83836e-10
2.90608e-09
1.94885e-09
-1.36126e-09
-3.25382e-10
2.48541e-10
3.17179e-09
-3.09494e-09
-9.74731e-10
7.66814e-10
-2.01595e-09
-7.78997e-09
-5.28873e-10
4.38531e-09
5.99752e-10
-7.49275e-10
-4.23578e-09
4.15524e-10
-3.0613e-09
2.40252e-09
2.43261e-10
4.73295e-10
-4.02445e-10
6.91307e-10
-7.62158e-10
-4.44469e-09
4.47604e-09
7.64959e-10
5.39472e-09
-2.32151e-09
6.35405e-11
6.37193e-09
-1.24003e-09
3.48879e-10
-7.78797e-09
-3.50882e-10
1.89453e-09
2.06121e-09
-3.08325e-09
-8.21559e-09
-1.11606e-09
-2.12978e-09
-1.2048e-08
7.54793e-09
1.35475e-09
4.71716e-10
1.07239e-08
-1.2455e-08
1.35473e-09
-1.13979e-09
3.23659e-09
-2.42219e-09
-6.76855e-09
7.00695e-09
5.4238e-09
-2.62757e-09
7.13751e-10
-6.31223e-09
-4.44901e-09
1.00475e-08
-8.62358e-10
2.91588e-10
1.09249e-10
2.00407e-10
-1.49531e-08
-5.01462e-10
9.00834e-09
8.49614e-10
-1.28029e-09
1.04289e-08
1.57526e-09
-7.54341e-09
7.24393e-09
8.21823e-10
-3.37202e-09
-8.3982e-09
-1.20311e-10
5.7146e-10
7.94705e-09
7.31919e-10
4.93876e-10
-7.53061e-10
3.86401e-11
-2.25126e-09
-8.48689e-10
1.84218e-09
-1.73882e-09
2.63978e-09
-8.85035e-10
1.52311e-10
8.84672e-10
-7.02863e-10
-5.81838e-10
-7.52592e-09
-1.53388e-09
1.07274e-09
-3.56063e-10
3.99713e-10
1.74525e-09
-1.0004e-08
7.18725e-10
8.0485e-09
1.23676e-09
8.82554e-09
-4.11456e-09
-9.09797e-09
2.5125e-10
-6.57922e-11
2.02819e-09
-7.09985e-10
-1.32774e-10
4.5037e-10
3.00569e-09
3.30546e-10
-8.74034e-09
-3.50754e-09
1.14975e-08
5.48651e-09
3.63558e-09
1.97606e-10
6.08347e-10
-8.23744e-10
-9.38975e-09
8.2943e-09
9.74072e-09
-6.26547e-09
-2.24382e-09
2.15122e-09
6.35807e-09
9.26201e-09
-4.06876e-10
-7.49293e-10
1.13978e-11
-1.4714e-10
-7.68618e-09
9.9166e-11
3.79614e-09
3.31308e-10
-4.44984e-09
-5.04213e-09
4.64681e-09
4.84516e-09
8.40774e-09
1.82994e-10
-6.3143e-11
-1.19851e-10
-1.22856e-10
2.83642e-10
-6.41293e-10
-1.17482e-09
7.42891e-10
-6.8258e-09
-2.59214e-09
7.56568e-09
1.85226e-09
-2.56114e-09
4.53645e-09
8.94377e-10
-2.86969e-09
2.51523e-10
-2.77972e-10
2.77192e-10
-2.50743e-10
-1.24487e-08
1.04919e-08
-2.5652e-10
2.21329e-09
-1.41936e-08
1.41864e-08
9.13543e-10
-5.31656e-10
4.78337e-10
-8.60223e-10
3.19503e-09
-8.60288e-09
-7.04085e-09
1.2886e-09
4.64921e-09
-5.03589e-09
-9.01917e-10
7.77953e-10
-6.72523e-10
-6.51552e-10
5.46122e-10
-6.7013e-09
-4.57434e-09
3.16758e-10
-9.77551e-11
-3.9011e-10
2.68272e-10
5.95133e-10
-2.31596e-10
5.42766e-10
8.95084e-09
-6.62175e-10
8.84532e-09
7.67012e-09
1.15529e-09
-8.07628e-09
-7.49135e-10
-1.61902e-09
3.62008e-09
2.07647e-09
-6.03542e-09
5.44326e-09
-6.64432e-11
2.49437e-10
-2.91653e-09
7.16665e-10
3.02168e-09
4.70459e-10
4.43178e-11
-5.14777e-10
6.97382e-09
-6.97746e-09
3.9928e-09
-4.5894e-10
7.82356e-09
-4.56452e-10
-7.90987e-09
1.78437e-10
-1.02542e-10
-2.73951e-10
1.98056e-10
1.85566e-09
1.5133e-09
-1.34659e-09
-1.66707e-10
-6.10508e-09
6.70612e-09
-6.01042e-10
-7.52535e-10
1.56281e-10
3.427e-09
-2.83074e-09
-4.81589e-11
-1.24198e-09
5.73223e-09
1.83295e-09
2.92644e-10
1.62972e-09
-1.10549e-08
9.1988e-10
1.14573e-08
-1.41507e-08
-1.61395e-10
1.93559e-10
-1.03637e-09
5.22831e-09
-5.58943e-09
-3.13894e-10
-2.03094e-10
-7.16919e-09
-1.25006e-09
-8.24286e-09
8.95661e-09
-1.52127e-09
1.42126e-09
2.92966e-10
-1.92949e-10
-8.17688e-09
-3.02837e-09
4.25368e-09
-3.87997e-10
2.22488e-10
9.5222e-09
-5.65268e-09
-4.52402e-10
4.13038e-09
4.49459e-09
-4.8602e-09
-3.51761e-09
1.64189e-10
3.35343e-09
1.09101e-09
-7.50455e-09
1.61857e-09
1.56994e-09
-4.70901e-09
5.18982e-09
-7.44703e-09
-1.00434e-09
9.8948e-09
-5.7722e-09
-1.12132e-08
7.09063e-09
-1.14231e-08
7.19978e-09
5.56503e-09
-8.23243e-09
7.90677e-09
-5.23938e-09
-8.82321e-09
8.26895e-09
-4.95165e-09
5.50592e-09
2.00135e-10
-7.4916e-10
-2.55958e-10
7.50101e-10
2.55017e-10
-1.87231e-09
1.8755e-09
-1.15671e-09
-2.73521e-09
-7.82405e-10
-1.05684e-08
8.03332e-09
1.11285e-08
-2.27731e-09
2.4383e-09
-1.60985e-10
9.51756e-09
-3.84697e-09
-8.19168e-09
-1.7196e-09
1.89414e-09
7.46048e-10
-7.85465e-09
-1.63174e-09
-1.18494e-09
-2.21578e-09
-2.08849e-09
-4.12304e-09
6.31991e-09
7.15923e-09
1.01812e-09
1.52036e-09
-6.92431e-10
8.45475e-11
8.80664e-09
1.2415e-10
7.38932e-10
-9.00857e-11
5.82775e-10
-1.12316e-10
6.34955e-10
1.23207e-09
-1.24866e-09
1.65967e-11
-5.70185e-09
-6.95692e-09
5.89021e-09
8.04082e-09
-3.58824e-10
1.21527e-10
-7.80352e-09
2.60855e-09
2.52496e-09
-1.71841e-09
4.02187e-10
1.34957e-10
-3.60027e-10
-1.77117e-10
-2.30405e-09
5.94488e-09
1.46624e-09
3.50593e-09
-1.01111e-09
1.53943e-09
3.06281e-09
3.02971e-10
2.1087e-09
-8.09897e-09
1.9306e-08
7.78427e-10
7.30986e-10
-3.06058e-10
-7.68138e-10
3.43209e-10
9.70508e-10
7.9e-09
-7.28677e-09
-1.58375e-09
4.44061e-09
-3.16026e-09
3.14582e-09
-2.11305e-09
-3.96896e-09
-2.26859e-09
2.17225e-09
-2.84683e-09
1.168e-09
-1.17845e-09
9.483e-09
3.63929e-09
-4.77073e-09
-8.35157e-09
4.60776e-10
-6.7101e-11
-3.93675e-10
1.03292e-10
-8.41695e-09
6.39426e-10
-8.46296e-09
7.70322e-09
-9.1909e-10
-8.5145e-09
-3.02006e-09
4.43786e-09
-3.97895e-09
-4.18811e-09
6.46464e-09
7.08016e-09
4.54902e-09
-1.35518e-10
6.58142e-10
5.48517e-10
-5.85769e-10
-7.04629e-09
7.05658e-09
-3.86811e-09
-5.33384e-10
-1.12637e-10
6.46021e-10
-4.78369e-10
-4.23064e-09
2.63856e-09
6.10393e-10
-5.16062e-10
-3.50158e-10
1.43162e-10
7.23058e-10
-7.40915e-10
-2.98963e-09
8.22319e-09
3.24975e-09
-3.54388e-09
3.55897e-09
-2.96914e-10
1.03669e-09
-7.18499e-10
-1.94673e-09
-1.30661e-09
-8.12976e-09
8.15784e-09
1.27853e-09
-1.16538e-09
-3.10657e-09
1.3993e-09
2.87264e-09
3.75909e-10
6.04429e-09
9.96273e-10
-9.3608e-10
2.31396e-10
-1.94352e-10
7.55259e-09
-9.99858e-10
-7.69858e-09
1.14585e-09
-8.30911e-09
1.04401e-09
7.90453e-09
4.47786e-10
4.79322e-09
-4.07854e-10
4.03424e-09
2.22299e-09
-5.94974e-09
7.03036e-09
-1.77021e-09
6.8959e-10
2.97319e-09
-3.1363e-09
7.29533e-09
-7.13222e-09
8.937e-09
7.31177e-11
-9.69302e-10
-1.14528e-10
3.08686e-09
9.54797e-10
4.60454e-09
-9.3561e-09
1.06683e-08
1.88285e-09
-9.73709e-09
5.76167e-09
-1.49251e-08
1.31454e-10
-1.56526e-08
1.35949e-10
4.03447e-09
-1.91222e-09
4.43163e-09
7.09261e-09
-4.51419e-09
-3.37492e-09
3.15131e-09
9.70661e-09
3.66559e-09
8.3699e-09
-3.71422e-09
-1.41884e-08
1.10196e-10
-6.97006e-10
5.52228e-09
-4.76174e-09
3.23146e-09
-3.95248e-09
-2.26407e-09
2.9851e-09
-7.65152e-10
1.20051e-09
2.9656e-10
-1.64007e-10
3.47529e-10
-7.7809e-09
4.3484e-09
3.2273e-09
8.99392e-10
6.83299e-09
-4.997e-10
6.97074e-10
-9.55198e-10
9.58257e-09
-1.92921e-09
8.917e-09
-8.50859e-09
-2.82104e-09
1.42809e-09
9.90155e-09
-3.33255e-09
9.88307e-09
-9.92544e-09
2.59136e-10
2.75869e-10
-2.83481e-10
-3.7313e-10
2.34712e-10
-6.26734e-10
1.838e-09
-1.15056e-08
7.54477e-09
-1.10716e-08
2.79817e-09
7.84342e-09
3.90772e-09
-4.72175e-09
-7.0294e-09
-1.06188e-08
8.4554e-09
3.93158e-10
-3.48176e-09
-9.2069e-09
1.13236e-08
-2.81149e-10
-1.46571e-10
1.96192e-09
-2.56789e-09
-2.6575e-09
2.85165e-09
5.22516e-10
-9.32994e-09
-1.86915e-09
-8.22586e-09
-2.04154e-08
2.41585e-09
1.5942e-09
8.16837e-09
1.05951e-09
-4.93638e-10
-7.94739e-09
8.0822e-09
-3.21422e-09
8.76308e-09
9.26345e-10
-6.45397e-10
1.16561e-08
-8.97949e-09
2.77676e-09
9.35405e-09
1.20206e-09
1.77224e-10
1.19697e-08
-1.07771e-08
6.14519e-09
1.80599e-09
-7.65446e-09
2.04867e-09
-2.79993e-09
-7.03232e-09
-1.06552e-09
-1.12008e-08
-6.54652e-09
6.02079e-09
1.17265e-08
2.6761e-09
-2.71317e-09
9.93861e-09
-8.55847e-09
-2.94047e-09
8.28472e-09
-3.44715e-09
1.65791e-09
6.06966e-10
-1.79316e-09
2.68029e-09
7.34948e-09
-3.22059e-10
-7.92236e-09
1.21362e-09
-1.55592e-09
-8.39179e-09
7.19084e-09
-7.6754e-09
-3.02298e-09
1.88485e-09
7.24297e-09
1.06805e-09
7.57258e-09
1.72198e-09
-1.27144e-08
-7.20389e-09
2.82981e-09
-2.32054e-09
6.69463e-09
2.9579e-09
-9.6799e-09
-4.78356e-09
-9.08444e-09
-5.5295e-09
7.47997e-09
9.45638e-09
-4.96662e-09
6.55318e-11
-1.42627e-08
-1.10071e-10
1.31523e-10
6.3669e-10
-3.63988e-10
-8.04977e-09
8.08057e-09
-1.48828e-08
-8.60499e-11
4.37555e-11
-1.56082e-08
-8.97389e-11
4.53591e-11
-8.11798e-09
-4.86454e-09
4.61721e-09
-1.42675e-08
1.43475e-08
-1.49665e-08
1.50492e-08
7.33231e-10
7.42572e-10
1.47838e-08
-1.46196e-08
6.63382e-10
-6.39252e-10
8.84649e-10
1.01269e-09
3.49853e-10
-6.99158e-10
-2.67945e-09
7.66481e-09
2.36412e-09
-5.4372e-10
8.79615e-10
-5.44969e-09
-1.09866e-08
8.62933e-09
7.80698e-09
-2.49677e-09
4.75492e-09
-2.39142e-09
-5.38356e-09
6.04894e-10
1.0866e-09
-8.57453e-09
-5.56731e-09
6.02386e-09
1.18108e-10
-2.17643e-10
7.44569e-09
-4.83598e-09
-9.18823e-09
-5.51826e-09
8.27712e-09
4.00879e-09
-1.56076e-08
3.62317e-11
-1.48824e-08
3.45178e-11
9.57417e-09
-1.16096e-08
-2.53346e-09
3.32034e-09
7.72513e-09
-8.51201e-09
-8.13722e-09
3.04211e-09
7.91011e-09
-2.815e-09
-7.74487e-09
7.28278e-09
-3.15484e-11
3.80628e-09
-8.20249e-09
-7.32551e-09
2.0272e-09
5.01183e-09
-2.0605e-10
2.40801e-10
-6.32713e-10
-6.71045e-09
1.54571e-08
-8.53108e-09
8.32582e-09
8.11293e-09
-1.17565e-08
1.13856e-08
-1.12338e-08
8.64057e-09
5.91359e-09
7.07446e-09
-1.68192e-10
-6.90627e-09
-8.83936e-09
7.41559e-09
-7.54561e-09
1.30012e-10
1.4099e-08
-1.40356e-08
-6.12379e-09
-7.44729e-09
8.84934e-09
-1.16873e-08
-3.54933e-09
-8.41287e-09
3.07267e-09
-2.75187e-09
8.59191e-09
2.56977e-09
-2.71355e-09
-8.44813e-09
8.33877e-09
-5.66761e-09
-7.188e-09
4.51684e-09
-1.42785e-08
-3.27798e-11
4.85348e-11
-6.74694e-09
-3.22408e-09
2.4451e-09
7.39548e-09
-3.21022e-10
4.60519e-10
-4.5558e-09
-1.48847e-08
3.95996e-12
-1.56101e-08
4.66712e-12
3.09093e-09
3.92128e-09
1.37092e-08
-3.03516e-10
6.96623e-10
1.43746e-08
-3.13531e-10
7.29493e-10
6.20926e-09
-6.68215e-09
2.9031e-09
-3.08766e-10
-2.52897e-09
-6.53629e-11
-9.74843e-09
-9.19265e-09
4.26977e-10
-2.22095e-09
-1.42705e-08
1.90498e-12
1.34482e-09
5.22894e-10
5.98809e-11
-3.00285e-09
9.05276e-09
-5.01574e-09
8.78474e-09
2.7798e-09
-1.0121e-08
-1.56442e-08
3.04707e-11
-1.49164e-08
2.83441e-11
3.81024e-09
1.72679e-09
-6.98979e-12
-1.43039e-08
7.72922e-09
-3.13622e-10
-8.31194e-09
-5.63705e-09
-1.9922e-09
3.04888e-09
9.43526e-09
4.39531e-09
-4.35937e-09
-8.8753e-09
1.40091e-08
-1.39953e-08
-1.42948e-08
-1.14003e-11
2.27193e-12
9.46005e-10
-9.30568e-09
-1.49893e-08
3.74296e-11
-1.57202e-08
3.90481e-11
-3.74189e-10
-1.42718e-08
-2.66745e-11
-1.56716e-08
-5.37528e-11
-1.49427e-08
-5.16701e-11
-1.48987e-08
1.49899e-08
-1.42033e-08
1.42912e-08
-1.93859e-11
-1.43028e-08
-3.33968e-09
-1.56779e-08
-2.11244e-11
-1.49489e-08
-2.03688e-11
1.40068e-08
-1.39972e-08
-1.42888e-08
-1.27974e-11
-1.27363e-12
-4.52081e-11
6.52723e-11
-1.56476e-08
-4.07391e-11
-1.49197e-08
-3.93019e-11
-1.42678e-08
-2.74634e-11
4.65524e-11
1.43714e-08
-1.43347e-08
-1.49291e-08
-9.40514e-12
-1.56572e-08
-9.48204e-12
-2.13998e-11
-1.42968e-08
-1.49013e-08
-3.00251e-11
-1.56283e-08
-3.10946e-11
1.40165e-08
-1.40115e-08
-1.42866e-08
-4.53275e-12
-5.70195e-12
-1.49246e-08
6.9206e-12
-1.56533e-08
8.09749e-12
-1.42651e-08
-2.78537e-11
-2.15501e-11
-1.42942e-08
-1.57078e-08
3.93731e-11
-1.49771e-08
3.77757e-11
1.40279e-08
-1.40229e-08
-1.56571e-08
-6.24448e-11
-1.49286e-08
-6.01661e-11
-1.42747e-08
-9.56033e-12
-9.93962e-12
-1.49364e-08
1.50168e-08
-1.42399e-08
1.43175e-08
-1.42422e-08
-3.64646e-11
-1.49385e-08
9.43076e-12
4.26431e-13
-1.56679e-08
9.71766e-12
1.13148e-12
-1.42649e-08
-2.55909e-11
-1.57107e-08
1.00258e-11
-1.49798e-08
9.70426e-12
-1.42514e-08
-1.95144e-11
1.40409e-08
-1.40405e-08
-1.49355e-08
-6.94466e-11
-1.56644e-08
-7.2265e-11
-1.42193e-08
1.42935e-08
-1.49143e-08
1.49913e-08
-1.4275e-08
-2.39416e-11
-1.56572e-08
1.44984e-11
-2.16375e-11
-1.49287e-08
1.39167e-11
-2.06713e-11
-1.49029e-08
-4.12101e-11
-1.56306e-08
-4.27532e-11
-1.42575e-08
-1.23477e-11
-1.49256e-08
-2.14082e-12
-1.56543e-08
-2.18346e-12
-1.42815e-08
-1.45225e-11
-1.4904e-08
5.17228e-12
-2.68456e-11
-1.56315e-08
5.32082e-12
-2.81012e-11
-2.31411e-11
-1.42594e-08
-1.56245e-08
-1.37708e-11
-1.48972e-08
-1.33529e-11
-8.81474e-12
1.41731e-08
1.39561e-08
-1.23212e-08
-1.63492e-09
1.45532e-08
-1.4883e-08
3.2981e-10
-1.47005e-08
1.47755e-08
-1.41085e-08
1.41313e-08
-2.27134e-11
6.80451e-11
7.08346e-11
-3.70469e-11
-3.51852e-11
1.40511e-08
-1.40507e-08
-1.41952e-08
8.66682e-11
-1.46723e-08
-8.30189e-12
-1.35802e-08
1.3602e-08
-1.56293e-08
-3.04443e-11
-1.30708e-08
-2.77031e-10
1.33479e-08
-1.49016e-08
-2.9227e-11
1.67592e-11
-1.25389e-08
-5.31944e-10
1.35896e-08
-1.35894e-08
1.35511e-08
-1.35592e-08
1.38077e-08
1.44901e-08
-1.43553e-08
-3.1702e-10
1.40215e-10
-3.75023e-11
-3.9734e-11
3.10073e-12
2.62188e-11
1.9796e-10
-1.42772e-08
-2.51162e-11
-1.33857e-11
-1.32207e-11
1.4007e-08
-1.36443e-08
-7.52755e-12
-2.36117e-11
-2.4804e-11
1.35446e-08
-1.35066e-08
-3.79932e-11
-7.36894e-12
-1.22584e-09
1.5182e-08
2.06803e-10
-1.27457e-08
1.49643e-08
-1.50009e-08
5.2379e-11
-1.58116e-11
1.56056e-08
-1.56007e-08
-1.91234e-11
1.3611e-08
-1.36042e-08
1.48806e-08
-1.48853e-08
-1.70264e-11
1.48883e-08
-5.67044e-12
1.56148e-08
-6.21858e-13
1.49589e-08
1.51541e-09
-1.41254e-08
1.41274e-08
-1.48149e-08
1.48168e-08
-1.49004e-08
1.20626e-11
1.42343e-08
-1.42728e-08
7.70241e-12
1.4929e-08
6.12123e-11
-2.58426e-11
1.39124e-11
1.46995e-08
-1.45902e-08
1.42493e-08
-1.71835e-11
-1.56076e-08
5.99947e-12
1.42488e-08
-1.42279e-08
-2.93231e-11
-1.56335e-08
-1.19918e-11
3.40181e-12
1.48516e-08
-1.48318e-08
2.67356e-11
1.56178e-08
-1.56498e-08
3.85918e-11
-6.51577e-12
1.56234e-08
-1.56064e-08
-2.02311e-11
-1.01633e-11
-1.43047e-08
1.42621e-08
1.42633e-08
-9.04599e-12
-5.48155e-12
1.42367e-08
-2.00284e-11
-1.43018e-08
-4.56254e-11
-1.5672e-08
4.29156e-11
-2.07325e-11
-1.56396e-08
-3.16327e-11
1.4911e-08
-1.49306e-08
1.64387e-11
3.12837e-12
1.49053e-08
-3.02005e-11
1.42587e-08
-9.09354e-12
-2.92757e-13
-1.49248e-08
-2.60141e-11
-1.48712e-08
-6.90684e-11
-1.13915e-11
1.55978e-08
1.60377e-11
9.56722e-12
3.08783e-11
1.56321e-08
-5.64195e-12
-1.17003e-11
1.566e-08
-1.56533e-08
-2.7546e-11
-1.54645e-11
1.42711e-08
3.61758e-11
-1.42669e-08
1.42871e-08
-1.38782e-11
-6.32217e-12
-1.47531e-08
-3.40302e-11
1.73043e-11
3.15093e-12
-1.46807e-08
1.53841e-08
-7.03461e-10
4.04391e-11
-4.20998e-11
4.43525e-11
-1.4896e-08
1.61454e-11
8.63583e-12
4.21594e-12
-2.51892e-11
-2.67805e-11
-1.48796e-08
-2.05088e-11
-1.49404e-08
-2.9114e-11
7.98678e-12
-1.48808e-08
1.48715e-08
1.49044e-08
-1.86261e-12
-1.42175e-11
-1.68013e-11
-1.75517e-11
-7.12951e-11
-5.13307e-11
2.21908e-11
-1.42689e-08
-1.30318e-11
1.26878e-11
1.49281e-08
-9.4029e-11
3.74463e-11
-2.90524e-11
-2.04013e-11
1.86834e-10
1.46974e-08
2.62704e-11
1.42934e-08
1.03e-11
-1.37921e-08
-8.88608e-10
-1.43085e-08
-1.56765e-08
6.70558e-11
3.63611e-09
-7.14313e-11
1.50683e-08
-1.50744e-08
1.56227e-08
-6.93791e-10
-9.37481e-10
-1.25184e-10
1.16171e-09
-1.59362e-08
5.96462e-09
-2.69684e-09
6.75535e-09
-8.41393e-09
2.84585e-12
-7.81563e-10
-1.43729e-08
1.88664e-09
5.5872e-10
-5.36169e-10
3.07893e-10
-3.30444e-10
8.29594e-09
-4.54001e-09
-1.49976e-08
1.50172e-08
-9.4011e-09
-1.40574e-09
2.81521e-10
-2.01527e-10
4.34859e-09
3.49589e-09
1.4322e-08
-1.44424e-08
1.20407e-10
8.32398e-09
1.35716e-08
-5.58331e-09
1.08733e-09
8.43064e-09
2.60054e-09
-3.29834e-09
-7.71507e-09
1.07143e-08
-3.02529e-10
-3.5042e-09
7.15695e-09
2.49244e-09
1.65324e-08
-8.83941e-09
5.032e-09
-6.73021e-09
-1.38252e-08
-4.44301e-10
-2.52757e-10
-4.4447e-10
-7.7167e-09
-7.89972e-09
3.54117e-10
-6.19434e-09
-8.74924e-10
4.08653e-10
2.95285e-10
-1.45217e-10
-4.63245e-10
8.74361e-10
4.98259e-10
2.46355e-11
-7.45585e-09
3.86782e-09
2.37489e-09
8.903e-09
-3.80496e-10
-5.72286e-09
-7.13119e-09
-6.87842e-09
-4.79679e-10
1.8009e-08
6.64284e-09
5.0657e-09
-8.66971e-09
-1.20368e-08
-4.50778e-09
1.3044e-08
-9.90617e-09
2.08558e-09
-7.06363e-09
-3.77548e-09
-8.75412e-09
9.27326e-09
2.43741e-09
-2.95655e-09
-8.87803e-10
5.66709e-10
-6.90167e-11
-1.4446e-08
-3.92572e-09
1.27288e-09
2.0208e-10
-4.56835e-10
-8.70761e-09
3.64345e-10
-4.73701e-10
-3.97174e-09
-3.14978e-09
-7.64174e-09
8.47631e-09
7.38983e-09
-5.3248e-09
-7.01998e-09
4.95495e-09
4.19047e-09
6.61624e-09
-3.09722e-09
-7.70949e-09
9.38532e-10
-5.80047e-09
1.14127e-09
-1.21287e-09
5.49934e-10
7.2711e-09
-9.18536e-10
8.54287e-09
-7.81291e-09
7.54044e-09
-8.2704e-09
-5.57494e-09
5.64318e-09
7.32159e-09
1.52064e-09
1.02453e-08
-9.21941e-10
-1.92386e-09
-7.53791e-09
2.00592e-09
-1.53416e-09
-8.38359e-09
1.12135e-09
-8.31797e-09
7.84527e-09
-1.87924e-10
-7.86044e-09
1.27366e-09
7.36995e-09
9.49354e-09
-1.47563e-09
-9.75539e-11
8.02866e-09
-7.80957e-09
4.57238e-10
6.00744e-09
1.23854e-09
9.98527e-09
-3.28833e-09
-8.50748e-09
-1.11349e-09
-7.83662e-09
-3.35825e-09
8.3085e-09
2.71456e-09
-1.41662e-08
1.41265e-08
-1.48548e-08
1.48336e-08
-1.16383e-11
-7.73989e-09
4.89636e-09
5.41926e-11
7.88342e-09
4.21716e-09
5.20966e-09
4.18872e-09
-4.50202e-09
7.1332e-09
1.19747e-10
-1.09905e-09
-6.1539e-09
-1.07718e-09
5.98159e-09
-5.19407e-09
2.89668e-10
-1.19064e-10
5.84948e-09
-7.83244e-09
1.40687e-08
6.7729e-09
-2.80205e-10
4.30288e-09
1.01465e-08
3.56622e-09
2.09473e-10
3.95086e-09
9.98002e-09
-3.94561e-09
4.53901e-10
4.43573e-11
-2.08788e-09
8.04414e-09
1.51297e-09
-1.6571e-09
-1.9325e-09
-7.81697e-09
-4.86285e-09
-7.21655e-09
2.32539e-09
7.81516e-09
-2.46776e-09
1.61409e-09
-2.57328e-09
-3.26266e-09
-4.92768e-09
8.38525e-09
-4.7819e-10
3.65161e-09
-3.4201e-09
2.49252e-09
4.17733e-09
-2.91746e-09
-2.50134e-10
3.13249e-10
3.04051e-10
-3.67165e-10
-1.01446e-11
-1.42916e-08
2.38007e-09
-1.46837e-09
-3.10348e-09
1.27816e-09
1.17252e-10
-1.93347e-10
5.76736e-10
-4.62525e-10
-8.58566e-09
9.71197e-09
1.0959e-10
-1.2359e-09
-1.4248e-09
-7.44997e-09
-8.24619e-10
-8.72014e-09
8.31333e-09
-4.28617e-09
4.23936e-09
3.2069e-09
-3.16008e-09
2.46511e-10
1.9996e-10
-1.6928e-10
-1.2594e-10
5.32759e-10
-7.44278e-10
3.28559e-09
-3.79054e-09
-8.31827e-09
1.90185e-10
-7.65505e-09
-1.0026e-11
7.47489e-09
3.71698e-09
-7.42417e-09
-2.96423e-09
-1.04176e-09
-1.36246e-09
1.76309e-09
6.41125e-10
2.21413e-09
9.98644e-10
-2.07142e-10
6.45588e-10
-2.32224e-09
-4.14522e-09
2.92358e-09
-8.09187e-09
-8.6008e-10
1.32934e-10
4.37992e-10
3.03572e-09
5.02225e-10
-4.83236e-11
-2.57214e-09
-7.53974e-09
7.34908e-09
9.75499e-09
-1.01683e-08
1.76808e-09
6.53514e-09
-7.73568e-09
-2.98622e-09
-3.08546e-11
1.39325e-10
-3.18482e-10
2.78374e-10
1.83458e-10
-1.43349e-10
-8.09423e-10
-7.49379e-09
-7.48652e-09
-1.84425e-09
7.62024e-09
1.71052e-09
4.98545e-09
-7.12065e-09
7.25409e-09
4.21515e-09
-1.43432e-08
1.43234e-08
-1.50534e-08
1.50273e-08
7.7975e-09
-7.5842e-09
-1.07671e-08
-4.94149e-09
3.86337e-09
-1.48862e-08
3.2908e-10
9.08349e-10
7.14466e-09
-9.81418e-09
-1.27659e-08
4.66181e-09
6.54653e-09
-6.45079e-09
-6.79704e-09
-5.97214e-09
-8.06028e-10
7.95082e-09
2.86909e-10
3.74413e-10
-1.95232e-10
1.97937e-10
-4.22725e-10
4.2002e-10
-5.24255e-09
-1.11542e-10
6.13767e-10
3.58764e-09
-6.61294e-09
-2.41458e-09
-2.93312e-09
-1.5836e-09
7.99426e-09
2.2557e-09
-8.66636e-09
1.37153e-09
8.10956e-09
-1.36337e-09
-8.11771e-09
9.85406e-09
1.47619e-09
-2.98297e-09
3.52598e-09
-7.81483e-09
7.81148e-09
-6.953e-09
3.6511e-09
9.22552e-09
-1.4157e-09
-8.63444e-09
1.14663e-09
-3.89018e-09
2.88775e-09
8.25652e-09
6.91291e-09
1.82633e-10
-4.86815e-09
-2.2274e-09
8.47259e-09
-8.09655e-09
-7.40026e-10
-2.49488e-09
-4.57997e-10
4.70976e-10
-2.08211e-10
-1.48549e-10
-5.07346e-10
1.97898e-10
-4.33035e-09
2.06878e-09
-3.61682e-10
6.28004e-10
2.1884e-10
-4.85163e-10
6.72055e-09
-2.45846e-10
7.12946e-10
7.09042e-10
9.82563e-09
1.37326e-09
1.11021e-09
6.35959e-10
-2.43926e-10
5.73521e-10
-7.02725e-10
-1.71673e-09
2.01338e-09
-7.99523e-09
-8.43199e-09
-4.76012e-09
4.28922e-10
-2.70112e-09
-1.02825e-08
7.79571e-09
2.67695e-09
-1.57247e-09
3.40851e-10
-5.77808e-10
1.80943e-09
7.56312e-09
-8.61774e-09
-7.15043e-10
7.47127e-10
4.64386e-09
2.61179e-09
2.16766e-09
-5.99409e-09
1.1168e-09
1.01104e-08
1.4658e-09
-6.68448e-09
-6.9508e-09
7.05892e-10
7.51635e-11
-4.67807e-10
-4.15605e-09
3.43486e-09
-3.56499e-09
-1.41871e-08
1.41492e-08
-1.48876e-08
1.48405e-08
-4.11839e-09
2.14441e-09
-5.56076e-09
-5.74537e-10
3.87033e-09
-1.23384e-09
-9.36859e-09
1.35964e-08
-2.99398e-09
1.36139e-08
-2.5471e-09
-3.80715e-10
-9.46359e-09
8.2607e-09
6.3494e-10
1.65656e-09
7.95053e-09
5.04607e-09
-7.85172e-09
7.57042e-09
-4.76477e-09
4.18295e-10
-1.64316e-09
-4.54262e-10
1.67913e-09
9.49766e-10
1.87054e-10
-3.59632e-09
2.4595e-09
-1.41536e-09
6.63894e-09
9.50881e-10
-4.27296e-10
8.78737e-09
-2.74839e-10
2.67782e-09
-2.46877e-09
1.99974e-09
6.35407e-09
-1.17947e-09
-7.17435e-09
-5.82559e-10
1.01316e-08
-7.5493e-09
1.40834e-08
-9.35203e-10
6.64988e-10
-7.7051e-09
1.20005e-09
3.25565e-09
-2.96383e-09
2.43638e-09
5.27449e-10
-2.19381e-10
7.06441e-10
-1.70332e-09
-1.31505e-10
-9.26795e-10
-7.91828e-09
7.08706e-10
-7.19289e-10
2.75697e-10
-2.65114e-10
-7.26937e-09
-2.53574e-09
2.88883e-09
6.91629e-09
-9.86055e-09
-6.07571e-09
-7.2011e-09
-2.653e-09
2.36758e-09
8.61774e-09
8.37702e-09
2.26766e-09
6.91244e-09
1.37605e-09
-1.80579e-09
5.26506e-09
-1.93838e-09
4.57045e-09
-8.10527e-09
-1.06663e-10
7.76312e-09
4.4881e-10
-1.85687e-10
3.94073e-10
-1.57279e-09
4.38933e-09
-1.33922e-11
-8.90526e-09
1.00089e-08
1.67312e-09
9.9978e-09
2.54443e-09
3.95845e-09
-1.48239e-10
1.27395e-09
-2.55434e-10
-8.70276e-10
1.22465e-09
8.34388e-10
-1.17041e-09
-8.88625e-10
6.78312e-09
1.19738e-09
-1.053e-09
1.06959e-09
1.80544e-09
-1.23512e-09
-2.51638e-10
1.33852e-09
4.28378e-09
1.35892e-09
6.48915e-09
2.85245e-09
1.42245e-09
6.31238e-10
-1.33432e-09
-7.19371e-10
-5.04672e-09
-9.42597e-10
4.41653e-09
-7.6206e-09
-4.68942e-09
-1.13623e-09
1.95874e-09
6.36728e-09
-2.12012e-09
2.24199e-09
4.03123e-09
-6.30134e-09
-6.85903e-10
2.95601e-09
2.85011e-10
5.80554e-10
-4.56912e-10
-2.86767e-10
-7.55755e-10
6.19617e-10
4.22906e-10
5.981e-10
2.34343e-09
1.39423e-09
1.2453e-09
3.19988e-10
4.18641e-10
-3.38193e-10
-4.00437e-10
-3.70144e-09
4.14349e-09
6.53177e-09
3.83833e-09
4.7255e-09
-4.32447e-09
5.81329e-09
2.01047e-10
1.5645e-09
2.79862e-09
1.03907e-09
-2.71712e-09
1.74046e-09
8.73039e-09
-4.2785e-10
-4.3287e-10
4.99038e-10
4.35982e-09
7.79453e-09
1.29429e-10
2.55241e-09
6.86851e-09
-3.8347e-09
-4.24641e-09
1.2126e-09
6.09779e-10
-4.95091e-10
1.80596e-10
3.3751e-10
2.95213e-09
4.84894e-10
1.99307e-09
3.60312e-10
8.1893e-09
-1.46467e-09
-7.53405e-09
3.23691e-09
-5.58986e-09
-5.07121e-09
2.91151e-09
-6.6276e-09
-5.26026e-10
-3.02053e-10
4.00228e-10
2.92025e-09
7.0478e-09
-7.05654e-09
2.9654e-09
-7.10879e-09
3.23666e-09
9.1456e-09
3.84377e-09
8.69738e-09
-5.34597e-10
-3.83858e-11
5.25781e-10
4.72023e-11
1.14033e-10
6.19785e-10
3.13881e-09
-7.21823e-09
3.9514e-09
9.28936e-10
-2.75263e-09
-6.28829e-09
2.59955e-09
6.44136e-09
-1.43473e-08
1.4324e-08
-1.50473e-08
1.50211e-08
1.03343e-10
-7.95488e-09
4.69109e-09
-1.40834e-08
1.40655e-08
7.72322e-11
-7.92128e-09
-1.37061e-09
-9.14755e-09
-4.19459e-10
-3.43586e-10
5.93711e-10
1.69333e-10
-7.71849e-09
-2.0212e-09
2.47031e-09
5.55021e-10
2.85828e-10
8.16019e-11
-1.50533e-09
-7.60996e-09
-5.48593e-09
3.10618e-09
1.36363e-10
1.4947e-09
-3.52911e-10
-3.60243e-10
3.37195e-10
1.65277e-09
1.8008e-09
-3.75801e-09
4.51291e-09
-4.58347e-09
3.82857e-09
3.07881e-10
1.45291e-09
-1.55974e-09
-8.23036e-09
2.73789e-10
-7.85479e-09
-1.99896e-10
-5.25228e-10
-7.86311e-09
7.946e-09
-7.98225e-09
2.47105e-10
-2.10846e-10
-5.93803e-09
6.91035e-09
-1.19801e-09
2.25697e-10
7.44536e-09
-8.21547e-09
-6.49646e-09
-2.26089e-10
3.17291e-10
-3.75614e-10
1.76062e-09
-1.5245e-09
-7.85765e-09
6.2279e-10
2.19139e-10
1.62174e-09
8.92261e-09
3.34888e-09
-2.89494e-10
2.99608e-10
-1.80795e-10
-8.10107e-09
4.21533e-10
-1.5324e-08
7.15377e-10
-2.71334e-10
-7.81882e-09
2.03481e-10
3.18899e-10
-7.15533e-09
8.95136e-09
-2.37859e-09
9.33177e-09
-6.19237e-09
4.05144e-09
-1.84766e-11
2.21808e-10
-1.4598e-09
3.05625e-10
2.63641e-09
-5.9572e-10
4.58163e-10
8.46263e-10
9.60819e-09
-2.62495e-10
1.74254e-09
8.21897e-09
-7.00417e-10
2.19341e-09
-7.78902e-09
7.82589e-09
-1.32619e-10
-7.91936e-09
-1.29676e-09
3.69517e-10
3.26121e-10
1.43957e-09
-3.66268e-09
1.66182e-09
2.18792e-09
1.59899e-09
6.27118e-09
7.01284e-10
-8.57146e-09
-7.70815e-09
4.8788e-10
-2.87364e-10
-6.00792e-10
7.55472e-10
-7.14198e-10
8.04731e-11
-1.21747e-10
-1.00729e-08
4.01684e-09
-4.9006e-10
6.54612e-09
-7.99554e-09
2.4849e-09
9.6968e-10
2.54666e-11
-4.92991e-09
-6.01114e-09
7.18304e-09
4.94174e-09
6.80763e-09
-7.99766e-09
7.73941e-09
7.10846e-09
-6.8502e-09
-1.62327e-09
-6.25339e-11
7.07085e-10
9.78723e-10
-4.00172e-12
-4.83376e-11
8.07812e-10
-1.97447e-10
-2.86752e-09
2.44012e-09
6.24853e-10
-7.21534e-10
1.04431e-10
-1.02186e-10
2.83793e-09
-2.05307e-09
7.71692e-09
-7.03446e-09
6.19078e-09
-8.36569e-09
8.19114e-09
-6.01623e-09
1.01403e-10
3.78052e-10
-7.01416e-09
5.4359e-09
7.93233e-09
-1.85418e-09
-2.90393e-10
1.10281e-09
1.29812e-09
-1.11692e-09
-6.39489e-11
1.81709e-09
1.18685e-09
-7.97044e-09
-1.00404e-09
-3.64763e-09
2.72304e-09
-2.58531e-10
-2.18202e-10
-2.4524e-09
8.74324e-10
-2.761e-10
-1.8758e-09
2.22955e-10
1.87379e-09
4.35061e-09
6.441e-10
9.55854e-09
-6.46207e-09
6.73763e-09
7.4075e-09
-7.68306e-09
7.66842e-09
1.41713e-09
3.3225e-10
-3.99046e-10
-3.57457e-11
2.09405e-09
-6.95979e-09
5.53888e-09
-6.73147e-10
5.75506e-10
-6.72104e-10
-1.37289e-10
2.33887e-10
3.34492e-10
-1.12296e-10
1.23408e-09
7.30086e-09
1.88125e-09
5.01432e-09
-4.49972e-09
5.54023e-09
2.99072e-09
5.58239e-09
-6.36909e-09
8.15865e-09
-7.37195e-09
-1.41941e-08
1.41437e-08
-1.48871e-08
1.48328e-08
-7.56412e-10
-1.22834e-10
-1.68595e-09
1.319e-09
1.28841e-09
-9.21458e-10
-1.80226e-09
-6.31195e-09
-2.69403e-09
2.0383e-09
-1.03022e-09
7.32269e-10
-2.87753e-09
-2.69323e-10
6.40777e-11
3.16547e-09
-5.15207e-09
4.4877e-09
-2.7823e-10
-5.82262e-09
4.78468e-10
-6.00092e-09
-5.75905e-09
6.35561e-09
-6.0459e-10
-1.23811e-09
3.53177e-09
-6.03493e-09
6.5664e-09
-5.54065e-09
3.69975e-09
7.6305e-10
-2.06836e-09
-2.85342e-09
4.2399e-09
-8.27127e-09
-2.4517e-09
-5.74725e-09
-2.79791e-09
3.06204e-10
-2.3477e-10
7.96317e-10
6.2832e-10
-2.42998e-09
3.99979e-09
7.53284e-09
4.9621e-09
-9.29741e-09
-7.25222e-09
6.15853e-09
1.02658e-09
-9.85901e-09
-7.65544e-09
-1.61845e-09
1.06605e-09
-8.39886e-10
1.39229e-09
3.72509e-09
9.84898e-09
-1.17724e-08
-1.13895e-10
-6.33199e-09
1.5248e-09
-1.0236e-09
4.53618e-10
-1.76146e-10
-4.28192e-10
1.5072e-10
9.0916e-09
1.03649e-09
-2.66955e-09
8.33791e-09
8.62931e-09
-8.22011e-09
-2.06384e-09
-9.6758e-11
-4.50318e-09
-5.56622e-09
1.27424e-10
6.46182e-10
9.21601e-10
-6.50547e-10
-7.74992e-09
7.47886e-09
3.25695e-10
-5.64545e-10
1.03346e-09
8.3236e-09
6.10695e-09
3.46081e-09
5.08189e-10
-2.94497e-10
-5.00459e-10
-1.28377e-08
6.99869e-09
-7.9773e-09
-8.67797e-09
-1.07827e-10
1.02038e-08
-1.418e-09
2.68729e-09
-4.72098e-09
3.78859e-09
1.26597e-09
-5.05456e-09
9.35935e-09
-1.02802e-09
3.51216e-10
-8.68255e-09
1.71747e-09
-2.82988e-10
6.87997e-11
-4.75973e-10
-1.43384e-08
1.43203e-08
-1.50381e-08
1.50158e-08
2.20496e-11
7.86183e-10
1.3607e-08
8.67296e-10
2.52943e-09
6.84247e-10
4.31844e-09
1.76902e-09
-2.46215e-09
5.46566e-10
-6.3018e-10
-7.4061e-09
7.22601e-09
-1.61563e-09
1.79572e-09
1.44239e-09
2.40595e-10
-1.68298e-09
-6.15283e-09
-4.3433e-09
-1.89117e-09
3.35188e-10
-5.66865e-11
-3.13686e-09
4.03945e-10
1.19916e-08
4.97953e-09
-7.7621e-09
-5.61056e-10
7.04034e-10
4.58476e-09
-1.22667e-09
1.95303e-09
-1.13146e-09
8.08014e-10
-9.58596e-09
8.40403e-09
4.42178e-10
4.29633e-09
-4.90128e-10
1.28066e-10
-7.8452e-10
1.07273e-08
2.82951e-09
-2.61576e-09
-4.68286e-09
5.08289e-09
1.48122e-09
2.06631e-09
7.86977e-09
-6.19367e-09
6.46092e-09
9.66824e-10
-5.03815e-10
1.02587e-09
-6.48778e-10
2.99399e-09
7.49416e-10
8.12607e-09
1.36203e-09
-5.5529e-10
-8.93281e-09
1.89922e-09
3.16892e-10
-2.52263e-09
-8.20179e-10
5.24708e-10
-9.90251e-10
-7.8463e-10
5.00559e-10
-8.55381e-09
-7.5121e-10
6.27048e-10
7.04486e-09
-6.2583e-09
-2.83964e-09
2.08879e-10
-2.65008e-10
5.61287e-11
7.27651e-09
2.03184e-10
-1.41884e-08
1.41464e-08
-1.48833e-08
1.48365e-08
-1.40759e-08
1.4053e-08
4.20466e-10
-3.2161e-09
2.7868e-09
1.24552e-09
4.04262e-09
-3.28424e-09
-6.76952e-09
-1.395e-09
1.12578e-10
2.49145e-10
-6.57605e-10
-7.53602e-09
8.08964e-10
-5.93447e-10
6.93466e-10
9.03038e-10
4.69961e-09
8.63417e-10
-9.35029e-09
-1.005e-08
-9.5703e-09
1.5173e-09
1.24755e-09
2.75544e-10
-4.78812e-10
-9.03974e-10
8.87871e-10
4.94915e-10
-9.98771e-10
-8.17599e-09
6.96259e-09
6.67986e-10
-1.63196e-09
-6.54471e-10
-6.48975e-10
9.9749e-09
6.5444e-11
-2.77425e-09
3.22475e-09
-1.0778e-10
8.30803e-09
1.12967e-08
-9.4472e-09
-6.78119e-09
-5.89247e-09
-7.39418e-10
-4.057e-09
3.56047e-09
-3.76706e-10
2.79024e-10
8.18651e-09
4.07952e-11
2.08675e-09
-9.73973e-09
8.29013e-09
8.70447e-09
9.4927e-11
-7.8229e-09
3.34258e-09
-9.68783e-09
-1.43684e-08
9.94505e-10
7.04905e-09
-1.70456e-09
4.57625e-10
1.5399e-09
1.76386e-10
3.948e-10
-1.43471e-08
1.43223e-08
-1.50473e-08
1.50217e-08
1.56582e-09
-8.26779e-10
3.74865e-09
1.54859e-09
1.14344e-09
1.02079e-10
3.40011e-10
5.61295e-10
-2.17211e-09
3.61245e-09
-7.85141e-09
1.63469e-09
6.3888e-09
1.6869e-09
-1.0446e-08
-8.96068e-10
5.51569e-10
2.14994e-09
1.83027e-09
4.15208e-09
1.93699e-09
-1.36063e-09
2.85274e-09
-7.54626e-11
2.18575e-10
2.67995e-09
-1.21171e-08
9.03637e-09
9.18233e-10
1.15912e-09
-6.56671e-10
-2.05581e-10
-8.97598e-09
-7.15512e-09
-3.88594e-09
-4.58616e-09
-1.0952e-09
9.18397e-10
5.77283e-09
-9.97245e-10
5.75528e-11
2.04222e-09
1.35826e-08
-1.41901e-08
-1.4882e-08
-2.73344e-09
2.50312e-10
2.91483e-09
8.23955e-09
9.46839e-10
2.02025e-09
1.11705e-09
-2.79726e-11
-9.66501e-10
1.30379e-09
6.32388e-10
-3.565e-09
6.44396e-09
4.91557e-09
2.52035e-10
6.68733e-10
8.35404e-09
-1.8878e-11
7.53103e-10
1.40737e-08
2.18258e-09
-1.51397e-09
4.48807e-09
-1.11494e-09
-1.19631e-10
-3.58074e-09
2.74028e-09
-6.61004e-09
7.45049e-09
6.93647e-10
-5.34862e-09
6.19153e-09
7.84006e-10
3.33047e-10
-5.74184e-10
-1.79245e-10
3.27699e-09
-2.55443e-11
3.43842e-09
-2.60964e-11
9.48453e-09
-1.406e-08
1.40404e-08
2.15999e-09
6.59114e-10
1.09826e-09
1.23083e-09
4.97205e-09
-2.63323e-12
-6.19501e-09
1.22559e-09
4.65061e-09
-7.05757e-09
1.18773e-09
2.41931e-10
6.849e-10
-8.54976e-11
8.9046e-10
4.71014e-09
-5.48898e-09
-1.57562e-10
5.69884e-10
8.92292e-11
-1.18038e-10
7.3677e-09
8.65511e-11
4.83333e-10
-7.5096e-09
1.0251e-09
2.12574e-09
1.01112e-08
7.28906e-09
-1.42743e-08
1.42822e-08
-1.49721e-08
1.49797e-08
-2.09306e-10
6.84751e-10
8.19796e-10
-1.0019e-09
-1.33013e-10
-3.61588e-09
2.71041e-09
4.46445e-09
7.14303e-09
3.29483e-09
-3.34297e-09
-7.09489e-09
-7.76434e-10
1.8497e-09
-1.78986e-09
1.18546e-09
-1.66533e-10
6.59587e-09
3.26638e-11
1.35418e-08
1.4201e-09
-1.41573e-08
1.40879e-08
-1.48481e-08
1.47757e-08
7.10356e-09
2.86043e-10
4.33506e-09
-3.97322e-09
4.9944e-10
4.24773e-10
1.80992e-10
-6.33337e-10
3.79484e-10
-7.4112e-09
1.69989e-10
-1.11033e-10
1.34435e-10
-1.40468e-08
1.4043e-08
-1.43197e-08
1.43003e-08
-1.50186e-08
1.49987e-08
1.30324e-09
5.69664e-09
4.9026e-11
1.74698e-09
-8.64457e-09
-1.90924e-09
1.43752e-09
-1.38472e-09
-1.89748e-09
-6.55938e-10
-1.46555e-09
-1.35146e-08
1.35272e-08
5.26149e-09
5.56132e-09
-6.5473e-11
-7.04399e-10
-1.4128e-08
1.40713e-08
-1.48174e-08
1.47584e-08
-2.38577e-09
-9.33638e-10
-4.29537e-09
-2.24771e-10
-1.03819e-08
-1.02687e-08
8.6026e-09
1.86349e-09
-5.60881e-09
-9.55522e-10
-6.93312e-09
-1.23748e-08
1.32725e-08
-7.63477e-09
-3.95931e-09
-8.36293e-09
-4.13424e-10
-4.89054e-10
3.06759e-10
-1.43115e-08
1.42905e-08
-1.50101e-08
1.49884e-08
-1.35646e-08
1.406e-08
-9.2025e-09
8.45248e-09
-1.35298e-10
2.08109e-09
1.40309e-08
-1.41155e-08
1.40559e-08
-1.48042e-08
1.47423e-08
-1.47234e-08
-1.40843e-08
-1.4557e-08
-1.40864e-08
6.78567e-10
-1.40689e-08
7.21447e-09
3.30637e-09
-9.45461e-10
-9.789e-10
7.04539e-10
-1.35011e-08
1.35055e-08
-1.42965e-08
1.42734e-08
-1.49944e-08
1.49705e-08
-7.5898e-10
6.48141e-10
4.53661e-11
-5.75904e-10
2.28515e-09
2.08442e-09
-2.56086e-09
-1.45495e-09
-1.02941e-08
1.43099e-08
-1.42108e-08
4.41834e-09
-5.19555e-11
9.99968e-10
5.35721e-10
1.42742e-08
-8.63563e-10
-1.4038e-08
1.40291e-08
-5.20473e-09
-6.2485e-09
-1.40984e-08
1.40359e-08
-1.47865e-08
1.47214e-08
4.98618e-10
1.56126e-10
-1.07897e-08
6.08619e-09
-5.56518e-09
1.36599e-09
-1.53393e-09
-6.71948e-10
-1.34755e-08
1.34896e-08
-1.33903e-08
6.70612e-09
-1.42897e-08
1.42558e-08
-1.49872e-08
1.49523e-08
7.72747e-10
-8.19832e-09
-2.36106e-09
2.42071e-09
-7.87143e-09
1.35805e-10
-5.57589e-09
1.21291e-08
1.02604e-09
-2.24805e-09
-6.75529e-09
1.41395e-10
-1.40694e-08
1.39885e-08
-1.47562e-08
1.46718e-08
3.49072e-09
6.88361e-09
5.28348e-09
-8.99658e-09
-1.34568e-08
-1.87488e-10
-8.60287e-10
2.07188e-10
9.28797e-10
1.43547e-08
1.50553e-08
-8.22411e-09
5.99808e-10
-2.93483e-09
1.45008e-08
1.40041e-08
-1.42614e-08
-1.49578e-08
8.3257e-09
4.649e-10
-4.14623e-10
-4.57025e-10
4.06748e-10
-2.4608e-09
3.08895e-10
-2.10865e-09
1.04384e-10
-5.94566e-10
-8.39721e-11
-2.18494e-09
-1.12285e-08
-7.2719e-10
7.87754e-09
1.12605e-09
-8.2764e-09
1.99153e-09
5.67475e-09
-3.83503e-10
1.40485e-08
7.08103e-09
-1.34418e-08
1.34564e-08
-1.14321e-09
-4.74102e-10
-6.38787e-11
1.35775e-08
8.06178e-09
-6.72084e-09
-1.76478e-09
-8.99038e-09
2.13742e-09
-8.61196e-09
7.30045e-11
9.60937e-09
2.64798e-09
-6.8301e-09
7.35742e-09
-3.66418e-09
-8.74276e-10
1.4974e-09
-1.57413e-08
-9.40167e-10
-2.47555e-09
1.02995e-09
-6.4255e-10
1.33331e-08
-5.84133e-10
-1.57616e-10
-4.47407e-09
-1.40124e-08
1.39291e-08
-1.46969e-08
1.46097e-08
-9.45718e-10
2.21805e-09
2.64396e-09
-4.5848e-10
-7.84787e-11
-8.38192e-09
-7.84823e-09
5.53841e-09
-2.0163e-09
1.39924e-08
-1.25362e-08
8.11844e-09
-4.00747e-09
-1.43025e-08
-1.50014e-08
-1.35403e-08
-2.42994e-11
7.42913e-09
-5.87494e-09
-7.93407e-09
-6.25378e-09
7.39226e-09
6.39577e-09
-1.34132e-08
1.34341e-08
1.97049e-08
-5.23709e-09
-1.74026e-08
6.92698e-10
5.13792e-10
-1.50861e-09
-6.85984e-09
5.29317e-10
-4.0216e-09
5.03235e-09
6.46861e-09
-1.40099e-08
1.39493e-08
-1.46946e-08
1.46312e-08
1.06728e-09
-6.19407e-09
4.75238e-10
1.23419e-10
-7.89864e-09
-4.86112e-11
1.39741e-08
-8.2029e-10
-1.43199e-08
1.42769e-08
-1.50202e-08
1.49755e-08
1.29137e-09
1.74843e-09
2.52149e-10
-2.98284e-09
1.628e-10
-4.63355e-09
-1.33923e-08
1.34172e-08
-1.40163e-08
1.395e-08
-1.47013e-08
1.46324e-08
6.65213e-09
-8.10827e-09
-8.00679e-09
-5.22004e-09
-8.15286e-11
-2.40353e-09
-1.42708e-08
1.42396e-08
-1.49688e-08
1.49366e-08
2.99627e-09
-2.53263e-09
8.89305e-09
-1.38031e-09
-7.79765e-09
-6.56026e-09
1.39691e-08
1.83667e-09
-1.39907e-08
1.39081e-08
-1.46747e-08
1.45885e-08
3.05233e-09
1.35234e-08
-2.19772e-09
8.56458e-09
7.23049e-10
-1.26191e-09
1.18961e-09
8.99431e-10
5.5732e-09
-5.35734e-09
6.75643e-10
-5.22083e-09
7.10487e-10
5.55551e-10
8.35266e-11
-1.33692e-08
1.33961e-08
-1.42348e-08
-1.49312e-08
3.4524e-11
3.37177e-10
7.84872e-09
-8.55659e-10
9.59596e-10
-9.10443e-09
1.39821e-08
2.1901e-09
-1.3966e-08
1.39016e-08
-1.46494e-08
1.45821e-08
5.97135e-09
-1.43155e-08
1.42902e-08
-1.50162e-08
1.49903e-08
-7.34516e-09
9.30466e-09
-1.33657e-08
1.341e-08
-6.48811e-09
-4.36097e-10
9.38541e-10
-1.55852e-08
3.40449e-09
9.5604e-09
-9.44276e-09
-1.39774e-08
1.39289e-08
-1.46611e-08
1.46105e-08
8.58312e-10
1.56033e-08
-1.51575e-08
-2.32497e-10
7.90888e-09
-4.02203e-09
-3.68201e-10
-1.70505e-09
6.09528e-09
-1.42661e-08
1.36046e-08
-1.49647e-08
1.42709e-08
1.44425e-09
-1.42851e-08
-1.49847e-08
-2.55835e-09
-5.88946e-10
-6.33224e-09
1.08469e-09
1.4115e-08
5.22681e-09
-8.68502e-10
-9.12308e-09
9.12858e-10
4.41528e-09
-3.65484e-09
-6.144e-09
4.18171e-09
1.16355e-09
-1.41615e-08
1.43238e-08
-1.48529e-08
1.50226e-08
-3.07595e-09
-2.85081e-11
-8.05806e-09
-3.72885e-09
-3.06911e-09
2.66111e-10
-1.09246e-09
3.89546e-09
3.04578e-09
1.63835e-09
1.89879e-09
-5.85047e-09
-7.3739e-09
6.2009e-10
3.31827e-10
4.4733e-09
-1.24514e-08
7.54363e-09
1.37582e-09
1.34779e-08
-4.84691e-10
8.86488e-10
-8.07122e-10
4.05325e-10
-5.2938e-10
7.22867e-10
-1.52045e-08
7.62118e-10
-1.34742e-08
1.36102e-08
1.10464e-08
6.53521e-09
1.89537e-09
-6.72532e-10
2.95887e-09
1.32316e-08
-5.95534e-09
-1.62378e-08
1.04801e-08
1.1713e-08
-6.0978e-09
-3.55307e-10
7.19568e-09
-1.06021e-08
8.4409e-09
-4.24806e-09
1.34677e-08
1.40137e-08
1.46979e-08
6.6617e-09
-3.65152e-09
1.83353e-08
-2.13455e-08
8.1284e-09
-6.67652e-09
-6.80922e-09
1.34455e-08
7.39998e-09
-5.46657e-09
-1.50204e-08
1.82974e-08
-1.57521e-08
1.91905e-08
-3.80711e-11
1.44759e-09
5.98961e-09
-8.21609e-09
-5.46587e-09
-2.74788e-09
4.48525e-10
1.35532e-08
7.63642e-10
-1.16052e-09
-5.50045e-10
-3.19307e-10
2.52766e-10
-7.04386e-11
1.38392e-09
1.39917e-08
1.46752e-08
1.47653e-09
-9.77441e-10
8.63443e-09
-9.13352e-09
1.34261e-08
-6.1147e-09
-4.7824e-10
7.64408e-10
1.87819e-09
-1.38304e-08
1.68968e-11
-5.40888e-09
-4.75827e-09
3.97477e-09
7.22851e-09
6.58672e-10
3.5934e-10
-8.47961e-10
-1.1312e-09
1.56538e-10
-1.99526e-10
4.29888e-11
1.23166e-09
-8.40581e-09
8.92775e-09
1.42169e-08
-4.67324e-10
8.95633e-10
1.15602e-08
-1.24558e-08
6.86371e-09
1.92737e-09
-2.62386e-09
3.08629e-09
8.89426e-09
1.68524e-09
-4.42641e-09
9.14729e-10
4.47268e-09
-9.60996e-10
-1.05443e-09
8.40165e-09
1.34057e-08
-1.85541e-09
7.21051e-09
-6.73717e-09
-1.96892e-09
2.09663e-09
6.60946e-09
-1.36447e-08
-7.50294e-09
8.16485e-09
1.43573e-08
-4.9972e-10
-1.29571e-08
2.04685e-09
-1.47374e-09
8.78348e-09
-3.46988e-11
1.5672e-10
7.31784e-11
-1.952e-10
-5.88593e-10
-8.40121e-09
1.14125e-08
9.98256e-09
-9.59133e-09
-6.59549e-09
1.85646e-08
-1.76497e-08
5.68061e-09
1.33925e-08
5.33294e-09
-8.54192e-09
1.38216e-08
-6.36015e-10
-1.36853e-08
4.28646e-09
1.39562e-08
1.46387e-08
-4.62787e-09
8.01447e-10
1.6345e-10
6.92846e-09
5.62382e-10
-1.64379e-10
-1.53405e-08
7.60026e-09
1.0272e-08
5.59088e-09
1.3302e-11
-7.92572e-09
5.31918e-10
2.24533e-10
-4.35172e-10
-3.21279e-10
1.13853e-08
9.20573e-09
1.34424e-08
-7.88666e-09
7.88757e-09
-8.33211e-10
5.04156e-09
2.27611e-09
7.51304e-09
-6.51037e-09
-2.00701e-09
-1.88947e-10
1.76343e-08
-1.26449e-08
4.67841e-09
-1.85626e-09
8.68032e-09
-6.56076e-09
1.17178e-09
2.724e-09
-2.39486e-10
-5.15299e-10
-4.96863e-10
1.40482e-08
1.47346e-08
-1.40279e-08
-7.63848e-09
1.86907e-09
5.51717e-09
-6.98369e-09
-3.29361e-09
8.93783e-09
8.29132e-09
-1.01679e-09
-7.45352e-09
4.13502e-10
2.02288e-09
5.39146e-09
-1.4471e-09
1.17347e-09
5.53513e-09
-1.63517e-08
3.41765e-10
-4.20327e-09
4.10494e-09
-3.66861e-09
-1.55062e-08
-3.75126e-09
-5.48429e-10
-5.86686e-09
-7.37293e-09
8.25178e-09
1.14835e-09
-1.27555e-08
1.3269e-08
-5.13504e-10
-6.85141e-09
1.75561e-10
-2.07853e-08
2.09158e-08
-2.51601e-09
-1.4761e-08
1.41979e-08
4.88261e-09
-4.00153e-10
8.47323e-11
1.38261e-08
3.73309e-10
-1.55719e-08
1.38539e-09
1.50449e-08
-1.18786e-08
-1.38748e-08
4.8874e-10
1.42816e-08
5.37873e-09
4.03543e-09
-1.68548e-09
-2.20901e-09
1.4927e-09
1.38528e-08
7.23118e-10
-1.56923e-08
2.15201e-09
-1.43886e-08
-1.74087e-09
1.61294e-08
-1.08562e-08
1.71834e-08
-1.48307e-09
-4.84412e-09
-7.95457e-09
9.05865e-09
-1.10408e-09
1.0344e-08
-4.04416e-10
-8.98287e-09
-9.56732e-10
-4.14381e-09
1.17523e-08
-9.98603e-09
6.7751e-10
1.70734e-08
-8.1653e-11
6.93877e-09
-1.96113e-09
8.19043e-09
7.94754e-09
5.42915e-09
-5.66264e-10
4.27524e-11
-1.47802e-08
1.67466e-08
1.65843e-08
1.47145e-09
-7.32274e-09
1.44115e-08
1.76142e-08
1.05101e-08
1.68118e-08
1.00238e-08
-7.68527e-11
-7.27538e-10
-1.80981e-09
6.92107e-10
1.84524e-09
-8.27656e-09
2.40658e-10
-3.1718e-10
2.22525e-10
-4.492e-09
-1.46599e-08
1.39748e-08
1.33109e-08
1.29921e-08
-7.98684e-09
-1.5046e-09
1.4499e-09
8.04153e-09
-1.48677e-09
2.14685e-09
-1.7855e-09
1.38341e-08
2.04777e-09
-1.82672e-09
2.19444e-09
5.80088e-09
-1.58274e-08
3.38983e-10
7.79058e-10
8.67089e-09
-5.6832e-09
-4.57143e-09
-6.1441e-10
3.09882e-09
1.78799e-08
-2.15074e-08
3.24849e-09
-3.20511e-09
-5.83063e-09
-1.91624e-09
1.93181e-09
1.96321e-09
-2.94318e-09
-2.73118e-09
-3.89388e-11
3.31665e-10
-4.08518e-10
-8.95545e-09
1.87817e-09
2.31141e-09
3.48674e-09
-2.4495e-09
-3.09619e-09
1.2354e-10
2.47038e-09
-1.86781e-09
1.40497e-08
3.95608e-09
-2.96602e-09
-3.799e-10
1.2262e-10
-2.46729e-09
1.10902e-09
-1.42589e-08
1.0545e-08
-7.14234e-09
-8.22189e-09
-1.82815e-09
3.73781e-09
2.7611e-10
-6.39813e-10
5.66424e-10
2.20051e-09
-1.74243e-08
-3.4821e-10
-1.72616e-09
1.38198e-09
-3.02387e-10
9.20224e-09
-8.14219e-09
2.12284e-09
-6.72476e-09
-2.55745e-09
1.00565e-09
2.52618e-09
-2.34121e-09
6.35826e-09
-1.51578e-08
-1.24272e-08
-3.28276e-10
1.53969e-08
-1.85824e-08
5.386e-09
-1.87869e-09
-1.36188e-08
-1.46788e-08
7.28196e-09
-2.11797e-09
-3.54325e-09
3.83351e-09
8.43557e-09
-1.04451e-09
9.10272e-09
-1.26909e-08
6.94985e-10
-1.95785e-09
-1.30072e-09
1.07955e-09
8.97177e-09
-9.07228e-09
1.13564e-09
-8.84346e-09
-3.22908e-10
-7.50807e-10
8.35539e-10
6.39562e-11
1.21501e-09
-8.7779e-09
9.56738e-09
1.1859e-08
-1.26484e-08
9.76655e-10
7.86755e-09
7.06517e-09
1.50508e-08
-1.84485e-09
-1.57668e-08
1.01188e-09
-5.18322e-09
2.16161e-10
-1.6228e-08
1.24323e-08
4.70839e-10
5.78182e-10
-9.76822e-09
-4.71627e-09
-1.31515e-08
-8.40931e-10
6.7741e-10
1.83013e-08
-1.1722e-08
-9.97659e-10
2.82265e-09
-1.39666e-08
1.74544e-10
1.16895e-09
-1.27487e-09
1.62263e-09
1.08813e-10
-1.07594e-10
5.58944e-11
6.86088e-09
4.74686e-10
-2.34571e-09
2.31955e-09
3.69013e-09
2.06604e-09
1.01227e-09
-1.31055e-09
1.1958e-09
1.9237e-10
2.25985e-09
2.24371e-08
-1.9762e-10
-7.90154e-09
1.16188e-09
-8.89393e-10
2.3271e-11
4.57828e-10
-3.89511e-10
-6.11306e-10
2.31919e-09
-4.60564e-09
7.3476e-09
-1.49609e-08
-4.90449e-09
5.31068e-09
6.61505e-10
3.71899e-10
-5.4123e-10
2.13649e-10
3.75413e-10
2.25781e-10
-2.8097e-10
-3.20224e-10
-1.39922e-08
1.06251e-08
8.13102e-11
-1.21378e-10
1.67048e-10
2.04807e-09
-1.75282e-09
-8.18769e-09
-7.93719e-09
-8.94868e-10
-9.96576e-11
1.50981e-08
-8.6037e-10
-1.40398e-08
1.79561e-08
1.10351e-09
-1.03776e-08
-4.42309e-10
-9.37486e-10
1.0946e-10
-6.17002e-11
2.05006e-10
2.49421e-09
-2.31644e-09
-6.43833e-10
4.11732e-10
-8.18751e-10
-4.42394e-11
-3.33943e-09
3.07408e-09
7.27277e-09
-7.04048e-09
-1.2231e-09
3.14877e-10
-3.00157e-10
-3.5372e-11
5.15712e-10
-4.8034e-10
1.88215e-10
-4.65899e-10
1.81036e-10
1.11476e-08
-1.72306e-09
-9.42459e-09
-6.85463e-09
2.16312e-09
-1.42055e-08
3.39947e-10
-5.41015e-10
2.45425e-10
1.52735e-08
-6.21305e-09
3.05789e-10
-1.2742e-08
-1.52915e-08
4.69102e-10
2.79562e-10
2.94893e-10
-4.04594e-10
1.11696e-08
3.10011e-10
-8.23132e-10
3.99713e-09
-1.15869e-08
7.58975e-09
-4.75491e-10
1.86985e-10
-3.50109e-10
2.29563e-10
-3.34428e-10
4.03822e-10
9.58803e-10
8.39789e-09
4.70172e-10
9.83751e-10
-6.27275e-10
3.65938e-09
-1.01623e-08
6.50294e-09
8.52518e-09
-1.20937e-08
1.87689e-10
-5.15988e-10
3.48174e-10
2.61227e-10
6.80133e-09
-1.02783e-08
-5.02787e-10
4.54e-10
4.49015e-10
1.62176e-10
-1.02237e-10
-1.81317e-10
5.44884e-09
-4.92814e-09
-4.64105e-10
2.76648e-10
1.87456e-10
-3.68042e-09
1.62007e-09
-8.94433e-09
-6.96963e-10
-8.12874e-11
-3.93851e-11
6.58557e-10
1.60644e-10
-1.82511e-10
1.53502e-09
-7.21683e-09
7.12607e-09
2.65331e-10
-5.38414e-10
3.74486e-10
2.05366e-08
-1.27366e-10
-8.66447e-09
-2.35651e-09
2.79063e-09
-4.59665e-10
4.93092e-10
7.56885e-10
1.1427e-08
1.47695e-08
-1.49013e-08
4.82548e-09
-9.67717e-09
6.12778e-09
-1.3969e-09
-4.30627e-10
-4.2312e-10
1.13934e-09
-1.09428e-09
-1.67054e-10
2.11139e-10
2.39557e-10
9.30205e-09
7.79679e-09
-6.0325e-09
-3.37741e-11
7.43481e-10
-8.76776e-09
-5.44088e-10
6.39258e-10
-1.22318e-08
1.07292e-08
-3.4363e-09
-7.29288e-09
4.28591e-10
-9.56574e-09
8.39687e-09
1.27176e-09
-1.09578e-09
1.49224e-08
-1.37937e-08
-1.12872e-09
-5.7717e-10
4.45001e-10
3.08555e-10
6.66363e-09
-1.35115e-08
-9.54378e-10
1.81852e-10
-9.6156e-11
-4.05489e-10
1.44186e-08
-1.50314e-08
8.00527e-10
-3.71024e-10
5.79204e-10
-5.14067e-09
5.33234e-09
1.69918e-08
1.91493e-09
1.57044e-08
-1.54061e-08
1.7418e-10
-1.5055e-09
1.82685e-09
1.31779e-08
1.77828e-09
-1.74706e-08
3.97955e-11
-3.97955e-11
-8.36498e-09
-4.77687e-09
-8.56186e-09
3.11993e-10
8.07533e-09
-2.4923e-10
6.04376e-10
1.40584e-10
7.68585e-09
1.09029e-10
-7.79488e-09
7.17566e-09
7.53624e-09
7.01372e-09
-5.59091e-10
4.66e-10
-1.59786e-08
-6.22952e-10
-3.83432e-09
1.24724e-08
-6.7549e-09
-7.62907e-10
-9.39994e-09
5.40535e-09
-9.09715e-10
1.214e-09
-1.65167e-08
8.57367e-09
1.42517e-08
-7.19972e-09
-1.29886e-08
-2.91165e-09
3.11468e-09
-9.24788e-09
8.53549e-09
-1.83222e-09
2.50245e-09
-2.3247e-09
-1.11132e-08
1.52361e-08
-3.47266e-10
-1.18235e-10
1.65535e-08
-8.98192e-10
-1.10698e-08
1.26899e-08
-1.52729e-08
-2.12719e-10
2.28832e-10
-8.41892e-09
-1.04603e-08
2.74238e-10
2.86067e-10
1.72427e-08
-1.51268e-08
1.32923e-09
-3.44518e-09
-1.87792e-09
2.29625e-09
-7.95435e-09
4.67689e-10
-1.05527e-09
4.33e-09
-6.58416e-09
-7.74504e-09
-9.66209e-09
8.44568e-09
-8.27984e-09
8.49377e-09
-1.91855e-09
8.85565e-09
1.09165e-08
2.68515e-09
8.03507e-09
-2.34278e-09
3.20076e-09
-3.85968e-10
8.07182e-09
-1.47424e-09
-1.12086e-08
1.5308e-08
-2.28575e-09
-1.07269e-09
-9.67402e-09
-3.48015e-12
-1.30834e-08
1.99304e-08
7.31182e-09
-4.97253e-10
-6.98276e-09
5.81619e-09
1.70149e-10
-2.38862e-10
-4.06778e-10
5.50484e-09
3.55381e-09
-7.2724e-09
8.51083e-09
-2.34251e-09
1.35133e-10
5.60376e-10
7.18722e-09
-1.96419e-10
6.01712e-09
5.4755e-09
-6.51168e-09
1.47839e-09
1.43455e-08
3.15589e-09
-1.45032e-10
-8.10102e-09
7.61357e-10
-3.5596e-10
8.16827e-09
-2.10814e-08
1.47446e-09
2.77419e-10
-1.47247e-10
-1.20635e-11
-1.54567e-08
1.69797e-08
-4.82543e-10
-1.4149e-08
-1.10288e-08
4.16628e-09
-3.5287e-09
-1.47678e-08
1.77347e-08
-2.59304e-09
-4.39076e-10
3.5593e-10
3.08926e-10
-4.38825e-10
4.97432e-10
-7.22277e-09
1.63777e-08
8.01824e-10
3.19614e-10
1.09728e-10
-1.57265e-10
1.21674e-10
5.31105e-11
1.91943e-08
7.78407e-11
1.49868e-08
8.62022e-10
9.92241e-10
-3.80238e-10
-2.29015e-10
2.59145e-10
-6.45752e-09
-1.02617e-09
7.09772e-09
9.11541e-10
-1.29637e-09
-1.05459e-08
5.76496e-09
1.50315e-08
3.97066e-09
-1.16919e-08
-6.42778e-09
3.75659e-09
4.77147e-09
-1.19308e-08
-1.23112e-09
2.11028e-09
-8.64127e-09
-6.72778e-09
7.54488e-09
3.98004e-10
1.26394e-09
-9.54858e-10
1.94025e-08
8.08006e-09
-1.73306e-08
1.26765e-10
-8.09261e-10
4.95773e-09
1.11251e-08
-1.56128e-10
1.34658e-10
-6.98118e-10
1.3568e-10
1.44037e-10
1.46829e-08
-1.08791e-08
7.45114e-09
6.86085e-11
-1.83225e-09
7.96564e-11
-3.95311e-09
2.07649e-08
-4.41075e-09
2.05402e-08
-4.13326e-09
2.17475e-08
-1.45683e-09
2.29985e-09
-2.10237e-09
2.02562e-09
7.63745e-10
-1.36232e-08
4.14051e-09
-6.74989e-09
-8.64454e-11
1.38334e-08
-4.81347e-09
-5.61316e-11
-6.83594e-09
6.62112e-10
-5.90994e-10
4.7342e-09
6.6682e-09
-1.44317e-08
6.1852e-09
1.17711e-08
-8.36394e-09
-7.125e-09
1.88024e-09
-5.00704e-10
-1.46029e-08
-3.92842e-09
8.44768e-09
-6.44272e-10
-2.50849e-09
-7.66096e-09
-4.48292e-10
5.44697e-10
-6.78244e-10
-8.34005e-09
-2.29003e-09
5.02048e-09
3.36339e-09
7.52045e-09
-1.47202e-10
-1.16691e-08
9.35677e-13
-1.79493e-10
8.57385e-09
2.44743e-10
5.01497e-11
-1.5799e-09
2.15009e-10
-3.18656e-10
8.82943e-09
-8.43291e-09
1.41156e-08
4.50391e-09
-1.65348e-10
-1.07874e-08
7.59222e-09
8.05667e-10
2.99838e-09
7.57421e-09
-3.4246e-09
-8.7804e-11
1.46622e-10
3.77541e-09
1.58192e-09
1.12803e-09
-4.87513e-09
-2.62893e-09
8.43875e-09
-2.7613e-11
9.88433e-10
5.05206e-10
3.5497e-09
8.47496e-09
-1.10066e-10
-4.25934e-10
-4.59955e-10
2.09705e-10
-1.73048e-10
-5.46999e-09
-2.05192e-09
-2.95757e-09
-6.2968e-09
-4.486e-10
-6.77787e-11
-6.78741e-09
-3.27894e-11
6.95111e-09
3.81338e-09
-4.64352e-10
-4.67982e-10
1.03246e-08
-3.41126e-09
-3.54258e-10
-2.30576e-10
-4.53842e-10
-1.27946e-10
-8.45602e-09
7.6213e-09
-7.31572e-09
4.11803e-10
1.36813e-10
-1.57077e-10
1.51135e-10
-1.61569e-10
-1.01984e-08
1.08577e-08
5.4441e-09
-2.53727e-09
8.79043e-09
-1.42741e-08
-6.68688e-10
1.25266e-09
6.01672e-09
-3.30704e-11
-1.56687e-10
)
;

boundaryField
{
    back
    {
        type            empty;
        value           nonuniform List<scalar> 0();
    }
    ingreso
    {
        type            calculated;
        value           nonuniform List<scalar> 
28
(
-9.35669e-09
-9.35669e-09
-9.3565e-09
-9.35659e-09
-9.35572e-09
-9.35669e-09
-9.35669e-09
-9.35611e-09
-9.35669e-09
-9.35659e-09
-9.35669e-09
-9.35669e-09
-9.3565e-09
-9.35669e-09
-9.35669e-09
-9.35659e-09
-9.35659e-09
-9.35669e-09
-9.35669e-09
-9.35655e-09
-9.35572e-09
-9.35669e-09
-9.35669e-09
-9.35669e-09
-9.3565e-09
-9.35669e-09
-9.35653e-09
-9.35659e-09
)
;
    }
    salida
    {
        type            calculated;
        value           nonuniform List<scalar> 
12
(
1.84676e-08
1.75834e-08
1.72879e-08
1.00174e-08
1.07577e-08
1.02318e-08
2.42846e-08
2.31307e-08
2.26412e-08
3.43298e-08
3.57905e-08
3.74607e-08
)
;
    }
    front
    {
        type            empty;
        value           nonuniform List<scalar> 0();
    }
    defaultFaces
    {
        type            calculated;
        value           uniform 0;
    }
}


// ************************************************************************* //
