/*--------------------------------*- C++ -*----------------------------------*\
  =========                 |
  \\      /  F ield         | OpenFOAM: The Open Source CFD Toolbox
   \\    /   O peration     | Website:  https://openfoam.org
    \\  /    A nd           | Version:  8
     \\/     M anipulation  |
\*---------------------------------------------------------------------------*/
FoamFile
{
    version     2.0;
    format      ascii;
    class       volVectorField;
    location    "0.2";
    object      U;
}
// * * * * * * * * * * * * * * * * * * * * * * * * * * * * * * * * * * * * * //

dimensions      [0 1 -1 0 0 0 0];

internalField   nonuniform List<vector> 
1642
(
(5.27435e-06 -5.95544e-06 7.53721e-27)
(0.00183974 0.00431947 1.65392e-20)
(0.00323429 0.00313866 1.19593e-20)
(0.00290429 0.00423573 5.28827e-20)
(0.000894327 2.16862e-05 2.33364e-21)
(0.000775192 0.000133779 5.90704e-20)
(0.00113069 0.00019311 1.43554e-20)
(0.00108613 0.000249721 -1.16516e-22)
(0.000680018 0.000507244 1.41579e-20)
(0.000770937 0.000277674 3.72237e-20)
(0.00188811 0.00296286 -2.85798e-20)
(0.000334713 0.000907071 -3.08858e-20)
(0.000797062 0.000433179 3.71681e-20)
(0.000865023 0.000220161 -2.49744e-20)
(0.000457163 0.000381526 0)
(0.000646076 0.000411172 0)
(1.10295e-05 0.000261534 -1.97518e-20)
(-1.3655e-05 0.000207215 3.27437e-20)
(1.52919e-05 1.79616e-05 3.09933e-25)
(2.66108e-05 1.1551e-05 6.75865e-21)
(0.000881976 5.34672e-05 -9.6334e-21)
(0.00103648 0.000208792 1.08854e-20)
(0.000658102 0.000237177 0)
(0.00259423 0.000311967 -3.37711e-20)
(0.000352079 0.000229306 -5.46551e-20)
(-2.17765e-05 0.000495774 -7.05028e-21)
(0.000741074 -0.00015433 2.1453e-20)
(-5.30318e-05 0.000201021 0)
(0.0033478 0.00360346 -4.9597e-22)
(0.00349094 0.00377113 7.39682e-23)
(0.00367857 0.00397406 -3.62645e-22)
(0.00109335 9.4139e-05 -1.60324e-20)
(0.000419731 0.00133198 0)
(4.1935e-05 -4.87339e-05 -7.13595e-21)
(0.000338805 0.000212304 1.65268e-20)
(0.000338462 0.000406436 -3.13162e-21)
(0.00100483 0.000256122 -5.5017e-20)
(0.000895281 2.31831e-05 5.23694e-22)
(0.000425422 0.000363066 -1.37598e-23)
(0.000857537 0.00019359 -1.67329e-20)
(0.000623 0.000244122 0)
(2.02004e-05 4.57025e-05 -3.85009e-21)
(3.49384e-05 9.38152e-06 0)
(0.00227766 0.00504751 -3.84232e-20)
(-0.00074735 8.9542e-05 -3.2984e-21)
(0.000753059 4.28192e-05 -3.59665e-21)
(0.000870318 1.57856e-05 1.08394e-21)
(0.000493709 0.000141679 -7.49841e-21)
(0.000372326 0.000118964 -2.10623e-20)
(0.000689649 0.000326799 -3.27333e-20)
(3.58708e-05 8.83716e-05 -7.93294e-21)
(0.000735372 0.000459262 -1.03425e-20)
(1.61038e-05 -7.29111e-06 5.60736e-21)
(-9.46798e-05 0.00425802 0)
(0.00280108 0.0033469 -2.6316e-20)
(0.000553564 0.000485731 1.64922e-21)
(0.00113257 0.000200076 -7.1156e-21)
(0.000202748 6.78709e-06 -1.08752e-20)
(0.00114704 0.000462173 -4.41664e-20)
(0.000426407 -0.000353257 0)
(0.00024692 0.000153711 0)
(0.000889043 4.84398e-05 -2.05138e-21)
(9.35035e-05 -8.65492e-05 5.99711e-21)
(0.00159811 0.000127697 -3.08087e-20)
(7.01481e-05 0.000437845 2.53509e-20)
(5.547e-05 8.50235e-06 1.87178e-21)
(0.000119706 0.000122616 0)
(5.0616e-05 1.90242e-05 -7.61573e-21)
(0.000395497 0.000523151 8.59605e-21)
(3.20676e-06 6.53607e-05 -7.11589e-21)
(0.000336224 0.000100607 -2.02807e-20)
(9.65761e-05 0.000283397 -2.25265e-20)
(0.000254031 7.10355e-05 2.70333e-20)
(0.000887157 2.69783e-05 2.09719e-21)
(0.000530568 0.000681916 1.34471e-20)
(0.00128746 0.00140322 -3.57575e-21)
(0.00192803 0.00367678 -9.13368e-24)
(0.00180908 0.00349099 0)
(0.00172756 0.00332354 5.62612e-22)
(0.000409712 0.000161809 9.55703e-21)
(5.80193e-05 -8.617e-07 3.83562e-21)
(3.40679e-05 2.12958e-05 2.6476e-20)
(0.00110817 0.00030659 -2.85774e-20)
(0.000899922 0.000493425 1.77214e-20)
(-0.00172351 0.000596801 0)
(0.00024695 0.000535091 -6.46891e-21)
(0.000386023 0.000553409 -2.46306e-20)
(1.14547e-05 -9.61489e-05 0)
(0.00053295 0.000558722 6.33229e-21)
(3.45662e-05 -3.56353e-05 -2.88052e-21)
(0.00107834 0.000145373 -1.09321e-20)
(0.000128137 0.000308654 4.65512e-20)
(0.000780369 0.000545313 -2.97493e-20)
(0.000444887 0.000435974 -1.28588e-20)
(0.000516173 0.000417349 -5.04243e-20)
(9.24837e-05 -0.000152355 -1.66672e-21)
(0.000784827 0.000170895 -4.08741e-20)
(0.000555524 0.000344144 4.32288e-20)
(0.000348475 0.000296394 2.55684e-20)
(0.000448157 0.000522337 -1.70954e-20)
(0.000402059 0.000560028 3.19529e-20)
(0.000533973 0.000741847 0)
(3.55778e-05 -0.000255084 1.38743e-20)
(0.00366708 0.00387604 -2.31261e-22)
(0.00346618 0.00368238 3.28419e-20)
(0.00331928 0.00351668 1.02019e-20)
(0.00380221 0.00335552 3.44999e-20)
(0.00362394 0.00321683 8.25767e-22)
(0.00404618 0.00346621 6.95311e-21)
(0.00384674 0.00329022 2.69018e-22)
(0.00380102 0.00335443 1.07905e-20)
(0.00367135 0.00313802 -1.45528e-20)
(0.00399756 0.00354805 0)
(0.00405447 0.00344266 1.34126e-20)
(0.00384506 0.00326501 3.87405e-21)
(0.00385457 0.00328582 8.92987e-21)
(0.00407203 0.00346218 -2.07677e-21)
(0.00362385 0.00317344 0)
(0.00389492 0.00327266 0)
(0.00363149 0.00323121 1.63508e-20)
(0.00368205 0.00314649 -3.33145e-21)
(0.00384758 0.00323854 -4.20984e-20)
(0.00401022 0.00356097 0)
(0.000399768 0.000676546 6.25403e-21)
(0.000377305 0.000594593 0)
(0.000312947 -8.33316e-05 4.02442e-21)
(0.000976218 0.000231165 2.32966e-20)
(8.31867e-06 -6.81873e-05 0)
(0.00055476 0.000261864 7.95139e-21)
(0.000587284 0.000326402 -2.3439e-20)
(0.00038982 4.15056e-05 0)
(0.000234 -9.24154e-05 -3.92814e-21)
(2.31346e-05 -4.28358e-05 -1.68856e-21)
(0.000814805 0.00020828 1.46398e-20)
(5.71531e-05 -1.13228e-05 5.69584e-25)
(3.09528e-05 -5.97724e-05 1.76916e-21)
(0.00061291 0.000305848 -4.37056e-21)
(0.000334885 5.40537e-06 4.33779e-21)
(0.000567953 0.000277259 0)
(0.000517939 0.000186013 0)
(5.79463e-05 0.000379092 1.3605e-20)
(5.80444e-05 2.08508e-05 -2.54438e-21)
(9.76976e-05 7.96114e-05 0)
(0.000301119 4.64255e-05 1.83485e-20)
(0.000502842 0.000481105 6.43784e-20)
(6.23181e-05 0.000205352 2.38941e-20)
(0.000596731 0.000145621 0)
(5.06166e-05 0.000131624 3.29442e-20)
(0.000611971 0.000230113 -4.20718e-21)
(0.000659163 0.000184685 6.87635e-20)
(0.00029658 0.000190407 2.76364e-20)
(0.000859378 3.98637e-05 6.23843e-21)
(6.7002e-05 -1.49449e-05 -3.59725e-21)
(0.000314955 0.000228096 0)
(0.00107005 -0.000203364 1.97541e-20)
(0.000648539 0.000172438 0)
(0.000688756 0.00021228 -3.43544e-21)
(3.94817e-06 2.40655e-05 -2.2634e-20)
(6.53552e-06 -4.75573e-05 -1.07397e-22)
(-2.0327e-05 0.000293943 0)
(9.69543e-05 6.76732e-05 6.20904e-20)
(6.74322e-05 5.02802e-05 -6.59763e-21)
(0.000144554 -3.66842e-05 1.78795e-21)
(0.000732257 0.000435676 0)
(5.74747e-06 -3.15148e-05 0)
(0.000845743 6.98271e-05 0)
(0.000680993 0.000148633 0)
(5.24522e-05 -2.16537e-05 -3.97944e-21)
(0.000868821 -1.35555e-05 -9.10132e-21)
(2.60463e-05 -0.000193943 -3.3247e-21)
(-4.46679e-05 0.000298888 -3.34293e-20)
(-1.28336e-05 0.0001762 -2.8928e-20)
(3.42204e-06 4.97976e-05 7.01045e-21)
(-6.2944e-06 0.000149978 2.93852e-20)
(0.000650604 2.46287e-05 -1.06058e-20)
(2.06968e-05 -0.000134014 3.17429e-21)
(0.000731395 0.000255409 1.70058e-20)
(0.000367392 0.000167177 2.47371e-20)
(0.000592678 0.000243308 0)
(0.000562961 0.000610676 -6.52934e-21)
(0.000958121 0.000380121 1.47545e-20)
(4.16958e-05 2.00667e-05 2.36902e-20)
(0.000812689 0.000652252 6.38438e-21)
(1.30996e-06 3.36815e-05 1.13358e-20)
(-3.06998e-06 0.000125192 0)
(0.000532042 0.000312468 1.74997e-20)
(0.000600155 0.000141443 1.56211e-21)
(4.92534e-05 -9.01524e-06 -1.57307e-20)
(0.000224899 -0.000180559 2.1197e-21)
(0.000914235 0.000336193 -5.58152e-23)
(0.000522237 0.00054077 -1.39848e-23)
(0.000349358 0.000137885 -2.01454e-20)
(4.94198e-05 3.07199e-05 3.0142e-21)
(0.000290944 0.000299912 -1.34232e-20)
(0.000180454 -8.84419e-05 -3.77153e-21)
(0.000683811 -5.05065e-05 -8.68453e-23)
(0.000416852 0.000652417 -1.512e-21)
(5.08315e-05 -1.8246e-06 1.2493e-20)
(0.000315821 0.000467202 -3.15654e-20)
(0.000635633 0.000206406 5.3789e-20)
(6.41933e-05 1.09955e-05 -7.14867e-21)
(8.01522e-05 -1.00695e-06 -4.47942e-22)
(0.000521905 0.000633498 -6.59975e-21)
(0.000658297 0.000451903 1.96164e-20)
(0.00104941 9.39598e-05 0)
(4.00299e-05 7.7853e-06 1.9793e-20)
(0.000409901 0.000220205 -1.49458e-20)
(0.00402742 0.00349091 -3.56244e-20)
(0.00363281 0.00318892 -1.58379e-20)
(0.00379281 0.0033325 -1.31492e-20)
(0.00400448 0.00351365 -2.16125e-20)
(0.004019 0.00352344 0)
(0.00349354 0.00382742 8.15678e-21)
(0.00349901 0.00382195 7.84956e-22)
(0.00363893 0.00317344 -1.54493e-20)
(0.00402239 0.00349854 1.10582e-20)
(0.00381795 0.00329906 -1.57285e-20)
(0.00404143 0.00348391 -1.13218e-20)
(0.00380641 0.00331226 1.33928e-20)
(0.00347516 0.00385621 0)
(0.0040348 0.00348655 0)
(0.00353392 0.00375519 -7.46772e-21)
(0.00403634 0.00348368 -1.10567e-20)
(0.00364543 0.00317087 -9.90333e-21)
(0.00403575 0.00349086 -2.77663e-20)
(0.00363108 0.00318768 0)
(0.00321914 0.00339618 -8.11841e-21)
(0.0040263 0.00349842 -5.65224e-20)
(0.0035638 0.00372301 3.25824e-20)
(0.00335509 0.00356436 -1.24423e-20)
(0.00348974 0.00381586 -2.4878e-20)
(0.00330465 0.00365134 -1.63927e-20)
(0.0034964 0.00381902 2.08038e-20)
(0.00355622 0.00374255 -2.27478e-20)
(0.00349528 0.00381854 -1.015e-21)
(0.00346018 0.00386118 1.64147e-20)
(0.00327972 0.00366573 2.38349e-20)
(0.00349523 0.00382175 4.25058e-20)
(0.00404447 0.00348243 -1.25262e-20)
(0.00379805 0.00334033 -6.40018e-21)
(0.00405055 0.0034877 4.34991e-20)
(0.00384763 0.00330894 2.7317e-22)
(0.00403889 0.00349393 1.19422e-20)
(0.00405692 0.00350075 -3.03639e-20)
(0.00401508 0.00352265 5.7036e-21)
(0.00379869 0.00332076 2.18536e-21)
(0.003496 0.00381532 1.30047e-20)
(0.00348066 0.00381906 -3.06712e-20)
(0.00365837 0.00316776 0)
(0.00400571 0.00349919 -2.39078e-21)
(0.00353945 0.0037627 6.52659e-21)
(0.00404436 0.00349355 -2.18306e-20)
(0.00365187 0.00317862 0)
(0.00389826 0.00337001 1.32665e-20)
(0.00401531 0.00349466 3.52442e-21)
(0.00379909 0.0033376 3.29769e-21)
(0.00363383 0.00318452 -5.27378e-21)
(0.00389414 0.00331597 2.84952e-20)
(0.00365608 0.00316827 1.98101e-20)
(0.00380783 0.0033147 -3.23475e-21)
(0.00365664 0.00317565 0)
(0.00385496 0.00334069 0)
(0.00385042 0.00335719 -2.41563e-20)
(0.0033554 0.00356783 6.02931e-21)
(0.00332159 0.00349657 -2.63397e-20)
(0.00383458 0.00333554 1.13358e-20)
(0.00363349 0.00319922 0)
(0.0038237 0.00331618 -1.89441e-20)
(0.00343799 0.00381302 -1.06949e-21)
(0.00381666 0.00331603 1.04775e-20)
(0.003492 0.00382281 -1.35641e-20)
(0.0040061 0.00351885 -3.59417e-21)
(0.0032296 0.00339183 9.62751e-21)
(0.00365675 0.00317857 1.23821e-20)
(0.00402042 0.00350439 1.29509e-20)
(0.00368175 0.00318265 0)
(0.00329696 0.00362302 -4.53471e-20)
(0.00383145 0.00332642 2.12816e-20)
(0.00404666 0.00350628 1.08221e-20)
(0.00330294 0.0036273 2.09121e-22)
(0.00355951 0.00372833 -1.34194e-20)
(0.00334995 0.00357879 4.50813e-21)
(0.00347401 0.00382635 -1.16081e-20)
(0.00326243 0.00356102 -2.89306e-20)
(0.00402112 0.00349875 -4.91834e-21)
(0.00381047 0.00332148 0)
(0.00329391 0.00363424 7.93952e-21)
(0.00365374 0.00317105 0)
(0.00334517 0.00357582 -4.98451e-21)
(0.00317719 0.00345942 3.17375e-20)
(0.00401857 0.00349955 0)
(0.00366077 0.00316119 1.26641e-20)
(0.00365225 0.00316775 1.20141e-20)
(0.00401371 0.00351064 1.2921e-20)
(0.00353265 0.00377366 4.88097e-21)
(0.00329661 0.00362969 0)
(0.00349573 0.00378022 1.30464e-20)
(0.00312482 0.00345834 3.36634e-20)
(0.0029954 0.00343059 0)
(0.00382355 0.00331334 2.03531e-20)
(0.00363019 0.00319495 7.5438e-21)
(0.00353624 0.00376446 -3.66896e-21)
(0.00379195 0.00334521 -6.54735e-21)
(0.00322707 0.00338352 1.12848e-20)
(0.00335222 0.00357057 -9.20802e-21)
(0.00364939 0.00314953 -1.90269e-20)
(0.00318854 0.00334712 0)
(0.00321151 0.00340417 -2.60519e-20)
(0.00357478 0.00372442 3.65523e-21)
(0.0039984 0.00352712 -7.11219e-21)
(0.00338985 0.00353202 3.37608e-21)
(0.00337889 0.00353979 0)
(0.00349354 0.00381637 1.38928e-20)
(0.00339633 0.003808 0)
(0.00331719 0.00361474 -3.24208e-20)
(0.00352657 0.00377338 -5.39822e-21)
(0.00322885 0.00338097 2.46914e-24)
(0.00322644 0.00338681 -1.58385e-20)
(0.00363033 0.00318997 -1.4356e-20)
(0.00398622 0.00354023 -3.99085e-21)
(0.00325412 0.00346496 -1.5092e-20)
(0.00355677 0.00373344 -8.38321e-21)
(0.00326152 0.00353663 0)
(0.00326525 0.00335104 2.7863e-20)
(0.00383655 0.00328323 -2.85926e-20)
(0.00361632 0.00334064 1.47085e-20)
(0.00329844 0.00364218 0)
(0.00393542 0.00345785 1.22915e-20)
(0.00336286 0.0035311 1.49885e-21)
(0.00366832 0.00318453 0)
(0.00349188 0.00381944 -2.54634e-20)
(0.00318488 0.00344864 -5.21555e-20)
(0.00362329 0.00317772 -2.74199e-21)
(0.00379921 0.00333152 1.23534e-20)
(0.0040361 0.00349403 8.90595e-21)
(0.00400616 0.00352106 9.54907e-21)
(0.00322872 0.00339042 -3.70397e-21)
(0.00321479 0.00341048 6.64781e-21)
(0.00320239 0.00341728 0)
(0.00323518 0.00337158 6.17499e-21)
(0.00363054 0.00318309 0)
(0.00380348 0.00336287 7.67148e-22)
(0.00368403 0.00316214 0)
(0.00341934 0.00350111 2.48065e-20)
(0.00400606 0.00351265 1.33951e-20)
(0.00314789 0.00346837 0)
(0.00326868 0.0035156 1.52433e-20)
(0.00333157 0.00378077 -4.96127e-20)
(0.00355237 0.00374285 0)
(0.00356172 0.0037394 0)
(0.00329158 0.00362636 -1.08032e-20)
(0.00318579 0.00345063 -1.4134e-20)
(0.00362937 0.00318502 7.45974e-21)
(0.00368527 0.00325733 0)
(0.00379907 0.00334043 8.80485e-21)
(0.00396437 0.00355163 1.22926e-21)
(0.00337794 0.00354542 0)
(0.00377354 0.0033511 -5.06595e-21)
(0.00325842 0.00371569 5.03626e-23)
(0.00379882 0.00336229 1.06944e-20)
(0.00322927 0.00338472 -8.67382e-21)
(0.00337965 0.00354324 1.4156e-20)
(0.00400643 0.00351893 1.49132e-20)
(0.00380057 0.0033481 2.1121e-22)
(0.00379825 0.00333056 -7.34519e-21)
(0.00335015 0.00356065 6.0592e-21)
(0.00363576 0.00320537 9.45709e-21)
(0.00347152 0.00382218 2.36369e-20)
(0.0036319 0.00318609 -1.69033e-20)
(0.00378848 0.00359164 0)
(0.00303689 0.00321342 -2.58349e-21)
(0.00314837 0.00346814 -1.10025e-20)
(0.00381796 0.00332245 -9.43357e-21)
(0.00379529 0.00333288 1.59604e-20)
(0.00335187 0.00357684 0)
(0.00399964 0.00354809 -3.20219e-20)
(0.00367404 0.00315756 -2.1677e-20)
(0.00347429 0.00382603 2.74715e-20)
(0.00317033 0.00346303 -1.38394e-20)
(0.00383999 0.00330457 2.34378e-20)
(0.00314538 0.00346732 0)
(0.00317318 0.0034547 2.36429e-20)
(0.00319693 0.00342398 2.03332e-20)
(0.00337767 0.00353309 0)
(0.00379743 0.00335121 1.1107e-20)
(0.00400597 0.00351055 -2.05417e-20)
(0.0040203 0.00348352 -8.08998e-21)
(0.00402457 0.00347814 2.44869e-21)
(0.00402373 0.00350328 1.81282e-20)
(0.00401055 0.00354775 -2.3512e-20)
(0.00349804 0.00380923 0)
(0.0031661 0.00346801 -3.15745e-20)
(0.0032281 0.00337445 8.78752e-21)
(0.00381454 0.00330384 -2.23573e-21)
(0.00327721 0.00345061 -3.77229e-20)
(0.0033107 0.00353801 4.38331e-21)
(0.00315233 0.00345061 -1.64357e-20)
(0.00355553 0.00373387 -1.32602e-20)
(0.00382503 0.0033113 8.39406e-21)
(0.00400431 0.00352078 5.13126e-21)
(0.00317198 0.00346551 -1.45929e-20)
(0.00365143 0.00316111 0)
(0.00366036 0.00315893 7.03267e-20)
(0.00364123 0.00316615 5.58018e-21)
(0.00353021 0.00372261 -5.09052e-21)
(0.00321842 0.00340395 -4.75572e-21)
(0.00320408 0.00341084 5.65012e-21)
(0.00349229 0.0038234 4.99546e-20)
(0.00364787 0.00318 2.58501e-20)
(0.00355902 0.00373993 1.07476e-20)
(0.00331233 0.00362331 9.09608e-21)
(0.00348848 0.00381949 -4.82876e-20)
(0.0031601 0.00346307 1.27915e-20)
(0.00363059 0.00319432 4.89285e-21)
(0.00316097 0.00346617 4.37866e-20)
(0.00366528 0.00316095 -2.8983e-20)
(0.00327952 0.00343312 -1.14679e-20)
(0.00352498 0.00376826 0)
(0.00318888 0.00345333 4.47925e-20)
(0.0038278 0.0033202 -9.34457e-21)
(0.00334204 0.0035707 0)
(0.00315346 0.00348096 -1.01236e-20)
(0.00337133 0.00354749 -7.4883e-22)
(0.00362723 0.00317619 0)
(0.00362707 0.00319388 -4.2534e-21)
(0.00350547 0.0037094 1.11995e-20)
(0.00403062 0.00349006 1.06606e-20)
(0.00363624 0.00317442 -9.30328e-21)
(0.00384295 0.00329243 9.30256e-21)
(0.00321552 0.00339352 -1.4588e-20)
(0.00366059 0.00316133 -2.37461e-20)
(0.00382377 0.00333153 -4.50758e-20)
(0.00382908 0.00332709 2.18013e-20)
(0.00338002 0.00352903 5.55695e-21)
(0.00355762 0.00373353 0)
(0.0036631 0.00318421 -4.48849e-20)
(0.0033331 0.00353442 0)
(0.00316014 0.0034715 1.11498e-20)
(0.00402721 0.00349329 1.35749e-20)
(0.00321974 0.00339596 8.01234e-21)
(0.00330896 0.00362824 1.02426e-20)
(0.00346 0.00382361 1.54365e-20)
(0.00349139 0.00382553 1.03687e-21)
(0.00320846 0.00339503 -1.37545e-20)
(0.00322609 0.00338936 -1.0254e-20)
(0.00337423 0.00353367 -1.0763e-20)
(0.00404182 0.00346454 -4.05092e-21)
(0.0033734 0.0035443 5.61988e-21)
(0.00319096 0.00361153 -1.14763e-20)
(0.00383354 0.00328532 -3.72472e-21)
(0.00403152 0.00349432 -1.95248e-20)
(0.00367472 0.00319234 0)
(0.00384704 0.00330971 2.14052e-20)
(0.00316234 0.00345388 2.22666e-20)
(0.00348894 0.00382134 5.61996e-20)
(0.00347859 0.00382893 -5.42766e-20)
(0.00357654 0.00322793 -6.58659e-21)
(0.00337888 0.00354032 -1.53941e-20)
(0.00384204 0.00334882 1.17271e-20)
(0.00361699 0.00320511 0)
(0.00328787 0.00363774 2.77313e-20)
(0.00346257 0.00370405 -1.92028e-21)
(0.00366639 0.00316621 0)
(0.00316365 0.0034682 -2.32767e-24)
(0.00405115 0.00349422 -4.03781e-20)
(0.00385857 0.0033219 -1.40124e-20)
(0.00379027 0.00329566 1.43149e-20)
(0.00403367 0.00349549 0)
(0.00366446 0.0031642 1.30764e-20)
(0.00332699 0.00360894 9.70629e-21)
(0.00371277 0.00331315 0)
(0.00316371 0.00360107 0)
(0.00305776 0.00346271 -5.09997e-20)
(0.00315909 0.00346391 0)
(0.00367591 0.00319129 0)
(0.00316369 0.00346335 0)
(0.0031634 0.00346207 0)
(0.00321084 0.00341117 -3.51618e-21)
(0.00318739 0.00336495 4.58895e-21)
(0.00355169 0.00374381 3.01913e-20)
(0.00348961 0.00382368 3.89953e-20)
(0.00405284 0.00350027 -1.08002e-20)
(0.00321701 0.00340301 4.17646e-21)
(0.00393337 0.00357577 -9.09058e-22)
(0.00337086 0.003556 1.30484e-20)
(0.00400725 0.00354186 7.23438e-21)
(0.00310003 0.00350748 -2.31192e-20)
(0.00378447 0.003337 6.7446e-21)
(0.00366215 0.00314419 0)
(0.00404069 0.00350952 -1.52145e-20)
(0.00311464 0.00350254 0)
(0.00330458 0.00362535 1.13334e-20)
(0.00330338 0.00362092 -1.19202e-20)
(0.00354845 0.0037444 0)
(0.00321304 0.00360455 -2.0366e-22)
(0.00315205 0.00347361 1.0262e-20)
(0.0032933 0.00361812 1.22814e-20)
(0.00337569 0.00353421 -1.49453e-20)
(0.00348917 0.00382692 2.23873e-20)
(0.00314338 0.00337987 6.50133e-20)
(0.00373733 0.00339147 -6.18414e-22)
(0.00403116 0.00350192 -1.1915e-20)
(0.00325905 0.0036095 -3.72347e-20)
(0.00335785 0.00352162 1.56427e-21)
(0.00308644 0.00364355 -1.70903e-20)
(0.00326909 0.00335164 2.8998e-20)
(0.00403291 0.00349239 1.42512e-20)
(0.00334871 0.00357165 1.57091e-20)
(0.00353007 0.00376922 1.69918e-20)
(0.00360116 0.00370066 9.40379e-21)
(0.00349368 0.00382253 -1.6233e-20)
(0.00330271 0.00362678 0)
(0.00332951 0.00361355 2.09766e-20)
(0.00336651 0.00355579 7.87811e-21)
(0.0032758 0.00335008 4.42811e-20)
(0.00354899 0.00374562 0)
(0.00322777 0.00337503 -2.64654e-20)
(0.00382954 0.00328777 0)
(0.00342494 0.00386759 -9.08868e-21)
(0.00329161 0.00357797 1.41676e-20)
(0.00379591 0.00335255 0)
(0.00337071 0.00354474 7.8192e-22)
(0.0035537 0.00373984 8.3088e-22)
(0.0031412 0.00346704 0)
(0.00326112 0.00359143 -1.40204e-20)
(0.00370233 0.00318232 -3.30049e-20)
(0.00320884 0.0034799 6.43699e-22)
(0.00312078 0.00349451 0)
(0.00365835 0.0031693 1.18911e-20)
(0.00399032 0.0035185 -7.31272e-21)
(0.0030597 0.00334211 2.98638e-21)
(0.00349048 0.00382373 -1.30809e-20)
(0.00316204 0.00346717 0)
(0.0031613 0.00346335 -2.33229e-20)
(0.00294905 0.00335756 3.23822e-20)
(0.00380322 0.00332944 -6.33379e-21)
(0.00316567 0.00345902 -2.35896e-20)
(0.00344385 0.00385267 0)
(0.00377508 0.0033668 -2.26507e-21)
(0.00349188 0.00382073 -4.19786e-20)
(0.00380849 0.00334116 -5.31838e-21)
(0.00325351 0.0036633 -1.43496e-20)
(0.003648 0.00317681 0)
(0.00320787 0.0034077 -1.19103e-20)
(0.00338829 0.00366715 9.94292e-22)
(0.00359522 0.00369968 8.68747e-21)
(0.00355496 0.00374084 7.14072e-21)
(0.00338802 0.00329841 0)
(0.00320225 0.00342179 7.41132e-21)
(0.00332122 0.00360589 -2.40767e-20)
(0.00404206 0.00349727 5.21001e-20)
(0.00354963 0.00374992 8.52958e-21)
(0.00357301 0.00322728 1.94864e-21)
(0.00363162 0.00320646 -1.28282e-20)
(0.00391873 0.00359429 1.53335e-20)
(0.00351009 0.00380629 -1.43923e-20)
(0.00342306 0.00350333 -8.80065e-21)
(0.00403226 0.00347521 1.62383e-20)
(0.00359451 0.00370731 9.71781e-21)
(0.00379511 0.00332986 1.42022e-21)
(0.00343171 0.00386378 7.93992e-22)
(0.00344843 0.00349415 -3.65964e-20)
(0.00325784 0.00366499 0)
(0.00403998 0.00349006 0)
(0.00363356 0.00322045 2.56103e-20)
(0.00352995 0.00378077 4.51208e-21)
(0.00364601 0.00315178 2.81665e-21)
(0.00332451 0.00357373 1.20978e-20)
(0.00343567 0.00386212 0)
(0.00328794 0.00366765 -1.61069e-20)
(0.00365419 0.00316934 0)
(0.00359705 0.00369933 -1.75517e-20)
(0.00364493 0.0031743 -2.96664e-20)
(0.0034237 0.00349532 9.31301e-21)
(0.00311899 0.00350835 -9.42157e-21)
(0.00324768 0.00366754 -8.37893e-21)
(0.00384067 0.00329697 2.86727e-20)
(0.00365337 0.00317348 -2.57018e-20)
(0.00400462 0.00352155 0)
(0.00369915 0.00358456 2.02957e-20)
(0.0035798 0.00370477 -1.26883e-24)
(0.00326339 0.00366707 -8.23587e-21)
(0.00324315 0.00336149 9.38799e-21)
(0.00400668 0.00352088 0)
(0.00381016 0.00332634 0)
(0.00384427 0.00329812 -8.44493e-21)
(0.00359843 0.00370323 1.93818e-20)
(0.00314863 0.00350226 -1.85364e-20)
(0.00347754 0.00384703 0)
(0.00382289 0.00330988 4.2468e-20)
(0.0031392 0.00350443 2.74256e-20)
(0.00344181 0.00386044 0)
(0.00404833 0.00350719 0)
(0.00311557 0.00349847 -1.59297e-20)
(0.0040187 0.00348308 -6.96892e-21)
(0.00339289 0.00351636 7.3708e-21)
(0.00360533 0.00368453 0)
(0.00320257 0.00338264 -5.23311e-21)
(0.00326337 0.0036632 1.18205e-20)
(0.00334771 0.00358528 4.16749e-21)
(0.00381212 0.00330349 5.85642e-21)
(0.00364695 0.00316725 2.11101e-20)
(0.00325983 0.00365714 -1.38201e-20)
(0.00342327 0.00386645 -2.32302e-22)
(0.00401632 0.00351966 6.67581e-21)
(0.0034295 0.00350034 0)
(0.00310994 0.00350073 0)
(0.0040298 0.00349747 0)
(0.00371726 0.00359229 0)
(0.00398585 0.003554 0)
(0.00320924 0.00341123 -6.13952e-21)
(0.00340991 0.0035103 1.98247e-20)
(0.00361237 0.00369139 -1.43936e-20)
(0.00362691 0.00319167 8.44335e-21)
(0.0032859 0.00333504 4.26583e-20)
(0.00311083 0.00350292 -6.65923e-21)
(0.00342633 0.00389604 0)
(0.00382274 0.00329896 -5.79007e-21)
(0.00341738 0.00350364 0)
(0.00311189 0.00350897 9.53799e-22)
(0.0033523 0.00358283 -1.3237e-20)
(0.0031074 0.00350755 1.77551e-20)
(0.00344078 0.00386293 8.60815e-21)
(0.00360968 0.00369426 -2.93473e-20)
(0.0034276 0.00386725 8.08636e-22)
(0.0032683 0.00335682 -2.83013e-20)
(0.0036184 0.00369097 1.48934e-20)
(0.00311518 0.00350104 0)
(0.00326424 0.0033462 0)
(0.00323779 0.00370112 0)
(0.00386124 0.00344368 4.71793e-20)
(0.00359697 0.00370446 8.17991e-22)
(0.00325064 0.00366962 9.72623e-21)
(0.00360592 0.00369588 -4.06187e-20)
(0.00325142 0.00366368 7.47152e-22)
(0.00326013 0.00335022 -4.92834e-20)
(0.0034216 0.0035039 0)
(0.00380653 0.003335 1.24419e-20)
(0.00311404 0.00350157 0)
(0.00326528 0.00335468 -2.53394e-20)
(0.00342737 0.00385931 0)
(0.00324578 0.00366018 1.69589e-20)
(0.00342975 0.00386662 6.35035e-21)
(0.0032435 0.0036618 1.09517e-20)
(0.00342244 0.00403422 2.46476e-21)
(0.00324314 0.00382955 -2.09054e-21)
(0.00359739 0.00370812 -1.29492e-20)
(0.00342315 0.0034947 -1.13856e-20)
(0.00343565 0.0042264 4.35551e-21)
(0.00359848 0.00369746 -2.45445e-20)
(0.00342864 0.00387004 1.05279e-20)
(0.0034092 0.00351123 9.68165e-21)
(0.00325834 0.00366233 0)
(0.00324243 0.00366501 9.8318e-21)
(0.00342923 0.00387041 -5.60766e-21)
(0.00325047 0.00366988 -5.18307e-21)
(0.00341719 0.00350241 -1.17871e-20)
(0.00326563 0.00335464 -2.72087e-20)
(0.00360229 0.00370035 -3.87173e-20)
(0.00342495 0.00350116 -1.20888e-20)
(0.00353747 0.00279784 8.42516e-21)
(0.00361339 0.00369478 -1.13956e-20)
(0.00327509 0.00334584 2.17536e-20)
(0.0034242 0.00350647 -2.05509e-20)
(0.00326011 0.00366592 0)
(0.00318441 0.00368928 -3.91439e-20)
(0.00360083 0.00320072 0)
(0.00342935 0.00385373 -1.31467e-20)
(0.0036107 0.00369931 -4.5549e-20)
(0.00342329 0.00385695 -7.49578e-21)
(0.00326823 0.00335454 2.55968e-20)
(0.00357554 0.00317999 5.45039e-20)
(0.00309824 0.00349967 2.09266e-20)
(0.00343741 0.00386583 0)
(0.00343417 0.00385918 -1.22842e-20)
(0.00274326 0.00335696 1.17794e-20)
(0.00361809 0.00369591 4.38834e-20)
(0.00326637 0.00335083 -2.44568e-20)
(0.00327941 0.00334778 0)
(0.00325698 0.0040117 6.14863e-21)
(0.00361376 0.0036953 4.34606e-20)
(0.00360044 0.00370487 0)
(0.003608 0.00370087 8.2097e-22)
(0.00328135 0.00334413 -6.62006e-22)
(0.00315443 0.00332952 -5.56217e-22)
(0.00359557 0.00370757 -1.25622e-20)
(0.00360087 0.00370402 8.37218e-22)
(0.00316017 0.00348725 2.89589e-20)
(0.00328504 0.00334607 -3.05692e-20)
(0.00326785 0.00335642 -1.52485e-20)
(0.00319654 0.00341835 -1.72164e-20)
(0.00307102 0.00376163 -1.02851e-22)
(0.00326652 0.00335505 -2.82202e-20)
(0.00311869 0.00350213 -9.46875e-21)
(0.00352238 0.00347395 -1.21073e-20)
(0.00367264 0.00314389 -5.07781e-21)
(0.00367127 0.00323973 -4.14729e-20)
(0.00343029 0.00394219 -3.36795e-21)
(0.0032457 0.00374289 -8.60771e-22)
(0.00326718 0.00335498 0)
(0.0032666 0.00335779 0)
(0.0031125 0.00350516 -4.32765e-21)
(0.00310837 0.00349563 -2.48523e-22)
(0.00311627 0.00349962 -5.11735e-21)
(0.00310937 0.00349963 -1.118e-20)
(0.00311162 0.00350136 1.12992e-20)
(0.00358889 0.00322344 6.13931e-21)
(0.00326932 0.00335742 -2.9319e-20)
(2.96673e-05 2.35265e-05 -1.62534e-20)
(4.50959e-05 -1.57091e-05 8.02691e-21)
(9.04747e-05 0.000130211 2.25389e-21)
(0.000178479 -3.7997e-05 3.50267e-21)
(0.00107671 0.000143642 0)
(7.02649e-05 7.78109e-05 -1.45204e-21)
(0.000634624 0.000348608 6.08206e-20)
(5.98148e-05 0.00014424 0)
(0.000224384 -3.22624e-05 0)
(8.02775e-05 -1.81575e-05 -2.35539e-22)
(0.000563218 6.01599e-05 -2.31722e-20)
(0.00332913 0.00350428 -1.89616e-20)
(0.00328402 0.00354324 9.64855e-21)
(0.00367764 0.00386682 1.0328e-22)
(0.00386793 0.00325465 2.08024e-20)
(0.00369501 0.00311617 2.44344e-20)
(0.0034265 0.00371855 0)
(0.00367221 0.00387372 -8.26316e-21)
(0.00326158 0.0035716 -1.65215e-20)
(0.00341494 0.00374044 0)
(0.00350674 0.00367432 0)
(0.00356627 0.00325948 -2.09846e-20)
(0.00350533 0.00368082 -1.78752e-20)
(0.00359208 0.00324559 1.13355e-20)
(0.00327053 0.00355433 8.97395e-21)
(0.00367257 0.003877 0)
(0.00347119 0.00368727 1.05978e-20)
(0.00335378 0.00352279 3.5225e-20)
(0.00347149 0.00369329 1.91527e-20)
(0.00365948 0.00388431 0)
(0.00367547 0.00387108 0)
(0.00349207 0.0036655 -3.07273e-20)
(0.00367315 0.00387812 1.06367e-20)
(0.00328012 0.00355833 0)
(0.00327969 0.0035447 0)
(0.00362628 0.00391581 0)
(0.00361601 0.00391756 -1.29487e-20)
(0.0034315 0.003699 0)
(0.00330707 0.00353087 -6.83415e-21)
(0.00342759 0.00371303 -1.10811e-20)
(0.00361464 0.00390196 7.9805e-21)
(0.00366852 0.00388354 -1.07849e-20)
(0.0036057 0.00391497 2.77572e-20)
(0.00324772 0.00356578 0)
(0.00361396 0.00391487 -1.34682e-20)
(0.00362306 0.0039148 0)
(0.00361706 0.00391696 -1.7893e-20)
(0.00326941 0.00355059 6.9021e-21)
(0.00342951 0.00372239 -1.64485e-20)
(0.00396656 0.00357324 0)
(0.00333076 0.00352683 -2.41374e-20)
(0.00350449 0.00368778 -1.16049e-20)
(0.00360065 0.00394134 -2.24213e-20)
(0.00333401 0.00351037 -2.45266e-20)
(0.00361086 0.0039343 0)
(0.00333438 0.00350689 0)
(0.00366746 0.00388488 2.0979e-20)
(0.00394842 0.00359002 2.40217e-20)
(0.00341539 0.00373211 5.79691e-21)
(0.00395436 0.00357524 -1.13562e-20)
(0.00343496 0.00371151 9.54639e-21)
(0.00362284 0.00391544 1.03429e-20)
(0.00333216 0.00350322 -1.3652e-20)
(0.0033278 0.00351507 1.41257e-20)
(0.00325799 0.00356184 1.08504e-20)
(0.00342572 0.0037177 -9.86908e-21)
(0.00361312 0.00392438 -1.06909e-20)
(0.00333467 0.00350693 0)
(0.00332963 0.00351005 1.35265e-20)
(0.00324512 0.00357854 -1.12698e-20)
(0.00361167 0.00393405 -9.61143e-21)
(0.00348945 0.00367619 -2.29851e-20)
(0.00342444 0.00373006 -8.8715e-21)
(0.00347088 0.00364893 0)
(0.00348634 0.00365987 -1.10133e-20)
(0.0032981 0.00354543 -1.36196e-20)
(0.00369113 0.00387607 -2.43191e-20)
(0.00332763 0.00351473 -4.14e-20)
(0.0034778 0.00365735 2.35109e-20)
(0.00333187 0.003513 -1.48186e-20)
(0.00327705 0.00355649 2.04669e-20)
(0.00340575 0.00374113 0)
(0.00359157 0.0039453 0)
(0.00332941 0.00351736 2.99652e-20)
(0.00346913 0.00363018 0)
(0.00360434 0.00392878 5.03716e-21)
(0.00341837 0.00372539 4.66466e-21)
(0.00329166 0.0035556 8.24742e-21)
(0.0036599 0.00387519 0)
(0.00337344 0.00347842 -2.26079e-20)
(0.00332801 0.00351429 0)
(0.00347434 0.00362654 2.48316e-20)
(0.00366361 0.00387504 -1.18933e-20)
(0.00327721 0.0035595 8.94435e-21)
(0.00368166 0.00386843 0)
(0.00342405 0.00359612 1.24966e-20)
(0.0036991 0.00387955 2.7825e-20)
(0.00365433 0.00388264 1.2413e-20)
(0.00396536 0.00328325 2.84707e-20)
(0.00358633 0.00325215 1.58455e-20)
(0.00332667 0.00351729 -1.51649e-20)
(0.00328996 0.00354183 -1.58069e-20)
(0.0039477 0.00325383 1.31491e-20)
(0.00368355 0.00388186 0)
(0.003417 0.00369484 4.8118e-21)
(0.00359616 0.00325561 -3.16892e-20)
(0.00359968 0.00388731 6.46026e-21)
(0.00337461 0.0037072 6.38038e-21)
(0.00337173 0.00372553 1.77631e-21)
(0.00357162 0.00391152 -3.07646e-21)
(0.00397456 0.00357974 3.06502e-20)
(0.0035712 0.00390406 0)
(0.00355905 0.00388343 3.63302e-21)
(0.00331239 0.0034604 1.60501e-20)
(0.00336778 0.00367857 4.71842e-21)
(0.00333334 0.00340104 3.42201e-20)
(0.00366299 0.00386028 6.24756e-20)
(0.000814685 0.000538327 -1.32645e-20)
(-2.21766e-05 0.00100063 4.81461e-23)
(3.49118e-05 2.91371e-05 -1.35119e-20)
(5.03653e-05 4.80331e-06 -3.17125e-21)
(6.45366e-05 0.000268768 0)
(0.000116228 -3.04265e-05 -1.09839e-20)
(6.74961e-05 -1.33967e-06 4.62992e-22)
(0.000626823 0.000499361 -5.54652e-24)
(0.00328966 0.0033281 -3.12479e-20)
(0.00343468 0.00370641 9.41163e-21)
(0.00327652 0.00332977 0)
(0.00327399 0.00364929 5.90253e-21)
(0.00344557 0.00385177 1.51347e-20)
(0.00326368 0.00365404 -5.29334e-21)
(0.00361309 0.00367268 3.63744e-20)
(0.00311773 0.0034965 0)
(0.00343187 0.00348174 1.11333e-20)
(0.00343848 0.00385853 -1.00108e-20)
(0.00326127 0.00365881 -2.08011e-22)
(0.00362383 0.00367586 -1.51937e-20)
(0.00342678 0.00370281 5.33821e-21)
(0.00329362 0.00353233 0)
(0.00312371 0.00349806 6.90805e-21)
(0.00360375 0.00390708 -3.42499e-21)
(0.00332545 0.00329367 3.30758e-20)
(0.0031204 0.00381987 4.21084e-21)
(0.00322128 0.0037189 2.74842e-20)
(0.00366978 0.00363054 5.17362e-22)
(0.00328148 0.00389666 2.72687e-20)
(8.97418e-05 1.93886e-05 0)
(0.00356669 0.00324415 5.1172e-20)
(0.0038278 0.00332027 0)
(0.00357693 0.00324744 -3.44833e-20)
(0.00387146 0.00327459 6.24191e-21)
(0.00386993 0.00326554 -1.25642e-20)
(0.0040815 0.00345177 0)
(0.003951 0.00357921 -2.37852e-20)
(0.00370297 0.00311963 0)
(0.00373888 0.00339557 0)
(0.0040953 0.00343418 1.29146e-20)
(0.00388265 0.00325751 6.0798e-21)
(0.00393832 0.00357689 -8.00592e-22)
(0.00383599 0.00331041 -3.12948e-21)
(0.00355076 0.00333204 -6.53319e-20)
(0.00404901 0.00349151 2.36569e-21)
(0.00371013 0.00311748 -2.45139e-21)
(0.0038973 0.00322398 -1.44816e-22)
(0.00365385 0.00317079 0)
(0.00392386 0.00367309 -7.17703e-22)
(0.00371526 0.00312661 -1.48177e-20)
(7.55487e-05 1.41722e-05 0)
(5.90853e-05 -0.000104989 0)
(0.000160576 0.000188041 -3.6782e-21)
(0.000129758 3.06382e-05 7.08928e-21)
(6.29539e-05 -2.86097e-05 4.10593e-21)
(5.2546e-05 8.87457e-05 -3.46013e-20)
(0.00077165 0.000212657 3.44523e-20)
(0.000702869 -0.000398756 4.55983e-20)
(5.40021e-05 5.9176e-05 8.56242e-22)
(0.000108012 2.34109e-05 0)
(0.000747816 0.000745414 7.07506e-21)
(0.000787629 0.000134397 -2.20207e-20)
(0.000218555 0.000188605 7.10219e-21)
(7.64972e-05 5.5566e-05 0)
(0.000159799 7.93332e-05 0)
(0.000647714 0.000346401 1.85503e-20)
(6.77872e-05 2.71488e-05 -8.7254e-22)
(0.000363694 0.000520107 1.8715e-20)
(0.000398593 0.000511417 5.65276e-20)
(0.000137596 6.61855e-05 0)
(0.000281553 -1.4495e-05 -1.54738e-20)
(5.75584e-05 3.79703e-05 4.40296e-22)
(3.74709e-05 6.77666e-05 -4.5126e-21)
(0.000415959 0.00061281 5.72708e-20)
(0.00042798 0.000194712 1.51267e-20)
(0.000333988 0.000492512 0)
(0.000906406 9.86044e-05 8.85069e-21)
(0.00060567 0.000576965 0)
(0.000186495 7.53219e-05 -2.63681e-20)
(0.000554103 0.000426004 -6.13055e-20)
(0.000140564 -1.97017e-06 -7.08512e-21)
(0.000638101 0.000136073 0)
(0.000339521 0.00054359 -4.96146e-20)
(0.00100832 0.000187566 -4.18623e-20)
(0.00058317 0.000451145 8.16565e-21)
(0.00020462 0.000214631 -3.09478e-20)
(4.08115e-05 8.4664e-05 1.80957e-21)
(0.000879974 1.13672e-05 0)
(9.58701e-05 -6.08006e-07 7.54898e-21)
(0.000273856 7.89101e-05 0)
(4.57371e-05 -8.60886e-05 1.16221e-20)
(7.96947e-05 3.55492e-05 6.74787e-21)
(0.000961227 0.000299288 1.86088e-21)
(0.000297862 7.30978e-05 3.17055e-21)
(0.000271254 0.00015578 -9.09455e-22)
(0.000129159 0.000202034 0)
(9.54867e-05 -2.25252e-05 -2.04385e-20)
(0.000542248 0.000161851 0)
(1.88326e-05 -2.93671e-05 -1.7275e-21)
(0.000491076 0.000272034 -3.44243e-20)
(3.9347e-05 3.70328e-05 1.86409e-21)
(4.58944e-05 4.69297e-05 0)
(0.000170357 6.8519e-06 0)
(0.000739207 0.000351603 4.66703e-20)
(0.000260045 0.000328454 -6.24338e-20)
(0.000659526 0.000282016 0)
(0.000665693 0.000227224 -5.53976e-20)
(0.000220218 0.00025237 2.13275e-20)
(0.000346841 0.000556516 -1.51094e-20)
(0.00110383 5.26727e-05 -7.53415e-21)
(0.000115653 -1.26477e-06 -4.4646e-22)
(0.000157084 0.000272472 8.05023e-21)
(0.000735189 0.000146445 -3.91686e-22)
(0.000276106 0.000354382 0)
(0.000239352 4.36947e-05 2.56814e-20)
(7.70793e-05 -3.44144e-05 -8.6108e-21)
(0.00357674 0.0037218 -3.1386e-20)
(0.00324232 0.00336966 4.95214e-20)
(0.00356992 0.00373254 -2.72094e-20)
(0.00337615 0.0035403 -2.21425e-20)
(0.00356598 0.00372602 -8.1023e-22)
(0.00322859 0.00338075 -2.25826e-20)
(0.003237 0.00338479 2.08664e-20)
(0.00352129 0.00321514 2.43395e-21)
(8.85881e-05 0.000361358 -2.70727e-20)
(0.000223438 0.000342995 3.05437e-20)
(0.000264673 0.000419076 0)
(0.0010313 0.00032374 2.53765e-20)
(0.000883641 8.22405e-05 -2.52366e-22)
(4.58406e-05 2.03652e-06 4.23692e-26)
(0.000274197 0.000250875 2.29765e-20)
(0.00341698 0.00349411 -1.80059e-20)
(0.000209537 0.00020869 -2.38376e-20)
(0.00360079 0.00393699 -6.09304e-21)
(0.00342062 0.00373223 -5.57153e-21)
(0.00398847 0.00356705 7.74358e-21)
(0.00337999 0.00373131 -2.67318e-20)
(0.00338309 0.00378551 2.78358e-20)
(0.00326148 0.00356537 5.76192e-21)
(0.0032771 0.00350425 -3.21805e-20)
(0.00322243 0.00374844 2.84261e-20)
(0.00312834 0.00349514 -3.37097e-21)
(0.00312832 0.0035696 -5.05132e-21)
(0.00324654 0.00355056 2.7191e-21)
(0.00323598 0.00368345 -1.32465e-20)
(0.00326545 0.00365435 -8.73384e-21)
(0.00344085 0.00385413 9.23867e-21)
(0.0036067 0.00388195 1.61566e-20)
(0.00345123 0.00385998 -7.26979e-21)
(0.00312034 0.00350068 3.88506e-21)
(0.00327285 0.00366009 -1.06111e-20)
(0.0036401 0.00393405 3.05757e-21)
(0.00345219 0.00373092 -2.80265e-21)
(0.00384164 0.0032545 -5.46483e-23)
(0.0034387 0.0036867 -3.31692e-20)
(0.0032938 0.00351775 1.1901e-22)
(0.00363212 0.00388004 0)
(0.0032743 0.00364776 1.89235e-20)
(0.00343798 0.00371434 -1.23181e-20)
(0.0040434 0.00344813 8.18939e-21)
(0.00313299 0.0034887 1.46741e-20)
(0.00361586 0.00323137 -8.83642e-21)
(0.00365749 0.00312642 1.00534e-20)
(0.00329497 0.00355362 8.04517e-21)
(0.00378789 0.00337911 -1.70399e-20)
(0.00327241 0.00365486 0)
(0.00342297 0.00368537 -4.53153e-20)
(0.00345946 0.0038467 -7.98901e-21)
(0.00363483 0.00392099 -8.41704e-21)
(0.00045142 0.000389558 0)
(0.000328514 0.000419248 -4.25725e-20)
(0.000890805 0.00012005 -2.68596e-20)
(0.000156815 3.75794e-05 3.45747e-21)
(0.000327756 0.000684506 -1.82317e-20)
(0.000318952 0.000326288 0)
(4.45342e-05 5.56535e-06 -1.16295e-21)
(0.000848165 0.000961291 0)
(0.000578014 0.000528161 1.68905e-21)
(0.00404882 0.00346995 -6.91207e-21)
(0.00367231 0.00314074 0)
(0.00384503 0.00327918 1.30642e-20)
(0.0036308 0.00318336 -2.42663e-22)
(0.0038443 0.00329359 0)
(0.00363914 0.00319159 2.2513e-20)
(0.00368039 0.00313306 0)
(0.00375045 0.00338201 2.72782e-20)
(0.00401088 0.00352193 -2.274e-20)
(0.00366417 0.00315235 0)
(0.00385297 0.00326483 2.75608e-21)
(0.00380662 0.00333364 0)
(0.00388669 0.00325507 -1.40702e-20)
(0.00355569 0.00317935 -1.31636e-21)
(0.00406267 0.00344261 -3.00672e-21)
(0.00400562 0.00351883 2.67362e-20)
(0.00364455 0.00322196 3.14416e-20)
(0.00402027 0.00355473 0)
(0.00386395 0.00329143 -7.62134e-21)
(0.00407052 0.00348043 4.97051e-21)
(0.00382073 0.00321929 -2.83248e-20)
(0.000432859 0.000465092 -2.83022e-20)
(9.17837e-05 -4.31663e-05 8.1023e-21)
(0.000478458 0.000411668 -7.85985e-21)
(0.000896825 2.232e-05 -1.59829e-21)
(0.000764429 0.000277735 -1.49426e-20)
(0.000884179 0.000320785 6.4162e-21)
(0.000164648 0.000219774 1.30418e-20)
(0.00361289 0.00321461 5.41765e-22)
(0.00384801 0.00327943 6.39541e-21)
(0.00398948 0.00355006 1.42837e-21)
(0.00368112 0.00312136 7.25041e-21)
(0.000671759 0.000557481 -2.97463e-21)
(0.00105335 0.000781516 -2.02243e-20)
(0.000731733 -8.40379e-05 6.94672e-21)
(0.00128733 0.000750104 5.85642e-21)
(0.000794601 0.000389585 0)
(0.000235101 0.000535653 1.39936e-21)
(0.00100021 0.000342447 -3.49329e-21)
(0.000264602 0.000249725 3.26369e-20)
(5.66849e-06 -1.77873e-05 -1.23324e-21)
(0.000742747 0.000392403 0)
(0.00117925 0.000346577 -4.25471e-20)
(4.67267e-05 9.97489e-06 -5.13604e-20)
(0.000470408 0.000631063 -1.3094e-20)
(0.000335611 0.000518332 -1.40671e-20)
(0.000540538 0.000158099 0)
(0.000191816 6.85406e-05 -2.9123e-21)
(0.00103562 0.000294404 -1.80275e-21)
(4.1306e-05 4.64679e-06 1.70468e-20)
(9.57747e-05 4.36161e-05 -6.70684e-21)
(0.000115807 5.461e-05 7.33937e-21)
(0.000387995 0.000416014 4.18482e-20)
(0.000888631 5.77077e-05 0)
(3.54575e-05 3.63303e-06 -5.06306e-20)
(0.000243326 0.000197829 -4.88166e-21)
(0.000704636 -0.000225837 -8.46686e-21)
(0.000697737 0.000399805 -1.92977e-20)
(0.000183458 0.000124657 6.0894e-21)
(3.08183e-05 1.16284e-05 0)
(0.000652216 0.000370771 -8.63523e-21)
(0.000189448 0.000176234 8.42917e-21)
(0.000114607 0.000344548 0)
(0.000497815 0.000302479 -2.8586e-20)
(4.13301e-05 -7.60527e-06 -1.85794e-20)
(0.000462333 -8.77886e-05 1.76687e-20)
(0.000701113 6.70031e-05 1.26658e-20)
(0.00069593 0.000379088 -1.33775e-21)
(0.000423809 -3.69199e-05 3.78868e-21)
(0.00347666 0.00342086 -5.21411e-22)
(0.00382416 0.00377668 -9.3345e-22)
(0.00362597 0.00358775 0)
(0.00328096 0.00357591 -4.21014e-21)
(0.0036703 0.00385766 1.41717e-20)
(0.00341962 0.00373042 -1.43768e-20)
(0.00332671 0.00349408 -3.00888e-20)
(0.00364329 0.00386432 0)
(0.00394601 0.00359284 -1.39691e-20)
(0.00334499 0.00350322 2.98404e-20)
(0.00386847 0.00324729 0)
(0.00407861 0.0034239 -1.11729e-20)
(0.00370049 0.00311242 -7.14712e-21)
(0.00375764 0.00339121 3.10008e-20)
(0.00395133 0.00357262 -5.39003e-20)
(0.00407992 0.00343348 1.57734e-20)
(0.00375217 0.00339634 -2.54314e-20)
(0.00369987 0.00310329 0)
(0.00386985 0.00324306 0)
(0.00042254 0.000339096 8.99044e-21)
(0.0010812 0.000112858 3.19547e-20)
(0.000843811 0.000308253 4.08997e-20)
(0.000376268 0.000377519 3.58833e-20)
(0.000256172 0.0006044 0)
(0.000747565 0.00035298 -8.2692e-21)
(0.000551582 4.7759e-05 -2.33218e-20)
(0.000126016 9.61985e-05 0)
(0.000654463 0.000634239 3.37508e-21)
(4.02002e-05 3.97135e-06 1.79974e-20)
(0.000994772 0.000116758 -6.24221e-21)
(0.000774839 0.000147169 0)
(0.000725229 0.000226623 0)
(0.000158282 0.000297106 0)
(0.000287291 0.000597621 2.69415e-20)
(0.000861645 0.000345251 -3.73352e-21)
(0.000856359 0.000354426 -1.18197e-20)
(0.000802231 0.000244149 0)
(0.000857974 0.00035188 4.72508e-21)
(0.00327604 0.00351515 0)
(0.00339589 0.00373743 1.36505e-20)
(0.00314552 0.00351952 -8.27878e-21)
(0.00341055 0.00379584 2.80638e-20)
(0.00329258 0.00355469 -3.84653e-21)
(0.00362596 0.00388537 -1.57892e-20)
(0.0032189 0.00352835 -3.63278e-21)
(0.00346198 0.00386237 9.4844e-22)
(0.00327603 0.00366826 7.20501e-21)
(0.00344125 0.00373231 -3.97949e-21)
(0.00362862 0.00393557 1.12698e-20)
(0.00365683 0.00389344 -2.7445e-20)
(0.00365953 0.00389381 -1.2387e-20)
(0.00330203 0.00353546 0)
(0.00347108 0.0036975 -2.13979e-20)
(0.00344709 0.00369569 0)
(0.00331281 0.00353749 -1.20577e-20)
(0.0034491 0.00370304 7.37296e-21)
(0.00331424 0.00353089 1.07267e-20)
(0.00363665 0.00389796 -7.97409e-21)
(0.00335831 0.00355603 8.94359e-21)
(0.00346907 0.00386723 0)
(0.00320515 0.00380556 0)
(0.00337427 0.00377696 0)
(0.00351087 0.00340725 1.62514e-20)
(0.0039353 0.00349152 -2.57876e-22)
(0.00360462 0.00394243 -6.67862e-21)
(0.00381579 0.00331118 -3.82507e-21)
(0.00373787 0.00331048 -2.50182e-21)
(0.00401418 0.00349404 -2.66679e-21)
(0.0034206 0.00373837 -6.10901e-21)
(0.00357517 0.00373278 0)
(0.00316484 0.00349081 5.71053e-21)
(0.00335607 0.00372393 3.93394e-20)
(0.00364362 0.00385419 -3.0367e-20)
(0.00405715 0.00348129 0)
(0.00324408 0.00337792 1.57198e-20)
(0.00331592 0.00349986 0)
(0.00347746 0.00384414 -3.30995e-21)
(0.0034072 0.00371155 -4.01323e-20)
(0.00325983 0.00368557 -1.33662e-20)
(0.00369328 0.00311872 0)
(0.00385615 0.00329187 -6.14852e-21)
(0.00330185 0.00364622 2.83707e-21)
(0.00331372 0.00347925 0)
(0.00313998 0.00364603 -4.56858e-21)
(0.003272 0.00356189 3.83576e-21)
(0.00327982 0.00354073 -7.33144e-21)
(0.00389233 0.0038479 0)
(0.00394499 0.00358157 -1.34598e-20)
(0.00369375 0.00310818 -2.43371e-22)
(0.00369087 0.00312587 0)
(0.00360054 0.00323087 1.44564e-20)
(0.00350877 0.00366714 1.01509e-20)
(0.00369016 0.00312999 0)
(0.00314533 0.00348831 0)
(0.00370331 0.00311362 0)
(0.00328609 0.00365081 1.05906e-20)
(0.00358377 0.0035379 -2.77417e-20)
(0.00346483 0.00385067 1.14733e-20)
(0.00357542 0.00373204 -2.70352e-20)
(0.00368757 0.00389387 5.95234e-20)
(0.0039707 0.00356952 1.32697e-20)
(0.00369992 0.00344301 2.52873e-20)
(0.00359285 0.00323695 0)
(0.00387116 0.0032556 -9.58503e-21)
(0.00407832 0.00344349 0)
(0.00386775 0.00326602 -3.36894e-21)
(0.00373281 0.00342576 0)
(0.00408948 0.00342527 9.05517e-21)
(0.0038785 0.00324857 8.34724e-21)
(0.00359715 0.00322993 -1.36067e-20)
(0.00408093 0.00343251 -1.03849e-20)
(0.00369771 0.00313595 0)
(0.00397951 0.00355708 2.41984e-20)
(0.00370652 0.00312041 -1.07986e-20)
(0.0037084 0.00309969 -1.14739e-20)
(0.00408931 0.00342109 0)
(0.00375533 0.00340198 -1.13566e-20)
(0.0035906 0.00323656 1.33915e-20)
(0.00369637 0.00312589 1.02985e-20)
(0.00396808 0.00356596 1.32637e-20)
(0.00371099 0.00312046 0)
(0.00375397 0.00340048 1.10874e-20)
(0.00387845 0.00324435 0)
(0.00359606 0.00323429 0)
(0.00386807 0.00326586 1.94363e-20)
(0.00407626 0.00344254 2.11406e-20)
(0.00376009 0.0033942 3.38357e-20)
(0.00371092 0.00310365 2.22348e-20)
(0.00395973 0.003577 2.47342e-20)
(0.00374254 0.00340601 -1.06167e-20)
(0.00359862 0.00323176 1.28463e-20)
(0.00408572 0.00343104 1.12441e-20)
(0.00387538 0.00326015 2.86123e-22)
(0.00387107 0.00327094 -5.82399e-21)
(0.00357678 0.00372732 2.35498e-22)
(0.00359349 0.00323923 -1.26635e-20)
(0.00407819 0.00343565 -5.56107e-21)
(0.00365671 0.00385683 0)
(0.00359194 0.00323735 -1.31185e-20)
(0.00387657 0.0032595 0)
(0.00358789 0.00324962 1.14961e-20)
(0.00338334 0.00354433 -3.09288e-20)
(0.00359738 0.00323432 7.15804e-22)
(0.00358712 0.00325017 3.63297e-20)
(0.00408903 0.00342474 1.13156e-20)
(0.00360336 0.00323731 3.68801e-20)
(0.00323975 0.00337904 4.39931e-20)
(0.00334753 0.00352167 -4.17682e-20)
(0.00329143 0.00364001 6.21131e-21)
(0.0040725 0.00344731 1.77451e-20)
(0.00408008 0.003447 0)
(0.00332566 0.00348681 -1.05705e-20)
(0.00376841 0.00338286 1.82179e-20)
(0.00343308 0.00371214 0)
(0.00375644 0.00339225 -9.33259e-21)
(0.00333277 0.00350524 1.0234e-20)
(0.00314704 0.00348342 0)
(0.00366269 0.00386423 0)
(0.00408397 0.00344734 2.65191e-20)
(0.00367911 0.00310401 -9.4363e-21)
(0.00376588 0.00337337 -3.74906e-20)
(0.0035891 0.00324769 9.33516e-21)
(0.00373189 0.00339824 1.72006e-20)
(0.00408302 0.00345162 -1.39701e-20)
(0.00338133 0.00354484 -1.69205e-20)
(0.00329748 0.00364231 -1.30063e-20)
(0.00396453 0.00356196 9.14722e-21)
(0.0032424 0.00338471 -1.01141e-20)
(0.00396513 0.00356079 -2.27177e-22)
(0.00396604 0.00358037 9.31024e-21)
(0.00369773 0.00312199 1.5878e-20)
(0.00396678 0.00356317 8.75557e-21)
(0.00396645 0.00356209 1.00794e-20)
(0.00348085 0.00383684 2.29898e-22)
(0.00397206 0.00356449 4.32953e-20)
(0.00397669 0.00355402 -2.27155e-22)
(0.00384927 0.00324693 -8.17133e-21)
(0.00395619 0.00357411 -8.57666e-21)
(0.00406205 0.0034318 -1.6423e-20)
(8.91706e-05 0.000479794 2.43294e-20)
(0.00114837 -1.47996e-05 0)
(0.00327531 0.00358097 -2.89957e-21)
(0.00363743 0.00388216 -1.44629e-20)
(0.00344761 0.00371291 -7.3512e-21)
(0.00329544 0.00351886 -2.14786e-20)
(3.39521e-05 -1.03898e-05 -1.7384e-20)
(0.000811159 7.58311e-05 -1.96594e-21)
(0.000353177 0.000504139 -1.8236e-20)
(0.000807484 0.000451648 1.31027e-21)
(0.000296932 0.000680689 0)
(0.00114988 0.000185762 -3.57096e-21)
(0.000530587 0.000406928 -6.39714e-21)
(0.000781402 6.41286e-05 -4.77898e-21)
(0.000126976 0.000156035 -2.85186e-20)
(0.000301151 0.000361305 0)
(0.000692813 0.00053557 6.58606e-24)
(0.000230514 0.000382617 1.30101e-20)
(0.000884984 2.82569e-05 -2.05316e-21)
(0.0012097 0.000357886 2.41806e-20)
(0.000164307 -0.000143462 1.94119e-21)
(0.000537234 0.000427094 3.80295e-20)
(4.27913e-05 2.03366e-06 3.99437e-20)
(0.00343348 0.00372046 8.22968e-21)
(0.00327464 0.00355764 -4.53866e-20)
(0.00349174 0.00365567 1.67224e-20)
(0.00370193 0.00355704 -2.49438e-20)
(0.00349291 0.0036567 2.03754e-20)
(0.00358066 0.00324474 1.50408e-20)
(0.00367813 0.00387537 0)
(0.00367562 0.00387438 -3.25943e-20)
(0.00361463 0.00392218 9.01651e-21)
(0.00363522 0.00390848 -1.34986e-20)
(0.00344784 0.00370636 7.60345e-21)
(0.00328483 0.00354482 1.56924e-20)
(0.00391536 0.00397196 1.7396e-20)
(0.000769258 0.000630088 0)
(0.000465594 6.75196e-05 4.39524e-21)
(0.000869175 0.000142375 0)
(2.10264e-05 1.20508e-06 0)
(4.50784e-05 -2.34012e-06 1.66177e-20)
(0.000658609 0.000349406 -5.867e-21)
(3.02987e-05 6.53404e-06 5.86714e-20)
(0.000500759 0.000468793 3.3762e-21)
(0.00231481 0.00414816 9.53758e-21)
(3.93958e-05 -7.74978e-06 1.78323e-20)
(0.000880954 0.000185933 0)
(0.000372136 0.00052668 1.07413e-20)
(0.000181791 0.000136783 8.48285e-21)
(4.36493e-05 -1.86329e-06 -1.73709e-20)
(0.000164282 0.000553655 -2.5622e-20)
(0.000672834 0.000119163 -2.40235e-22)
(0.000209341 0.000563946 0)
(0.000202913 0.000727649 0)
(0.00370916 0.00309231 -7.7506e-21)
(0.00396236 0.00357833 1.29222e-20)
(0.00387821 0.0032544 1.51402e-20)
(0.00358916 0.0032413 -1.93572e-20)
(0.00392056 0.00376247 -1.53404e-20)
(0.00367008 0.00386339 -3.01927e-20)
(0.0035843 0.00324129 -7.28119e-20)
(0.00393969 0.00393961 4.18259e-21)
(0.00343946 0.00372889 -4.3429e-21)
(0.00362679 0.0039319 7.86484e-21)
(0.00346757 0.00366079 -9.95398e-21)
(0.00367683 0.00386894 3.35649e-20)
(0.00327857 0.00356106 -7.99451e-21)
(0.0036138 0.00393375 -7.33633e-21)
(0.00347236 0.00364997 3.47003e-20)
(0.00327069 0.00357146 7.98537e-21)
(0.00342602 0.00373642 -8.16046e-21)
(0.000562154 0.000522045 9.55571e-21)
(0.000646305 4.77055e-05 0)
(0.000428583 0.000142154 2.33427e-23)
(0.000947977 0.000894457 -1.29732e-20)
(0.00101259 0.000412725 5.15505e-21)
(0.00353931 0.00396844 -1.5103e-20)
(0.003962 0.00357041 1.3868e-20)
(0.00353489 0.00310408 1.57908e-20)
(0.0033316 0.00351124 0)
(0.0040802 0.00343587 8.53295e-21)
(0.00386928 0.00325889 -4.45449e-21)
(0.00374298 0.0033996 -2.03427e-20)
(0.00396001 0.00356538 4.13938e-20)
(0.00385749 0.00324577 0)
(0.00369236 0.00310079 1.79488e-20)
(0.00370198 0.0031164 -2.51436e-22)
(0.00375036 0.00340418 2.18729e-22)
(0.00407614 0.00342883 0)
(0.000671281 0.000290054 0)
(0.000661773 0.000136047 8.86099e-21)
(0.00289185 0.00405791 -6.31654e-22)
(0.00292152 0.00393343 -3.50013e-21)
(0.00320068 0.00446167 -6.65151e-22)
(0.00303353 0.00423125 -6.06413e-22)
(0.00324645 0.00432575 -2.43964e-21)
(0.00307769 0.00410393 0)
(4.24583e-05 -5.0044e-06 -5.18359e-22)
(0.00017171 0.000104135 0)
(0.000272314 0.00055559 0)
(3.52696e-05 3.18132e-06 -6.72024e-20)
(0.000181775 0.000371444 5.34321e-20)
(0.000637621 0.000413498 -4.3872e-20)
(1.89357e-05 0.000873193 9.70544e-21)
(4.03456e-05 5.25636e-06 -1.31663e-24)
(0.000672299 0.000476476 -6.08986e-21)
(-9.06262e-08 0.000102707 -1.41673e-20)
(2.26874e-05 3.02254e-05 -1.16218e-20)
(0.00100082 0.000136772 -9.36813e-21)
(6.42681e-05 0.00064538 1.84079e-21)
(0.000733156 0.000332654 1.00168e-20)
(0.000363653 0.000555642 1.19302e-22)
(0.000720055 0.000518241 1.43301e-20)
(0.0011297 0.000180743 0)
(0.000121829 0.000465815 -1.06759e-20)
(0.000119073 -0.00011353 -1.72494e-21)
(0.000108761 0.00010946 -4.34035e-20)
(8.04769e-05 0.000126573 0)
(2.38203e-05 5.75922e-05 3.9496e-21)
(0.00355452 0.00397011 -4.87936e-22)
(0.00336786 0.00376393 2.03997e-22)
(0.000777144 3.78816e-05 -6.19231e-21)
(0.00285927 0.00246447 -2.97451e-20)
(3.47113e-05 -1.22146e-05 7.93359e-21)
(0.000416585 0.000136202 -2.29658e-20)
(0.00301754 0.00322235 5.54889e-20)
(2.43726e-05 3.79469e-07 -9.16505e-21)
(0.000114407 0.000212195 -2.76339e-20)
(0.00387053 0.003523 -3.16077e-21)
(0.00367319 0.0033404 -1.22498e-21)
(0.000242355 0.000488744 3.70746e-20)
(0.000139213 0.000131991 1.80754e-20)
(0.00163629 0.000551805 0)
(5.05809e-05 0.000120322 -4.12628e-21)
(0.00100609 0.000524955 0)
(0.00026908 0.000720228 0)
(0.00063954 0.000516666 3.23369e-21)
(3.73419e-05 6.0696e-06 -5.30636e-20)
(0.000244235 0.000486722 3.43737e-20)
(0.000415038 -0.000229287 4.51879e-20)
(0.00105187 -5.8156e-05 -7.06969e-20)
(3.96455e-05 4.07767e-06 -1.87318e-20)
(0.000107063 -6.19682e-05 1.50244e-20)
(0.000125734 0.000276037 0)
(0.00320884 0.00359119 2.07027e-21)
(0.000666328 0.00035911 -7.87457e-22)
(0.000943253 0.000394548 -1.91967e-20)
(0.000526976 0.000101202 -5.61187e-21)
(0.000590007 0.000376189 2.49578e-21)
(0.000155181 0.000341759 -7.56825e-20)
(0.00115799 0.000385885 2.3398e-20)
(-3.95027e-05 -0.000449137 1.40072e-20)
(0.000143141 0.00013637 0)
(0.000601165 -7.91596e-05 -7.49316e-21)
(2.84539e-05 4.31669e-05 -4.00952e-21)
(0.000583742 0.000128136 3.83886e-20)
(5.23875e-05 -4.03033e-05 0)
(0.000847606 0.00011438 7.774e-21)
(0.000203459 0.000430826 0)
(4.16502e-05 1.41779e-05 1.3429e-20)
(0.000513111 5.37456e-05 9.90005e-24)
(0.000304852 0.000509948 -1.72972e-20)
(0.00139778 0.000343056 0)
(0.000761071 0.000135238 -7.1023e-21)
(0.00103323 0.000453922 8.63979e-21)
(0.00331403 0.00256224 1.42061e-22)
(0.00345466 0.00267065 0)
(0.00364032 0.00282324 -8.97368e-22)
(6.39084e-05 -7.25467e-05 0)
(0.000863385 0.000219938 8.60469e-21)
(0.00353896 0.00340819 -4.90233e-20)
(0.000889545 9.33742e-05 1.24816e-21)
(3.0845e-05 0.000427983 -3.48444e-22)
(0.00154384 0.00109846 5.30436e-20)
(0.000697743 0.000278442 2.44389e-20)
(4.11657e-05 0.00054712 -1.11523e-20)
(0.000540709 0.00046711 -1.36664e-20)
(4.13762e-06 4.64625e-06 0)
(0.000625438 0.000489652 -6.8906e-21)
(2.72228e-05 -1.5016e-05 3.72746e-20)
(0.00330874 0.00349068 -5.28422e-20)
(2.83706e-05 7.18936e-05 7.39351e-21)
(0.000234186 0.000545047 -1.53884e-22)
(0.000664811 2.00438e-05 5.68341e-21)
(0.00036516 0.00127945 -6.51543e-22)
(0.000127979 9.3775e-05 0)
(0.000489166 0.000533295 -7.18143e-21)
(2.13464e-05 3.20485e-05 3.54785e-20)
(0.000527089 0.000977251 2.27999e-20)
(0.000157499 0.000589634 4.34822e-21)
(2.35366e-05 -1.2679e-05 -5.28267e-20)
(0.000162195 0.000466733 0)
(-0.000166531 0.000490616 -1.94505e-21)
(2.23759e-05 -3.19739e-06 2.19633e-20)
(0.000465717 0.00113957 4.34962e-21)
(6.96863e-05 0.000589285 1.66299e-21)
(0.000155899 0.000435518 -2.25734e-20)
(0.000505473 0.00051705 2.13722e-20)
(0.000455988 0.000195818 9.61619e-21)
(0.00375848 0.00263634 -2.3044e-20)
(0.000639043 0.000304263 5.75119e-21)
(1.94946e-05 3.08824e-05 9.5248e-21)
(0.000142612 0.000294558 -6.64617e-21)
(0.000492219 0.00095043 -1.41248e-20)
(-3.27052e-05 0.000767424 0)
(0.000220515 0.000478105 0)
(2.05771e-05 9.90249e-06 -2.54973e-25)
(0.00066699 5.58475e-05 -5.91648e-21)
(0.000453429 0.000321561 -1.71841e-20)
(0.000703672 0.000353734 2.00049e-20)
(0.000832357 2.75426e-05 4.22683e-21)
(0.00143714 -0.00019152 0)
(0.000830207 0.000253508 4.3198e-22)
(0.00388677 0.00309628 1.61918e-20)
(4.26355e-05 0.000108736 -1.4817e-20)
(5.76071e-05 0.000159763 -1.523e-20)
(0.000149513 0.000390027 0)
(-0.000164093 -5.95812e-05 0)
(0.0001065 0.000354217 3.26633e-20)
(0.000764336 0.000177537 -2.84312e-20)
(0.00271202 0.00327583 1.40505e-22)
(0.000383208 0.000568218 2.15033e-20)
(0.00377931 0.0039215 0)
(0.000453707 0.000487478 -4.67928e-20)
(0.00287647 0.00346699 3.44467e-20)
(0.000356269 0.00035383 1.7342e-20)
(0.0023713 0.00191213 0)
(0.000609192 0.000117162 -2.32787e-20)
(1.61083e-05 -1.53863e-05 -1.0263e-20)
(0.00103557 0.000646125 2.92823e-20)
(0.000676024 0.000296943 0)
(0.00062269 0.000456145 0)
(0.000754844 0.000255128 -2.18027e-20)
(0.00289341 0.00357194 1.42933e-21)
(0.00273499 0.00338578 -8.09231e-22)
(0.00263042 0.00324259 -4.00792e-22)
(0.000893753 0.000508877 -8.8194e-21)
(3.4635e-06 1.38295e-05 0)
(4.64307e-05 0.000100526 0)
(0.00173387 0.00261618 -2.00718e-21)
(5.67222e-05 -4.6123e-05 -9.59618e-21)
(0.00348926 0.00329314 1.60323e-20)
(0.000111474 0.000243231 1.33967e-20)
(2.94327e-05 -2.52554e-05 8.8728e-21)
(0.000502201 0.000275843 1.78477e-20)
(0.00123586 0.000589785 1.69772e-20)
(0.000462225 0.00221907 9.60758e-21)
(0.00338009 0.00347521 -4.12641e-20)
(0.000886863 0.00015138 -1.81656e-20)
(0.000135628 0.000685561 0)
(0.00217756 0.00234014 -2.35336e-20)
(0.000516867 0.000499933 -6.74327e-21)
(0.000891324 0.000123681 -2.01108e-21)
(0.000543886 0.000409183 1.66072e-20)
(0.000454126 0.000268743 -1.98378e-21)
(3.24776e-05 5.35265e-05 3.57514e-21)
(0.000664655 -8.40363e-05 0)
(0.000205042 0.000775738 4.8876e-21)
(0.000881442 0.000421813 0)
(3.55059e-05 -2.14889e-07 5.94264e-20)
(0.000514749 0.000262177 -1.49623e-20)
(7.45055e-05 -5.79065e-05 1.26539e-20)
(0.000144449 -0.00019375 1.87485e-21)
(0.00069158 -1.24046e-05 0)
(3.84333e-05 -2.13027e-05 -1.55461e-20)
(0.00063657 0.000438827 -3.36496e-21)
(0.000582817 0.000498103 1.75489e-20)
(0.0028354 0.00331267 1.32737e-20)
(0.000409717 8.85787e-05 4.74057e-21)
(0.00113616 1.43776e-05 0)
(0.000138856 -7.45474e-05 -7.26449e-21)
(0.000609296 0.000445901 -6.61293e-21)
(0.000987185 0.000221384 1.22081e-20)
(0.000189079 0.000357312 3.0678e-20)
(3.09289e-06 8.32466e-05 1.42755e-20)
(0.00043871 0.000646396 2.14662e-20)
(0.00119539 4.60862e-05 -3.83649e-21)
(0.00110891 4.09726e-05 9.78355e-21)
(0.000953885 0.000131403 0)
(0.00036047 -2.87275e-05 9.66039e-24)
(0.000535433 0.000179971 0)
(0.000153295 0.000674776 -2.2138e-21)
(0.000674843 7.32863e-05 0)
(0.000429816 -0.000158538 -1.55357e-20)
(3.26027e-05 0.000673655 -1.09346e-20)
(0.000747122 0.000134726 0)
(2.63683e-05 0.000740793 -1.91629e-21)
(0.000880187 0.000105041 -4.06712e-21)
(0.00384604 0.00275145 -1.33294e-21)
(0.00205028 0.0034308 -1.84552e-20)
(-0.000109834 0.000665517 -2.67272e-20)
(5.8651e-05 0.00019593 -3.62646e-20)
(0.000906909 0.000313302 -2.84628e-20)
(0.000706331 0.000530227 -8.8666e-21)
(0.000368025 0.00026063 -6.45594e-21)
(0.000758092 0.000289981 2.75949e-20)
(0.000858102 0.00032118 1.15347e-20)
(0.000356014 -0.000162823 0)
(0.00399854 0.00286118 0)
(0.00420892 0.00302454 3.98308e-21)
(0.00033054 0.000563578 -6.68556e-22)
(0.000586772 2.23438e-05 5.8467e-21)
(0.000685892 0.000108171 -4.47454e-20)
(0.00112117 0.000157194 -1.11595e-21)
(0.000701942 0.000309091 0)
(0.00185486 0.00255774 4.3839e-21)
(4.45016e-05 -3.06574e-05 2.02176e-21)
(1.33995e-05 1.19688e-05 3.80651e-21)
(0.00311246 0.00340165 -3.71509e-21)
(0.00069231 0.000340583 5.75226e-21)
(0.00116847 0.000148982 6.35481e-21)
(0.00327664 0.00357492 3.82654e-21)
(0.00345855 0.00377364 2.65191e-21)
(0.00110763 2.53618e-05 -1.85911e-23)
(0.000877055 0.00115173 1.46912e-20)
(0.000517453 0.000874521 -1.7742e-20)
(1.29639e-05 3.36387e-06 0)
(0.00298465 0.0034676 -2.93409e-22)
(0.00133653 0.00279829 1.43578e-20)
(0.00330079 0.00296013 0)
(0.00348361 0.00312065 -8.46542e-22)
(0.00313532 0.00285904 -1.44855e-21)
(-0.000142142 0.00182656 4.42929e-22)
(2.45223e-05 1.63421e-05 -1.70264e-20)
(0.000880766 0.000159789 0)
(0.00195782 0.00298237 5.63173e-20)
(0.00140014 0.00285488 0)
(0.00250492 0.0030221 3.77602e-20)
(0.00278677 0.00312398 -1.53802e-20)
(-0.000576864 0.00273325 -1.93701e-20)
(0.000720956 -0.000654595 -6.70055e-20)
(0.000802467 0.000145304 5.95823e-20)
(0.00354745 0.00375624 -2.51941e-20)
(0.000344894 0.000796466 -3.176e-21)
(0.000667766 0.00047826 0)
(0.00148707 0.000964115 -2.62048e-20)
(7.94e-05 0.000154038 0)
(0.00222842 0.00290112 3.94008e-20)
(0.00123158 0.00109701 -2.36695e-20)
(0.00347242 0.00363072 0)
(0.000750023 0.000898734 2.51829e-20)
(0.000200212 -0.000301465 -2.18948e-21)
(0.00381665 0.00401209 9.96197e-22)
(0.00361704 0.00381362 1.35213e-21)
(0.000603256 0.000480311 -1.2332e-20)
(0.000942541 0.000531973 -1.30735e-20)
(0.000588284 0.000664303 -4.7706e-20)
(0.00339581 0.00278692 1.55678e-20)
(0.00350873 0.0044759 5.06545e-22)
(6.64344e-05 0.000169801 0)
(0.00346332 0.00363994 1.20398e-21)
(0.00294036 0.00201897 8.19907e-20)
(0.00195723 0.00277936 0)
(8.49128e-05 0.000199551 1.97592e-20)
(0.000101085 0.000217683 0)
(0.000793377 0.00191465 -5.84316e-20)
(0.00064646 0.000468267 3.46447e-21)
(0.00269109 0.00282205 -4.55195e-20)
(0.00110993 0.000218657 0)
(0.00256072 0.00130331 2.72787e-20)
(0.00351199 0.0040285 0)
(0.00340215 0.0038679 -1.61629e-20)
(0.00258369 0.00210746 -4.49482e-23)
(0.00273162 0.00223225 -3.56337e-23)
(0.00246074 0.00199947 -3.03556e-22)
(0.0006266 0.000441568 0)
(0.000620123 0.000470664 7.49212e-21)
(0.00291412 0.00429618 1.12314e-20)
(0.00264256 0.00250556 2.16188e-20)
(0.00271676 0.00334017 2.94233e-20)
(0.00284409 0.00397104 4.00759e-20)
(0.00280412 0.00502839 0)
(0.00402768 0.00355047 1.67702e-20)
(0.0005824 0.00157558 3.0325e-20)
(0.00201374 0.00497976 -1.77152e-21)
(0.00211376 0.00519551 0)
(0.00223752 0.00546908 3.84728e-24)
(0.000412789 0.00165859 1.40406e-23)
(0.000437276 0.00174316 0)
(0.000467087 0.00184636 0)
(6.7338e-06 0.0032174 -1.58237e-20)
(0.00313598 0.00397591 5.23861e-21)
(0.00328626 0.00414348 1.61548e-21)
(0.0017536 0.000131891 6.93806e-21)
(0.00346967 0.0043645 1.93697e-21)
(0.000484653 0.00190236 2.14389e-22)
(0.00204095 0.00270373 8.72704e-22)
(0.000523008 0.00199908 -3.06877e-22)
(0.00215586 0.00282743 7.82524e-22)
(0.000570681 0.0021221 -3.42444e-22)
(0.00229679 0.00298071 8.85302e-22)
)
;

boundaryField
{
    back
    {
        type            empty;
    }
    front
    {
        type            empty;
    }
    ingreso
    {
        type            fixedValue;
        value           uniform (0.000970309 0 0);
    }
    salida
    {
        type            zeroGradient;
    }
    defaultFaces
    {
        type            noSlip;
    }
}


// ************************************************************************* //
