/*--------------------------------*- C++ -*----------------------------------*\
  =========                 |
  \\      /  F ield         | OpenFOAM: The Open Source CFD Toolbox
   \\    /   O peration     | Website:  https://openfoam.org
    \\  /    A nd           | Version:  8
     \\/     M anipulation  |
\*---------------------------------------------------------------------------*/
FoamFile
{
    version     2.0;
    format      ascii;
    class       labelList;
    note        "nPoints:10504  nCells:5101  nFaces:20554  nInternalFaces:9107";
    location    "constant/polyMesh";
    object      neighbour;
}
// * * * * * * * * * * * * * * * * * * * * * * * * * * * * * * * * * * * * * //


9107
(
167
2747
4639
4984
3995
4000
4015
4873
3970
4030
4038
4826
87
3767
4070
4732
4004
4022
4296
4875
70
79
3957
4851
60
66
4054
4067
1775
4043
4792
4887
53
60
4060
4805
499
2845
3890
4853
29
55
3841
4746
79
1151
3956
4844
53
3712
4687
4808
66
199
3966
4821
26
3380
3790
5057
754
1334
1418
2008
67
273
1384
1694
1364
1568
3922
4857
42
1309
3912
4861
561
945
1368
4926
52
2343
3555
3994
70
267
3969
4859
45
1616
2659
4035
1793
3980
4032
4872
791
4011
4033
4860
3993
4010
4019
4877
61
3850
3904
348
406
1337
2656
714
959
1338
1642
3750
3865
4059
602
1684
4794
4835
3971
4050
4258
4829
3237
3945
4119
4863
116
4066
4263
4973
68
3547
3589
4902
188
4018
4194
51
4097
4256
4799
51
52
3913
4739
55
3905
4079
4801
142
332
3344
5081
69
2758
3265
3353
777
3395
3553
4952
61
4082
4780
633
754
1334
1440
714
769
959
1025
2658
4225
4344
761
769
931
1025
76
956
4096
4752
131
137
3248
3685
406
652
1609
2656
283
2668
3340
4939
3879
4800
2711
4882
3859
4796
476
3595
4034
4044
4063
4745
1228
4025
4802
4998
660
3764
4109
4820
854
3423
4014
4723
1471
1658
4062
4115
3861
4804
3853
4781
125
621
2666
4970
785
1391
4036
4818
348
530
1337
1371
88
1343
3935
4862
3894
4811
1008
1383
1739
285
1893
4336
225
1900
1941
4080
4850
1374
3933
4003
4023
80
128
360
4892
530
1371
4037
4830
260
584
620
1449
157
203
3059
4840
830
4724
4753
510
3797
4056
4909
778
962
1595
3708
4077
4843
500
1519
5088
1733
2695
3783
4699
207
3635
3795
4053
147
188
4018
5003
2061
3458
4044
4930
299
542
748
766
712
761
931
1169
361
3478
4088
197
4125
4828
633
749
1440
1462
96
3633
3770
4106
3361
3883
3981
4262
299
748
1341
1525
159
238
1039
1392
468
542
631
766
337
424
3868
4767
1921
3878
4955
619
712
1169
1250
912
1819
4014
4723
190
4017
4039
4685
158
570
652
1609
1704
3753
3936
4660
110
111
218
480
107
2662
3714
4199
178
294
1168
1299
3825
3842
4145
4175
249
695
4565
4813
132
2682
3172
326
349
464
1177
4048
4055
4858
5051
214
4560
5019
120
4530
4560
189
336
1188
1292
132
173
2678
3387
219
1454
1622
3488
116
1145
3698
4625
2249
3421
237
1455
1624
3529
262
759
4564
4803
584
1449
1471
1658
218
344
1013
3814
3984
4240
3918
4020
4155
4771
164
3412
3554
4247
261
323
4510
5053
229
711
2288
200
421
784
1527
250
369
1103
1321
3836
4908
5088
499
1306
3615
4947
468
631
894
1003
3750
3865
5022
2976
3130
335
942
2030
3470
373
906
4566
4795
330
583
1233
1316
928
3832
4714
4751
167
286
2724
220
706
4541
4865
472
1826
3693
3990
4027
4081
4106
4946
148
1936
2257
2675
259
4931
4951
246
345
4415
5050
4045
4062
4847
5038
875
892
3761
4784
778
962
1425
1696
191
4950
5015
201
1682
1803
3308
3772
4700
4757
400
655
3791
4702
651
3137
3926
5080
648
756
946
1668
219
609
771
3488
372
431
1146
2655
602
1410
3720
3909
511
3814
3984
5035
3381
3697
3896
466
4520
4836
466
4836
5016
439
2204
3930
4849
3567
3921
4148
4982
237
610
775
3529
173
1296
2683
2980
416
1287
4306
309
513
1130
1278
408
963
4432
4778
2755
3248
1482
1632
1697
4555
1234
1669
3916
4031
342
509
4484
5042
287
314
802
1489
306
347
446
5036
3292
4646
619
823
1250
1497
435
600
824
5040
344
459
1013
2636
586
651
4797
5080
497
4819
5009
3892
3915
4072
4871
239
416
473
1494
1478
3704
3911
4045
280
306
410
5026
1386
1954
3978
4181
1242
1401
3590
3897
4166
4662
5000
5010
788
1126
3992
5076
629
1260
1872
4280
191
3560
695
4813
4995
3997
5047
5049
669
4330
3427
4031
4776
4990
2107
3290
3671
4137
290
888
1400
1686
312
447
1274
1349
276
3621
4171
5025
3851
4016
4825
214
3830
4856
5019
1151
3813
4999
759
4803
4985
227
1705
1842
283
333
4095
5032
3381
4224
4896
398
3346
4153
4293
337
424
522
3465
433
684
4024
4181
1788
4046
4333
3262
3863
3991
4094
459
481
2636
2643
223
587
801
3742
2204
3672
3930
4941
749
1409
1462
1472
990
1269
3784
4812
480
1484
706
4028
4865
5033
375
429
606
1155
484
3226
4152
467
3570
4556
4749
343
577
930
3762
3814
4126
4240
1185
1315
3573
5013
5039
5047
5049
765
1897
2066
4250
3225
4729
4782
310
403
508
3762
374
526
1639
481
532
2643
2677
241
1351
1680
491
3918
4099
4155
487
1565
1710
2771
697
770
3794
3855
1186
1731
3206
4950
328
1315
4228
4946
528
539
1006
1180
241
295
1351
4553
4750
249
4565
5016
1614
1869
2005
532
604
2664
2677
1415
2464
614
1235
1283
4953
330
469
1316
1398
318
352
720
1376
507
581
4537
4725
346
1018
3591
578
768
1904
3224
634
862
4516
4769
297
1039
507
4537
4948
1212
1657
2329
3329
1210
1647
2328
3300
1207
1651
2327
3328
1206
1650
2326
3299
1214
1655
2331
3324
1215
1656
2330
3325
1197
1648
2325
3327
1190
1654
2324
3326
300
332
3812
497
4547
4819
290
1686
4655
282
294
1168
419
952
1789
4047
420
953
1788
4046
1426
1802
3536
4669
630
658
4441
5018
1793
3908
5027
1134
1652
2297
3323
2073
3357
3670
4006
1016
1649
2276
3297
1015
1653
2275
3298
1040
1846
4281
4969
3571
3910
4185
3011
3606
4191
4997
1125
1263
1677
4929
3185
4838
4927
3525
4066
4972
5066
604
661
2638
2664
653
661
2638
2644
560
4280
5017
3833
4169
4270
4980
692
759
3620
1363
4740
291
574
3224
4810
1144
1889
3321
682
869
3685
417
4443
4960
327
503
951
1385
328
1315
1897
5013
4471
4510
321
920
1823
720
1011
1376
1427
1319
2152
4139
4253
4564
5009
315
1415
308
4515
4879
4880
695
3384
4329
1125
1626
4912
4929
4413
4427
3800
3948
4951
3670
3676
4007
4771
738
890
894
1003
1771
3769
3848
4552
1290
4058
5096
502
650
4250
4765
627
5034
945
1368
1629
3312
3273
4814
4853
906
4795
4965
2064
3211
3819
343
3740
4687
4796
414
469
964
373
906
3070
4325
963
4778
4960
654
822
401
558
779
783
498
3148
3477
3675
417
4443
4562
990
1269
1874
4176
1522
1608
1923
4313
2660
2990
3402
2055
3625
4763
4972
3480
3945
4655
1176
1632
1774
2182
504
634
862
3658
580
782
3388
588
4558
4936
4049
4084
653
895
2641
2644
447
1187
344
459
4843
4844
3849
5091
3774
4740
357
505
1458
3331
751
1231
1560
373
4566
4995
369
1103
429
484
736
4190
630
4166
4441
5010
502
1219
3554
4765
481
532
4850
4851
435
3574
5040
3378
3678
3570
364
3591
3793
527
1035
4415
527
1035
5043
4338
4340
3376
4208
4793
1010
3204
4113
4158
668
691
1005
417
556
673
1458
3331
4760
4857
1198
1241
1667
3077
578
768
3359
3947
1162
3390
4151
3839
4416
4652
904
1054
1851
3758
3946
3985
4914
1519
2042
3521
3582
3967
4732
482
1531
1604
3991
760
1638
1767
3099
3334
4152
5050
799
827
4170
4334
579
823
1497
1742
2737
3472
3579
4204
3655
3842
4102
4145
4767
4948
913
4013
4878
4921
561
3401
4092
4926
1753
3212
4654
1188
375
525
1620
611
1827
585
626
758
4897
1066
1216
1282
2256
1081
1191
1200
2208
1099
1189
1199
2207
1085
1193
1201
2210
1078
1196
1204
2211
987
1073
1194
2213
1088
1195
1203
2212
1072
1192
1202
2209
1067
1213
1216
2232
1090
1200
1206
2221
1098
1199
1205
2220
988
1084
1201
2225
1070
1202
1208
2223
989
1071
1204
2222
1083
1203
1207
2224
866
1068
1213
2230
1097
1205
1209
2226
1069
1208
1210
2227
1096
1209
1211
2228
1095
1211
1212
2229
1424
3384
4169
4329
528
539
562
557
568
4524
4966
669
3206
4196
797
1268
411
717
767
4328
558
779
3598
710
3518
3766
4296
415
3450
4754
4861
4337
4338
623
3644
3852
3960
421
501
784
1794
1995
4008
4129
560
627
655
4330
4702
506
1543
3948
4165
560
4280
4384
785
1274
1391
3333
4870
5041
1695
2005
802
1488
1937
3447
3895
440
3867
4706
441
3866
4705
4432
4985
927
1660
4559
4686
1450
3985
5098
1017
5071
653
661
4864
5027
1780
3700
3829
4889
496
783
996
1153
647
1140
1178
1678
625
1481
1409
1472
1517
4890
680
872
3212
2204
3343
4005
4941
3584
3733
4157
1181
2122
3214
3755
4379
4484
458
3449
3705
3739
440
4706
4712
4715
441
4705
4711
4716
1469
2184
3416
952
3600
953
3599
1684
3422
3543
5041
1007
1100
1189
2163
1009
1092
1190
2166
1014
1079
1191
2170
627
1035
469
1232
1076
1131
1192
2186
1087
1132
1193
2187
1080
1133
1194
2188
1082
1136
1196
2190
1086
1135
1195
2189
1089
1137
1197
2191
981
1091
1138
2192
1065
1139
1198
2193
1181
1730
3755
4040
579
1691
4193
4825
3919
4996
5052
3482
478
1140
4022
4875
760
819
999
1141
1718
3597
4146
1008
1288
1403
1501
580
3374
4208
489
1005
1344
570
1392
480
4827
4999
4424
4447
1516
1093
1214
1257
2235
1094
1215
1258
2236
4286
4741
4962
681
871
1614
717
767
1270
1766
854
2088
3423
3731
2160
3067
4207
821
1177
4113
4793
507
581
3518
494
743
1345
1852
1051
3482
3452
4708
4925
1159
1664
1826
3990
625
583
693
1233
1821
969
975
1042
1420
904
1054
1690
541
645
996
1272
672
861
1369
622
743
795
1611
3917
3977
4155
895
1308
2080
2641
3876
4100
5058
5095
618
737
1844
3070
4166
4325
1268
1530
620
1299
3180
3974
4974
3765
4064
3858
4302
4307
629
940
963
974
3060
862
4769
4936
951
3995
4873
1034
4652
5004
3126
4093
4695
1321
779
891
2064
3339
3574
3993
1154
1401
4762
3211
3819
5037
675
1541
1968
3369
634
4516
4965
678
1534
1976
3276
677
1536
1975
3259
676
1537
1974
3260
666
1535
1973
3258
665
1539
1972
3261
662
1540
1970
3278
663
1538
1971
3277
564
1022
1251
1753
1103
4038
4826
713
749
1409
3773
781
1394
1631
4179
526
611
1705
800
1018
1825
1999
3251
3533
3806
3809
3776
4451
3476
4170
4233
4954
3455
745
833
1777
2379
844
1014
1643
2473
848
1015
1644
2472
836
1016
1646
2476
1426
4163
4669
4757
853
1007
1413
2171
4241
4293
1301
1596
1880
3653
690
1254
3471
4427
4447
936
1248
1967
935
1246
1885
934
1245
1884
933
1244
1883
939
1243
1882
746
882
3236
735
878
3188
744
880
3189
688
923
3183
937
1236
1857
689
924
3231
938
1237
1858
739
883
1342
720
5036
5043
860
1713
3165
701
4496
852
1009
1843
2266
4214
4216
1825
3080
3346
1028
1310
1808
2657
1791
3371
3413
672
1369
1616
4681
674
1049
4791
4863
3406
3743
4144
4215
786
794
3165
798
1001
1036
1272
4332
4334
997
3162
3949
4186
724
1152
3476
4233
622
819
903
1640
920
1939
4885
612
863
3643
604
661
4859
5027
3378
4497
4541
3737
4295
972
3247
3230
3354
1140
1178
1034
1288
1403
3564
1187
1466
3228
4365
3320
4223
4775
4034
4824
5030
3995
4015
5039
700
776
1385
726
845
3728
727
847
3727
728
835
3726
731
851
3723
732
850
3722
729
843
3725
730
849
3724
722
837
3688
721
846
3689
723
834
3687
3523
3825
4202
4895
3980
4032
4379
1676
1798
2055
2133
3749
4052
1426
3536
4666
4755
3455
607
861
1152
1505
611
625
1344
1683
941
1158
3196
952
1302
1789
953
1788
2199
1259
1423
2162
4667
4696
4881
932
1554
3521
1064
1545
1833
4883
3376
4113
4164
4793
2260
3074
4089
4867
743
795
671
3138
3228
4348
711
3877
3914
796
1864
3889
4031
4776
3612
4048
4055
4126
2176
3320
5014
977
1791
3371
4809
784
5017
3070
3355
3623
3679
738
890
1571
2466
763
4343
1278
977
3358
4210
4809
662
1540
3719
663
1538
3718
665
1539
3717
666
1535
3716
676
1537
3684
677
1536
3683
678
1534
3682
675
1541
3681
913
3552
4878
4949
1530
1940
708
1737
2150
4339
1444
4540
4868
667
757
3337
895
1308
4032
4872
916
3060
4664
5030
4334
4337
3419
820
1230
767
3208
877
1173
1615
4254
781
1631
2635
4051
3355
3658
4000
2162
3648
4268
4667
3662
4766
4923
2016
3298
2017
3297
1548
3982
4431
4738
2018
3299
2019
3300
946
2827
1492
3213
4702
4950
1897
2066
4247
5013
823
4828
4862
691
1005
802
5034
5036
1156
3808
4928
2010
3258
2011
3261
2012
3260
2013
3259
793
908
981
3001
909
987
2995
911
988
2994
910
989
2993
1048
1610
3811
4923
3659
3924
4122
927
4426
4559
4947
1182
3454
4284
4790
1717
3721
3788
4089
1404
2625
3408
1405
2628
3430
996
1153
4456
3213
4681
1527
4050
4829
1466
4288
4939
907
1030
3364
4177
1292
1021
1698
3296
3389
4004
4022
5046
870
950
1498
4495
1030
1074
1129
1693
772
4017
4315
783
1153
3612
991
1075
1127
1670
2108
3295
3925
4886
914
4169
4454
4980
966
3801
4680
4920
930
1491
3343
4005
5087
5092
752
3215
3274
881
1077
1124
1618
3970
3986
4038
1680
2128
3138
3601
763
1663
1862
4385
4393
1148
2067
2142
4728
1969
2115
3865
5022
3754
3777
930
1491
4804
4805
1034
1288
4455
5004
800
813
1979
3278
812
1980
3277
814
1981
3276
827
995
4338
2347
2991
4149
4261
805
1982
3323
806
1983
3326
807
1984
3327
808
1985
3328
809
1986
3329
810
1987
3325
811
1988
3324
861
1369
1505
4342
1101
1275
1559
3424
1761
3690
4478
1370
1481
4742
1345
2149
815
3820
1990
4184
4488
3937
4093
4272
4695
1416
1551
2956
4118
1616
4035
4200
4681
1867
4182
4437
4476
868
967
1892
3432
4183
4491
1064
1626
1833
4912
755
3483
763
1378
1490
4569
4717
1300
2062
3443
2267
4189
4335
1284
1304
3669
4341
4343
766
4799
4800
1345
2149
3715
1041
2827
4353
1552
3057
4775
1527
1063
2126
764
3601
3332
3706
4841
4977
1674
769
4079
4801
4049
4294
4299
3623
1324
4188
5011
3663
3451
4151
5046
1302
4747
4749
776
1545
4883
1028
1310
2125
4507
2081
3892
3975
4072
2199
4748
4750
4508
4558
3830
4528
4856
1957
4237
797
3940
3960
4013
4159
2161
3769
3230
3826
4777
1268
1872
3805
4536
992
1033
3339
1724
3884
4093
4714
2961
3551
4293
1162
1312
2003
4205
954
1148
4720
4728
3871
3994
4721
868
967
980
1474
1731
3206
992
1549
4524
796
903
891
1366
1940
1261
1424
4332
1011
5043
4017
4315
5049
1265
1554
1564
4892
4908
3954
4144
4260
4923
845
950
1818
847
1131
1815
835
1132
1814
843
1133
1813
849
1134
1812
851
1135
1816
850
1136
1817
837
1137
1811
846
1138
1810
834
1139
1809
894
4072
4871
1607
3914
4026
4230
1749
1800
4910
4927
1687
1905
2259
4160
1047
1562
822
2240
4290
3446
3618
4938
1415
1422
3247
1308
1799
4032
828
982
1055
829
983
1056
4233
4337
961
3942
960
3941
4096
4833
1291
1483
1777
1894
1969
2202
3685
5022
868
2493
1112
1118
1044
1920
1113
855
958
1961
900
971
1964
902
968
1962
856
957
1960
901
970
1963
1119
1109
1917
1120
1114
1117
1045
1918
1046
1116
1115
1110
1953
1111
1634
3652
3882
858
1032
859
1031
948
1023
1229
984
1052
985
1053
4806
4966
5072
1344
951
1259
2127
3099
991
1382
4209
4231
1041
2827
4141
1023
1229
2054
1179
1332
4327
4692
910
2724
1037
1120
911
1494
909
2655
990
1874
1925
3294
1938
3559
3824
992
1549
4961
1122
1164
1446
1769
1102
1163
1773
1761
3183
1543
4788
4798
4931
3188
4182
1050
1166
1760
3189
4183
3196
4184
2073
3670
4155
4771
1282
1298
1906
2004
1374
1399
1781
1948
3816
3822
4173
4198
4010
4019
4471
1524
1895
3190
4737
4396
4423
1317
2093
2135
3787
1925
3888
4127
4834
3679
3419
1496
3265
3353
5080
1257
1328
1878
2001
1258
1327
1877
2002
3864
3906
3972
4789
1074
1129
1075
1127
1077
1124
1047
2771
1049
1286
2093
2135
1130
1279
1432
1431
1474
1430
1429
1428
3858
4307
4308
1598
4178
1844
3384
3677
3691
4221
4314
4899
4250
4299
921
1050
1166
922
1102
1163
986
1122
1164
2660
3818
1464
3231
1485
3236
1404
1857
1405
1858
1692
4012
4633
4991
2347
2991
3533
3837
1301
1566
3604
3884
5029
1187
1466
1597
1911
3678
4395
4477
1235
4101
5044
1511
1882
1512
1883
1513
1884
1515
1885
1503
1917
1504
1918
1510
1920
1489
5017
5026
1028
2125
4459
1560
1854
4203
3061
4697
4797
4824
1308
1713
1799
4981
3568
3870
2149
1730
3996
4040
4154
1271
3168
1804
3168
4563
1120
2289
3742
3488
3529
1499
4278
4518
959
1338
4745
4746
3856
3943
4880
1031
1795
2242
1032
1796
2241
3663
1056
1741
3673
1055
1740
3674
1853
3396
1489
1391
1516
1847
993
3968
4967
5024
1896
3484
4227
1266
1672
1124
1824
2252
1018
1026
3591
1127
1828
2250
1129
1834
2247
1691
1742
1949
1184
3692
4041
4845
1219
3256
4588
1026
4744
4903
1461
3047
4509
3837
4983
2035
3944
4091
4841
2199
4267
4545
4748
1266
1967
1431
4531
1434
1961
1433
1960
1437
1964
1436
1963
1435
1962
1430
4617
1428
4614
1429
4575
4834
1333
2183
1407
1399
1948
3309
3559
3829
4251
4696
1152
1505
4340
1530
4057
4475
1156
1393
4227
4928
1047
1063
3271
3275
3562
3938
1254
3228
4365
1300
2062
4244
4675
4396
4424
3968
4235
4254
4967
2061
4241
4930
1111
3392
1346
1886
1110
3394
3241
4164
4647
1018
1026
3546
3839
3903
4138
4494
4530
1109
3399
1045
3398
1044
3400
1228
3465
3777
3230
3454
3826
4790
1412
1876
4221
4345
3736
4543
4924
1570
3050
3371
1271
1661
2151
3597
4039
4685
4393
4477
1427
1252
1998
3895
4266
1158
3315
3626
4101
5044
1432
3193
1053
1745
1052
1744
1407
4019
4877
3331
1366
1456
3228
1498
1772
2065
2990
3402
4274
4329
4331
3834
4118
4958
1561
3983
1378
4569
4903
1531
1604
1714
2025
1649
1653
1134
1652
3164
3996
4040
1156
3480
1464
4482
1484
4821
4999
1437
1786
1436
1785
1932
2271
1434
1783
1433
1782
1478
3471
4045
4115
1715
3233
3608
4285
1105
1276
1417
1617
3244
3919
4971
5052
1768
2114
3877
4098
1946
2083
4033
4860
1638
4257
4526
1112
1408
1574
1576
1576
1577
1229
1577
1355
1580
1580
1585
1429
1584
1585
1592
1430
1591
1432
1333
1117
1592
1166
1584
1589
1109
1593
1119
1591
1586
1593
1116
1589
1356
1583
1428
1582
1582
1590
1115
1588
1118
1590
1583
1588
1113
1358
1357
1586
1114
1431
1110
1359
1352
1439
1353
1438
1354
1578
1578
1579
1579
1581
1581
1587
1587
1594
1111
1594
1804
3967
4245
1485
1743
3766
1461
2072
2082
3047
1463
1659
3240
4111
4143
4919
3239
4110
4142
4918
1395
3333
4189
5041
1139
1137
1138
1135
1136
1131
1132
1133
2000
3650
3881
4758
1435
1784
1905
3492
4197
1755
3058
3535
1329
1373
2961
1750
1563
4199
4274
4292
1747
3070
3355
3433
3434
3435
3436
3437
3438
3440
3439
3441
3794
1562
1617
2126
2737
4204
5002
5060
3872
4090
4154
4213
4011
4033
4336
3418
4232
4263
3707
3709
4654
3361
3378
4262
4497
3227
4278
1389
1890
3314
4881
1276
1617
1736
2126
4069
4827
1683
4501
1170
3548
4837
1481
1827
4658
1286
2076
3649
3802
3851
2657
3071
3637
4091
3447
3895
4161
4889
1790
3459
3654
3889
1719
1173
1612
1240
1361
1417
1550
1521
1711
4538
4689
3620
3667
4395
4465
1557
4087
5078
3646
4148
4202
4698
1708
3680
3965
4893
4235
3854
3936
4243
4660
2305
3472
3579
3783
1275
1735
2314
3388
4938
4725
4868
1490
4717
4831
1999
3235
4930
4238
4265
1942
3335
3531
1660
2305
4686
4957
1729
3583
4149
4081
4489
2051
2099
5015
1232
4325
4326
1594
3489
1359
3490
1593
3491
1592
3493
1590
3494
1591
3495
1588
3496
1589
3497
1358
3498
1408
4618
1587
3499
1586
3500
1582
3502
1585
3501
1583
3504
1584
3503
1581
3505
1357
3506
1356
3507
1580
3508
1579
3509
1355
3510
1578
3511
1354
3512
1577
3513
1352
3514
1353
3515
1576
3516
1710
1770
2015
2853
1400
1686
4784
4961
1869
2005
3590
3862
3897
3972
4407
4464
4876
5037
1380
3844
4751
4788
1253
4008
4203
4310
1880
3653
3783
4699
1280
4074
5023
1520
3654
4013
4159
4736
4815
4905
5090
1402
5071
1281
2240
1300
1635
2030
1349
1597
4386
4483
1573
4770
4990
3391
4298
1503
1721
2038
1504
1722
2039
1707
1715
2121
4285
3230
3272
3354
3454
1659
1875
1408
1907
1569
3548
3804
1510
1728
2059
1511
1727
2058
1512
1726
2057
1513
1725
2056
1707
1715
1756
1922
1515
1723
2095
1482
1632
2182
4383
4465
3413
3709
4654
1281
1916
2240
1913
3238
3255
1272
3660
1441
4229
4606
4610
2985
3245
3368
4191
1439
3541
1438
3540
1522
2027
3971
4050
4384
1273
3833
4270
1941
2173
4094
4671
1991
3535
3566
3034
3527
3838
4727
1489
5026
5034
1807
2095
1325
1460
1550
1712
3542
4854
1324
4030
1559
3424
1940
4170
4405
4954
4525
4536
1776
4245
1296
1463
1415
1422
2464
3366
3355
3658
2715
4177
1281
1916
1574
3545
1627
4298
4709
3369
3481
4727
2031
4145
4175
5056
1393
4409
1695
4467
1500
1557
1746
2105
4922
1291
1483
2493
3384
4326
1294
1483
1894
2648
3931
4058
4916
1674
1787
3403
4341
1736
2685
3373
3779
4628
1574
3035
3667
4348
1625
1605
1660
1602
4900
3843
4276
4277
4792
2647
3481
1790
3427
3889
4776
1566
1671
3221
1361
1417
1562
1617
3828
4117
4754
1912
4234
1442
1532
1712
1871
1855
4255
4728
1397
1553
1909
1933
1410
1523
1628
1797
4081
4386
4430
2064
4544
3057
3336
4718
4897
1831
4158
4647
1475
1692
4991
3518
3766
1607
3124
4098
4783
1993
3470
3939
4222
3208
1875
2104
3449
3651
4162
4891
1438
2359
1439
2358
1575
1887
2050
1447
3893
4051
4848
1753
2274
2290
3212
1521
4538
4831
1382
4418
4440
2660
3266
3402
2064
3195
4414
4544
4451
4567
3246
4984
1763
1910
4043
4887
2273
3537
3885
4726
1486
3483
4902
1990
4721
3268
3989
4816
3414
1383
1501
4673
4718
4897
5014
1488
4074
5023
4525
4527
3309
4254
4504
4967
2288
1655
1656
1657
1647
1651
1650
1648
1654
4521
4806
4981
5072
1411
1640
3770
4106
4228
4946
1989
3340
5032
3775
4112
4760
1389
1873
1890
4244
4431
4738
2051
2292
5003
5015
4216
4261
1673
3377
4190
4692
3657
4340
1702
3595
3605
4034
1575
2205
3992
3645
5089
3462
3789
4764
4955
4425
4562
1575
2205
3223
4761
1420
3187
3068
3357
3996
4154
2172
4162
4798
1849
1856
3534
5048
1706
1384
3910
3742
4315
3349
3519
4024
2063
4221
4429
4899
3637
3706
4091
4841
3530
4264
1453
1461
3915
4323
3417
4331
4332
1459
2161
2206
4350
4335
4780
4781
3625
4770
4779
4990
1717
1768
3043
1516
4430
4457
5024
5089
1407
4019
3548
4056
3425
3754
4025
1886
4582
1758
2038
1759
2039
1993
3467
4043
4222
4961
1600
2007
4052
1460
1550
1864
2063
2377
3337
1634
4173
4369
2067
2142
4866
4993
3444
3701
4626
1659
3790
4341
5057
1688
1915
4392
4472
3591
3793
1565
1710
2015
4318
2109
4290
1522
1923
4270
4331
3461
4237
4997
3308
4425
4744
2098
2242
2097
2241
2103
2252
2102
2250
2101
2247
4418
4419
2023
4198
4200
2104
3154
3167
3607
4322
4719
1524
1678
3190
1469
3081
3544
4218
1612
1778
2049
2033
4140
1487
1891
3322
4627
4403
4547
3035
4907
1738
2888
3051
4275
1925
3563
3888
4217
4121
4509
1509
3874
4556
1508
3875
4553
3667
4348
4738
1563
3078
3201
4292
3546
3839
4227
4920
1480
1611
1859
4417
4419
2685
1832
3430
1879
3944
4905
5090
1919
2121
2564
4285
4668
3530
3843
4171
4276
3517
4849
3352
3842
3906
4102
3372
4403
4394
4417
1607
3877
3914
4098
4619
1733
2695
3525
3627
4066
4973
2901
3096
3342
4456
4501
1516
1847
3181
4457
1532
1712
1867
4324
3746
4058
3613
3830
3432
4498
3589
4739
4882
3405
3849
3938
4266
4300
3187
4327
3576
4028
2262
4229
1517
1748
2053
4890
1695
3345
3881
4758
5076
3061
4674
4797
4383
4490
3469
4726
1895
4720
4737
1501
4455
1529
1871
3691
4314
1643
1829
1644
1830
3657
1567
2037
4519
4731
1556
2507
2854
1624
3875
4211
1622
3874
4212
1646
1839
1838
2059
1837
2058
1836
2057
1557
2105
5078
5082
1835
2056
4394
4693
2666
3520
4026
4970
4302
4305
2888
3552
4878
4692
4742
3029
1603
1868
4192
4540
4571
3547
4413
4902
3699
4657
4817
1872
2680
3882
4014
4195
1679
1876
3715
1681
4743
1679
1852
1567
1711
4689
4731
3687
3681
3682
3683
3688
3684
3689
3669
1676
1746
1798
4922
3126
4951
1718
3597
3631
4226
4508
4526
2074
2402
3217
3239
2075
2403
3218
3240
3620
3667
4258
3761
1875
3294
3444
3464
3646
3921
4823
1685
1805
2045
2046
4953
3854
3880
4243
4297
2082
3047
1606
1729
2024
2031
3583
1661
1776
3341
3443
2377
3484
4353
1640
3638
4665
2046
2564
4668
1690
2020
1605
4947
4324
4658
3528
3616
3976
3846
4087
4206
1753
2290
3049
1688
4423
4472
2031
3347
3655
4145
1669
3925
4886
4220
3396
3743
3954
1605
1699
4839
4527
4532
1932
2271
4949
1641
3184
3619
4707
3571
3773
4185
3123
4392
4659
1619
1789
3479
1628
3270
3828
2510
4708
1671
1746
3420
4837
2663
2065
3266
3402
4520
4573
3068
3996
4766
1864
1867
2901
1991
3191
3539
4969
1841
4624
1773
2175
4504
4344
1755
1760
2185
3104
3711
4753
1639
1827
4679
1749
1763
3067
4664
3900
4321
4284
4641
4730
4734
3899
4320
1635
4244
4264
3058
4257
2860
4722
4953
3860
4052
2253
3568
4893
1737
2150
3313
3096
3342
3582
3095
3532
3552
3668
3822
3310
4277
3712
3876
3883
4687
3296
3611
4012
4218
3643
1842
3460
1864
3823
4319
4787
2747
4385
4984
1917
4452
1918
4442
2004
2180
3758
4533
1920
4428
3716
3726
3718
3717
3725
3728
3719
3727
3722
3723
3724
3660
4365
3653
1951
2054
3401
4092
4468
3773
4411
4492
3609
3637
4772
3338
4223
4775
4823
1907
4186
4475
1907
4186
4651
1876
3715
4345
3619
4707
1750
2183
2492
3602
4578
1807
1892
2028
3702
4342
4344
4343
4994
3932
4109
4700
4704
2078
3703
1991
3191
4226
3794
3855
1871
3414
2464
4317
2173
3991
4094
1842
1936
4663
3476
4061
4870
1701
1933
4709
1997
1739
2026
3379
2466
4906
1702
1714
2025
3605
1870
2271
2176
3320
1733
3634
1747
3193
4589
1739
2053
3379
1853
3011
4997
3746
3903
4138
3611
3979
5060
1880
3318
4387
2061
3595
4044
4273
2034
3788
4298
1861
4690
3050
3371
4809
3581
3948
4165
1803
2962
4231
4684
4701
3365
4976
5056
3911
4045
4847
3044
4324
4742
2104
4500
5072
1861
2510
3156
1913
2021
2029
2557
1933
4648
4691
2003
4656
3058
3290
3535
4137
1829
2168
3064
1830
2154
3065
1835
2351
3101
4239
4272
1836
2137
3110
1837
2156
3111
1838
2157
3112
1839
2145
3113
3647
4845
4213
4238
2099
3001
1994
3926
4068
3409
1954
3539
3821
3924
1776
2749
4368
1767
2980
1787
3403
1754
3415
3445
1886
1783
2957
3587
1782
2949
3588
4374
4490
1773
4498
4581
1786
1796
2124
1785
1795
2123
1929
1834
2089
3360
4683
4693
3661
4682
1828
2048
1950
3188
4182
4478
1952
3189
4183
4437
3051
4188
4703
1824
2036
3156
3198
4822
1943
3196
4184
4459
2496
2625
3064
2497
2628
3065
2299
4482
1820
3408
2259
3360
4506
4683
3661
4207
2409
3102
3629
3760
2410
3103
3628
3759
3465
3777
4030
2126
3319
4648
4670
1778
1784
2248
3123
3593
4659
2953
3869
4404
2626
3469
2231
3582
3967
4245
3621
3843
4910
1951
2493
4479
2165
4514
3577
3940
3960
4224
2077
4083
4649
2452
3645
2098
3092
2097
3093
2103
4586
2102
3094
2101
4600
3790
4339
2174
3711
1956
4807
3837
4214
3396
3594
3743
3752
4085
4864
1825
1999
3255
2130
2239
2131
2238
2007
3167
4192
1929
3741
4500
5040
3185
3748
4682
2052
2129
3854
4925
3179
3694
4206
2675
3424
3478
2860
4645
4768
2778
4407
5035
5037
2139
3101
1843
3640
4234
1981
2116
3441
1979
2113
3439
1980
2117
3440
1986
2119
3436
1985
2112
3435
1984
2120
3434
1983
2118
3433
1987
2111
3437
1988
2110
3438
1982
2143
2289
3474
3836
3858
2640
3690
4453
4398
4483
4939
1931
1957
3407
4237
3078
3734
4810
2091
2255
1903
3071
4962
4661
2096
2254
2148
4452
2246
4442
3367
4253
4786
2735
4482
4580
2006
2151
2134
2251
2169
3110
2164
3111
2177
3112
2178
3113
2244
4428
3048
3572
4187
4774
1869
2261
2268
3178
1863
1953
4326
4662
2022
2047
3815
4209
3539
3701
3821
3607
4719
2176
4469
4673
5014
1908
1927
3383
1910
1993
4043
4242
1932
4167
4846
1867
3414
3335
4219
2557
3341
4310
1965
4205
4720
3216
3383
3632
2038
2039
2072
4323
4906
3524
3625
3925
4770
3017
3466
3313
4411
4994
2332
4234
4446
3242
3269
3542
4812
3209
3456
4774
4852
3270
3426
3256
2020
3095
4252
3154
4050
1959
3350
4675
2181
4940
4314
3103
3540
3759
3102
3541
3760
2108
4688
4977
1888
3445
3463
4636
2059
2058
2057
2056
2026
2061
2961
4273
2695
4387
4699
1893
2158
1959
4632
2205
3223
3405
2144
2379
4397
2948
4479
4518
4571
3808
3983
4928
4049
3218
3902
3998
3217
3901
3999
2758
4729
3773
3910
4185
4492
3262
4094
4279
4671
3080
3238
3255
3734
4188
4810
2084
2889
3545
4533
3184
3916
4236
2045
2478
3043
2160
4207
3382
4532
4759
2332
4408
4507
2310
4310
2049
4179
4350
4514
3593
4659
4906
4266
5023
3382
4288
4289
3770
3797
4909
2194
3341
4701
3266
2292
4018
5003
2956
3707
3709
4468
3184
3267
3534
4026
4086
4230
3418
3420
3869
4120
4404
3847
3886
5073
3671
3788
3271
4176
4627
4854
1992
2037
4519
4554
3448
5001
1938
4300
3447
3627
3818
4904
3265
4782
2486
3011
3538
2079
2491
4488
3322
3881
3992
4269
2015
2072
2082
4318
2283
2595
3321
2305
3579
4546
4957
2086
2452
2176
4374
4469
2140
2488
4476
2201
4368
2146
2490
4491
3640
3978
4842
1968
3369
4727
4756
3051
3359
4275
3708
3886
2092
2699
4001
4592
2159
3200
2242
2241
2252
2250
2247
3190
3390
4737
3456
3567
3686
4148
2095
2010
2243
2487
4622
2016
2234
3301
2017
2530
3302
2018
2233
3303
2019
2218
3304
2011
2217
3305
2012
2215
3306
2013
2214
3307
3885
5006
5075
5094
3206
4196
4619
2287
3301
2286
3302
2285
3307
2265
3281
2282
3282
2293
3283
2294
3285
2279
3287
2280
3289
2281
3288
3197
3927
4942
3453
3871
3834
2277
4661
4679
2060
3185
3748
1999
3235
3939
3838
5005
5074
5093
2093
3348
4784
2071
2240
4640
3241
3410
4029
2358
3760
4212
2359
3759
4211
3264
4255
3035
3758
4306
4017
4685
4883
2090
3720
3380
4440
5057
4037
4225
4869
5055
2298
3304
2311
3303
2312
3305
2313
3306
3656
4220
4713
4761
3593
2301
3279
2350
3280
2315
3284
2317
3286
2854
4318
3368
3569
4710
3729
4231
4283
4173
4369
4610
3347
3442
3647
4697
4743
4160
4582
2127
3029
3130
2139
2144
2508
2310
3569
4730
3467
4222
4976
2245
3250
4259
4291
2635
4051
3391
3792
4867
3603
3622
4964
2091
2185
2338
4658
4661
3064
3065
2130
2197
2239
2575
2131
2198
2238
3006
4101
4304
4305
2091
2195
2255
2900
2096
2196
2254
2552
4645
4650
2307
4722
2183
2492
3174
2096
2388
2492
2901
3096
2141
3466
4273
2713
4621
3250
4708
4735
3360
3571
2201
2230
3703
5066
3110
3111
3112
3113
3235
3939
4242
3152
3163
3801
4680
3714
4313
3554
4765
2069
4255
3250
3581
3800
4291
3264
4625
4993
2134
2155
2251
2434
2109
3063
4290
3593
3614
3977
4372
4420
4644
4373
4421
4643
2253
3338
3568
2159
3173
3713
4736
4815
4922
2454
2721
4459
4521
4529
4981
3623
3679
4256
2854
2283
3005
3453
2259
4506
3311
3345
3410
4249
3082
4376
4642
2917
3603
4248
4287
2985
3245
3578
2134
2413
4589
3167
3763
4322
2439
2814
4631
4773
3348
3086
3252
3264
3421
3101
2415
2198
2238
2197
2239
4620
4621
2860
3234
4722
4768
2155
2251
2196
2254
2195
2255
3596
4815
2159
3173
3200
4650
3896
4178
4921
3785
4905
3366
3386
2281
2831
3122
2280
2830
3121
2294
2925
3120
2287
2922
3100
4309
4629
4670
2487
4570
2285
2832
3116
2286
2811
3131
2282
2829
3115
2279
2556
3107
2293
2913
3127
4672
4684
3073
3641
4265
2130
2321
3094
2131
2322
4600
2179
2721
3319
3387
4309
4317
4629
3250
3581
3854
2269
2270
2153
2167
2277
3741
4066
5066
2386
4409
4945
3204
3385
3558
4630
2164
2368
3007
3780
3917
3977
4917
2451
3045
2504
3690
4478
3466
4220
4713
3227
4246
2265
2489
2503
2465
2911
2244
2371
3010
2519
2999
4437
2509
3004
3432
4498
2168
2524
3166
4561
2405
4912
3204
4158
4630
3106
3460
4312
2246
2376
2511
2903
3087
2177
2369
3008
2178
2370
3009
2595
3321
4632
3458
4044
2936
4552
3254
4251
3019
3392
3489
2448
3008
2248
2304
4604
2942
3394
3490
4312
4505
2375
2512
2237
2351
3007
2997
3399
3491
2965
2992
3392
3244
4751
4971
3061
4674
2199
3827
4333
2231
2363
2826
2263
3009
2264
3010
2459
4507
4587
3054
4436
4914
3271
3275
4176
2314
4209
2750
3517
2299
2308
2946
3433
3493
3024
3434
3494
2972
3435
3495
2973
3437
3496
2974
3438
3497
3027
3440
3498
2553
3439
4531
2960
3441
4618
2557
3341
4822
2583
3089
2580
3094
2576
3092
2809
3093
2449
2451
2692
3045
2573
4364
3026
4622
4623
3104
3642
4752
4753
3416
3322
2216
2613
2622
2560
3489
3499
2909
3491
3500
2910
3493
3501
3012
3494
3502
2938
3497
3503
3022
3496
3504
2988
3495
4617
2313
2801
3016
2312
2924
3033
2333
3079
3207
2311
2923
3032
2317
2808
2989
3338
3646
3680
4823
2554
3499
3505
2562
3500
3506
3503
4575
4603
2959
3501
3508
3003
3504
3507
2977
3502
4614
2551
3505
3509
2939
3508
3510
2958
3509
3511
3023
3511
3512
2573
3513
2399
4581
3021
3513
3516
2315
2918
3031
2301
3014
3037
2930
3514
3541
2935
3515
3540
2435
2449
2729
2241
2242
2298
2828
4756
3177
4351
3017
3656
4735
3176
4375
2251
2499
4586
3627
4904
4973
2254
2255
3338
3680
3002
3516
3545
3699
4657
5001
3846
4087
5078
5082
3379
2665
4303
2904
3256
4613
4439
4606
2369
2455
2707
2370
2456
2714
2555
2975
2931
3394
4446
3274
3543
4352
4613
4624
2321
2575
4377
2322
2608
3006
3532
3735
3958
5095
2484
3083
5021
4615
4616
4638
2841
3279
3398
2839
3280
3400
3106
4554
2344
2384
2535
3053
2566
2979
2874
2982
2873
2981
2875
2978
2320
2596
2363
2505
2826
3046
2894
3016
2893
3015
2902
3014
2666
2503
4495
2813
4616
2473
2807
3040
3098
2713
2899
2986
2876
2987
2476
2558
3085
4596
2472
2559
3084
4593
2983
3281
3436
2861
2989
4388
4580
2319
2383
2603
4605
2869
2967
3555
3994
4721
2346
2387
2590
4590
2499
2609
3207
3653
2417
2573
2769
4364
2564
3194
3234
2338
2916
4388
2453
2497
2732
3000
3238
4734
2950
3031
2951
3032
3033
4602
2749
2944
3018
2411
2424
2790
2909
3020
4612
2440
2812
2988
4616
2387
2490
2513
2491
2515
4359
2681
3075
2941
3087
3078
3201
3463
3734
2533
3282
3490
2966
3283
3498
2545
3284
3506
2541
3285
3507
2905
3286
3510
2969
3287
3512
2531
3289
3515
2532
3288
3514
2746
2984
4350
4514
4604
2392
2446
2795
2939
2336
2393
2817
3151
2441
2816
2938
2340
2395
2799
2910
2439
2600
2430
2520
2679
2930
2353
2804
3143
2398
2443
2632
3153
2355
2443
2782
3160
3589
4011
4882
3030
3091
4316
2375
2390
2512
2542
2422
2488
2521
4041
4042
2432
2470
2792
3158
2432
2479
2671
3169
2514
2530
2968
2449
3045
2406
2518
2734
2942
2397
2765
2946
2411
2498
2562
2802
2522
2977
4613
2396
2815
2960
4631
2369
2448
2538
3008
3874
3875
2427
2620
2830
3121
2428
2716
2831
3122
2426
2586
2925
3120
2399
2857
2409
2629
3220
2410
2684
3219
2423
2754
2807
3098
2431
2523
2672
2935
2435
2448
2932
2933
2455
2934
2456
4351
4448
2391
2460
2560
2593
2398
2800
2913
3127
2404
2425
2694
3136
2524
4410
2453
2739
4375
3484
4680
2392
2718
2847
2905
2465
3135
2404
2794
2811
3131
2479
2717
2774
4583
3456
3862
4002
4774
2399
2509
2940
3386
3700
4649
2391
2450
2585
3019
2413
2434
4595
2519
2954
2415
2760
4523
2421
2501
2744
3003
2496
2751
2786
2890
3128
2780
3129
2818
3026
4622
2419
2437
2606
3141
2436
2766
3140
2810
2832
3116
2785
2829
3115
2907
3024
2602
2498
2545
2805
2838
2433
2614
2922
3100
3587
4644
4918
3588
4643
4919
2878
3027
3597
4226
4929
2461
2777
3090
2458
2730
2839
2955
2457
2759
2841
4361
2475
3171
2474
3170
2881
3133
2514
2530
2885
4347
2776
4470
2429
2965
2992
4363
2552
2887
2708
2768
2948
3036
2470
2884
3145
2469
2477
2883
3139
2467
2551
2882
2460
2467
2554
2880
2468
2879
3159
2444
2504
2937
2424
2544
2997
2877
3142
2872
2966
4346
2440
2548
2972
2442
2549
2973
2441
2550
2974
2709
3182
4439
2745
3042
4579
2752
3041
4584
2920
3002
2553
4568
4621
2605
2903
2537
3007
2446
2528
2959
2445
2527
2958
2949
3072
4354
4499
2898
2900
3161
4607
3144
4609
2468
2891
3155
2919
3012
2447
2615
4577
2469
2897
3157
2896
3146
2858
2912
4444
2770
3028
2483
2703
3097
2508
2650
4376
2511
2571
2491
4359
4594
2539
3009
2540
3010
2559
3084
4485
2558
2859
3085
2582
2676
4408
2591
3132
2536
2756
2931
3215
3790
3850
4339
2471
2584
2926
2983
3076
2529
3036
3820
4323
2601
3134
2607
3022
2604
3023
2543
3021
2556
2866
3107
3176
3398
3166
3399
2526
2684
3103
2525
2629
3102
3177
3400
2588
2969
4356
4635
4650
4653
2889
2943
2809
2964
3093
4598
2501
2541
2870
4601
2520
2532
2871
4380
2705
2992
4363
2489
2503
4611
2947
3082
4642
3538
4284
4730
2818
2504
2999
2555
2594
2519
3004
3005
4523
2518
2533
2892
4534
2523
2531
2895
4371
2512
2996
2511
4585
3108
4608
2610
3089
2952
4359
4360
4594
2546
3109
3478
4088
4563
3083
4577
2857
2947
2775
2953
4404
3095
3668
4252
2911
2929
4581
4605
3017
4735
3065
3064
2603
2954
2757
2955
2596
2952
2949
2971
3588
4354
2957
2964
2970
3587
2563
3105
4590
2547
3118
2590
2937
2782
2904
2565
3117
2928
3040
2645
3042
3055
2687
3041
3056
2606
2897
2766
2896
2741
2906
2911
3015
2982
3117
2981
3118
2978
3105
2898
2900
4458
3366
3386
4316
2561
4511
4513
2729
2932
2770
2933
2707
2934
2714
4448
2987
3109
2786
4410
2792
2884
2754
2877
3018
3108
2744
2870
2679
2871
2586
4607
2620
2891
2716
4609
3134
3141
2580
2597
3100
4620
3132
3134
2835
2926
2598
4357
4710
2688
4349
2674
4362
3128
3132
2727
2746
2984
3108
3133
2734
2892
4672
2672
2895
2825
4356
4357
2783
2886
4366
2791
2868
2951
2793
2867
2950
2803
2865
4355
2739
3000
2787
2863
3037
3145
2725
4349
4351
4596
2576
2686
2767
3072
2809
2846
3006
4486
2738
4362
4375
4593
2834
2903
2941
3087
2697
3075
2673
2840
2876
2925
2772
4360
4587
2900
2927
4458
2824
2866
2703
2890
4539
4354
4474
4499
2825
2883
2964
4473
4598
2954
2593
2880
2719
2808
4512
4612
2890
2835
4611
2596
2697
2887
2836
2866
2772
2952
4360
2898
2916
2880
2882
2857
2940
2940
2883
2897
4406
4595
2882
2879
2891
2941
4461
2610
2789
2927
2805
2838
4597
2811
2848
4438
3079
4391
2886
4568
2912
2937
2726
3963
5083
2733
2928
4358
2639
3931
4915
4916
2741
2911
2929
4433
2670
2778
4407
4480
2936
4378
4391
2843
2871
2873
2844
2874
2895
2996
4435
3316
5006
2722
2728
2764
4450
2700
4422
2645
2651
3946
4913
4914
2642
2728
4402
2907
2919
2731
3962
5084
2708
2762
4390
3342
4494
4576
2654
2751
4412
4572
4591
2726
2748
2762
2921
3408
4435
4529
4550
2732
3000
4542
4576
4550
4591
3042
2842
2875
2892
3317
5005
2748
4381
4916
2760
3174
4481
4523
2929
4462
2731
4399
4436
2725
4349
4502
2717
2736
4399
4436
2712
2751
4517
3707
4567
4573
3640
2659
4869
3816
2670
3193
4470
4589
2682
3638
3124
4230
4572
4574
3124
4089
4268
4838
5025
4398
4740
3720
3909
4874
2763
4464
2920
2943
4548
2870
2876
4485
4493
3699
2772
2914
4542
4574
2976
3292
4549
4014
4308
4377
4466
4463
2685
3292
2687
2767
4377
3041
2859
4502
2738
4362
4493
3257
3672
4934
2712
4445
4449
4517
3028
4462
3114
4053
4832
2872
2878
2700
2908
4422
4450
2781
3987
4120
5067
4001
5079
2701
4585
2728
4402
4450
2778
3984
5035
2705
3981
4933
5097
4460
3746
4138
4416
2933
2748
4381
4363
4460
2912
4444
4445
4449
3555
3913
2720
2996
4568
2934
3195
4414
4434
2736
3054
2719
2780
2847
2921
4435
4449
4587
4594
2764
2916
3968
4150
4235
2755
4448
4915
2773
4513
3028
2833
2859
4913
4402
4585
2807
4401
4535
2908
3430
4422
4400
2740
2739
3579
4546
2906
2809
4486
4598
3072
4487
4499
2879
3042
4549
2773
2914
4382
2762
2945
3416
4898
2996
3041
4548
2849
2894
4557
4401
4382
2777
4513
2833
2885
4068
4485
4503
2887
2806
2837
2861
4370
4470
4480
2908
4388
2785
2804
2799
4487
2906
4390
2884
2945
2932
3044
4389
2943
4400
2936
4378
4370
4595
4535
2801
2862
4557
2795
3075
4466
2919
2863
2902
2848
2885
2893
4551
4412
2869
4503
2852
2862
2868
3079
3207
2877
2881
2851
2867
2920
2850
2864
2878
4438
2896
2864
2944
4597
4611
4932
5021
2819
4935
5020
2804
2865
2907
2862
4599
2881
4608
2872
2899
4608
2808
4512
4358
4367
2815
2823
2848
2813
4607
3049
2815
4592
2817
4609
2818
2828
2837
2831
2843
4434
2830
2844
4433
2829
2842
4551
2832
2849
2835
2926
2836
4311
4504
2837
3034
2842
2844
2843
2849
2955
2903
4406
4357
2861
2944
3018
2968
3085
2925
4539
2967
3084
2875
2873
2874
3375
4114
4814
3006
4461
3020
4612
2893
2894
2918
2950
3031
2923
2951
3032
2924
3033
4602
3044
3123
4252
3629
3760
3900
4212
3628
3759
3899
4211
3690
4453
4577
4709
4367
4602
2915
2918
2913
2923
2924
3037
4361
4380
4371
4534
4601
2922
3415
3654
3169
4583
4347
4599
4346
4355
2915
4366
3243
3020
3129
3036
4580
3133
3142
3140
3143
4355
4389
4408
3014
3037
3071
3179
4962
2944
4444
4453
4366
2950
2951
2975
3089
4410
3118
4579
3090
4511
3117
4584
2953
3144
3151
3129
3146
3090
3105
4364
4368
3115
3143
3046
3135
4381
3092
4552
2968
3294
3563
2964
3093
3141
3157
3140
3146
3116
3210
4241
2963
4283
3013
4545
3182
4369
2986
3136
3279
4361
3280
2979
3139
4372
4473
4644
4373
4474
4643
3120
3161
3121
3155
3122
3144
2983
3281
4463
3160
4352
3282
4534
3287
4356
3319
4646
3288
4380
3289
4371
3107
4446
4511
3461
3731
3283
4346
3285
4601
3161
4615
3304
4367
3078
4292
3837
4216
3097
3026
4575
4623
4352
4614
4624
4615
4617
4638
3098
3142
3043
3052
3091
4670
4476
4590
4531
4620
3158
3169
3109
3159
4491
4605
3453
4488
3110
3111
3112
3113
3335
3153
3160
3729
4267
4283
3301
3302
4347
3307
4599
4713
3284
3097
3128
3286
3145
3158
3155
3159
3139
3157
3127
3153
3080
3249
3272
4201
4603
3131
3136
3172
4313
3053
4635
4653
3303
3305
3306
4756
5020
3135
3964
4898
5092
3423
3474
3608
4723
3166
4358
3091
3101
3082
4311
3797
4002
4056
3050
5011
3076
4316
4629
3173
4649
4533
4583
3102
3541
4579
3103
3540
4584
3921
4982
3732
3888
4217
4896
4588
4743
3198
4694
4710
4822
3700
4640
4889
3222
4246
4764
4866
4034
5030
3580
3614
3167
3426
4192
4634
3603
3092
3214
3652
3882
3792
4301
4303
3094
3366
4317
3210
3351
4618
3550
3296
4174
4849
3309
4495
4726
3398
3400
3264
4656
4600
3425
3560
4025
4194
4586
3394
4635
3532
4179
3392
3399
3319
3643
3439
3479
3779
3490
3460
4679
3436
3506
3507
3175
3815
4053
3433
3441
3515
3514
3764
3782
4820
4917
3435
3437
3438
3563
4217
4840
4958
3844
4788
3434
3489
3510
3172
3387
3440
3499
3500
3505
4479
3498
3748
4664
4682
4816
4862
3512
3501
3509
3491
3493
3497
3513
3508
3205
3442
3764
4109
3526
4963
5001
3181
3426
4634
3178
3362
3370
4312
3503
4603
3194
3443
4684
3494
3691
3496
3578
3608
3511
3516
3504
3502
3495
3203
3835
4651
3194
3234
4675
3811
4040
4944
3339
3574
4452
3424
3545
3219
3628
4711
3220
3629
4712
3714
4653
3175
3815
4481
4442
4593
4428
4596
3460
4663
4248
4741
3477
3786
3798
3607
4606
4610
3408
3823
3223
3656
3817
4761
3377
3793
3855
3631
4842
3686
3862
3972
4789
3364
4672
3747
3819
3340
3519
4289
3245
3578
3442
3647
3764
4917
3350
4645
4636
4665
3672
3934
4005
4941
3835
4009
5086
3618
3347
3655
4704
4604
4888
4084
4187
4294
3351
4631
3762
3814
4638
4200
4229
3847
5073
3850
4335
3888
4127
5048
3999
4420
3998
4421
4716
4715
3765
3781
4578
3229
3418
4232
4107
4295
4885
3293
3807
4956
3334
3377
4190
3462
3695
3420
3789
4764
3430
3869
3893
3987
4120
3836
4668
4908
3350
3458
3432
3738
3961
4791
3249
3999
4110
3998
4111
3242
3263
3367
4029
3256
4588
3832
4694
3750
4639
4746
4825
4828
3750
4639
3272
4734
3617
3840
4884
3421
3818
4904
3800
3812
3817
4291
3824
4268
4008
3565
3744
3304
3681
3306
3682
3305
3683
3303
3684
4282
3410
4164
4249
4674
3549
4139
4253
3905
3989
4079
3367
3592
4786
4021
3938
4641
3642
4752
4880
4561
3464
4978
3307
3687
3302
3688
3301
3689
3298
3297
3323
3326
3327
3299
3328
3300
3329
3324
3325
3732
4846
3840
3918
4099
4884
4116
4729
4940
4688
4785
4787
3736
3718
3719
3717
3716
4102
4755
4311
3530
4264
4276
3376
3485
3487
3365
3831
4261
3403
3530
3648
4667
3626
3792
4301
4987
5075
4986
5074
4733
4839
3802
4033
3561
3728
3722
3723
3727
3726
3725
3724
3771
4294
4852
4943
3796
3473
4688
4785
4780
4861
3793
4152
3803
3771
4943
4982
4345
4353
4877
4288
3416
4898
3562
3651
4891
3551
4153
3485
3550
3442
3480
4655
3397
3486
4768
4651
4773
3575
4666
4755
3926
4068
3374
4201
3903
4070
4555
4732
3614
3872
3664
3675
3806
4807
5011
3379
4933
3786
4071
4505
3625
3737
3757
4972
3747
4464
3831
4893
4647
3606
4694
3669
3448
3477
3786
4062
5038
4747
4900
3487
3550
3642
3779
4628
4249
4327
3740
3904
3940
4180
3397
3486
3577
3644
3473
4319
4785
3700
4646
4772
4777
4924
5002
5060
3451
4205
3792
5044
3449
4891
4911
4978
4028
4528
5033
4219
3519
4289
3413
3709
4994
4048
4240
4858
4107
5091
3743
3907
4163
3461
3731
3847
3472
3634
3783
4758
3639
3696
3856
3573
4467
4214
3715
3552
3668
4322
4719
4818
3741
4864
4872
3457
4625
4061
4522
3578
3754
4328
3947
4779
3566
3697
4840
4958
3931
4915
5070
5083
3825
4202
4698
4789
4701
3857
4911
4168
4703
3557
3558
3706
3559
4663
4963
3857
3860
4794
4870
3855
4151
3863
3880
3991
3871
4641
4850
4859
3686
3789
4762
4837
4242
3889
3960
4159
4191
3633
4246
3734
4703
4911
4940
4826
4690
4277
4792
3946
4913
5069
5084
3885
5006
4129
4203
3660
4456
3979
3558
3706
3608
3836
3553
3613
4067
4952
4963
3967
3779
4900
4863
3838
5005
4843
4851
4739
4800
3983
3487
4153
4759
4208
4321
3564
3775
4160
4271
4875
4942
4026
4086
4101
4892
3542
3561
3650
4854
3965
4175
5056
3785
3925
4763
3737
4295
3664
3675
4657
3951
4678
5020
3767
3976
4070
4320
3803
4172
4790
4949
4042
4983
3549
3810
4855
3804
4206
3950
4677
5021
3569
3606
4842
4029
4189
4522
3799
4271
3616
4857
4397
4087
4786
4894
4201
4153
5076
3576
4028
4306
3633
3695
3873
4106
3637
4772
4938
3618
4161
4328
4330
4269
4627
4978
5081
4118
3796
4582
3736
3744
4543
3834
4855
4852
4943
3649
3606
4827
4844
4890
3630
3770
3797
4247
4489
4500
3897
3906
3972
4067
4804
3632
3644
3782
4766
4820
4660
4555
3831
4976
3778
4065
4095
3942
4142
5099
3941
4143
5100
3674
3673
4336
4002
4056
3784
4812
4894
3694
4163
4286
4690
3622
4964
5090
3762
4126
4496
3899
4320
4711
3900
4321
4712
4079
4816
3639
3696
4839
4091
3884
4103
4697
4824
4634
3826
3990
4777
3863
3880
4297
3634
3979
3704
4496
4811
4821
3782
4064
4426
3903
4070
3675
3806
4974
4113
4787
4886
4829
3843
4927
4287
5082
4799
3823
4139
4319
4630
4304
4885
3899
3900
4084
4187
4228
3978
4691
4224
4896
4955
4012
4046
4832
5007
4047
4724
4833
5008
4199
4733
3882
4195
4814
4236
4003
4895
3780
4171
5025
3870
4029
4269
4798
4931
3731
3847
4275
3772
4259
4342
4830
4873
3705
4626
4968
4115
4887
4910
4144
4215
5085
4745
4801
4210
4817
3902
3998
4111
4135
3901
3999
4110
4132
4168
4108
4178
4846
3744
4143
4919
4142
4918
3845
4108
4156
4454
4662
5000
4796
4805
4072
3965
4623
4698
3809
4099
5059
3752
3973
4286
4669
4741
3873
4278
3781
4578
4137
4855
4232
4866
4993
4281
4968
4037
4225
4830
3785
4763
4055
4501
3857
4122
3954
4260
3940
4013
4180
4921
4047
4724
4073
5058
4083
4632
4881
4274
4676
4098
4648
4783
3827
3898
3865
4059
4570
4167
4257
4065
4122
4996
4073
5058
4174
3757
3808
3983
4141
4162
4971
5052
3883
4262
4263
3995
3930
3887
4057
4128
4177
4876
3926
3909
4835
4036
4676
4874
5054
3803
4219
3937
4165
4695
3777
4944
5073
4025
4194
4802
3947
4779
4907
3787
4036
4676
4818
4515
4853
4038
4088
3786
3798
4071
4637
4051
4848
4299
4102
4704
4095
4959
3796
4197
4037
5055
4065
4959
4845
5059
4515
4879
3977
4127
4834
4736
4945
4867
3878
4196
4888
4022
3827
3898
4333
4760
4020
5077
4012
4218
4633
3948
4429
4193
4223
3973
3897
4666
4036
5054
4983
3955
4671
4782
4791
4042
4884
4127
4894
5048
3886
4260
4107
5091
3966
4069
3898
3822
4035
4107
4259
4876
3915
4871
3924
4968
4139
4251
3864
4172
4267
3860
4021
4083
4161
4952
4149
5029
4405
4969
4001
4773
4678
4138
3974
4974
4059
4063
3864
4093
4714
3933
4007
4023
4248
4287
3869
3893
4848
3938
5081
4781
4016
4193
3916
4031
4236
4082
4901
3943
4879
4626
5088
4060
4808
4754
4054
4060
4002
4282
3906
4046
5007
4047
5008
4998
5071
4092
4926
4860
4090
4154
4027
3883
3981
4309
4762
4909
4097
4937
4925
3992
4239
4677
4944
3949
4009
4128
4064
4114
3958
4100
4131
5095
4121
4140
4054
4989
4640
4137
4180
4053
5063
5062
4901
4063
3932
4700
4757
3969
4085
4055
5051
4082
4117
4937
4970
4121
4707
4099
5059
3974
4065
3962
4130
5069
5084
4148
4112
4988
3963
4133
5070
5083
4181
4095
4157
5032
3952
4124
4986
3953
4123
4987
4174
4105
4215
5085
4637
5077
4078
4934
4125
5012
4975
4975
4129
4143
4142
4096
4964
4977
4119
5053
4104
4807
4009
4057
4075
4932
4076
4935
4124
5074
5093
4123
5075
5094
4144
4279
4956
4069
4077
4077
4080
5068
4023
4150
4156
5024
4119
4141
5065
5064
3988
5061
4895
4989
4150
4080
4979
4992
3990
4172
4020
4097
4256
4988
4204
4085
4100
4258
4992
4104
4907
4296
5028
4136
4140
4134
5087
5092
5012
5042
5045
4011
4039
4146
5018
5031
5086
4071
4637
5028
4078
4090
4108
4020
5077
4129
4147
5045
5031
4125
4117
5089
4157
4942
4081
4979
4198
4146
4042
4149
4126
4084
4794
4105
4835
4115
4811
4808
4677
5094
4678
5093
5087
4696
4783
5097
4239
5069
5098
5070
5096
5085
5099
5100
4197
4628
4956
4281
4996
5065
5068
5063
5064
5061
5062
5067
5079
5086
)


// ************************************************************************* //
