/*--------------------------------*- C++ -*----------------------------------*\
  =========                 |
  \\      /  F ield         | OpenFOAM: The Open Source CFD Toolbox
   \\    /   O peration     | Website:  https://openfoam.org
    \\  /    A nd           | Version:  8
     \\/     M anipulation  |
\*---------------------------------------------------------------------------*/
FoamFile
{
    version     2.0;
    format      ascii;
    class       volVectorField;
    location    "3.2";
    object      U;
}
// * * * * * * * * * * * * * * * * * * * * * * * * * * * * * * * * * * * * * //

dimensions      [0 1 -1 0 0 0 0];

internalField   nonuniform List<vector> 
1642
(
(4.82362e-06 -5.59484e-06 1.08789e-26)
(0.00194503 0.00511127 1.10752e-20)
(0.0024596 0.00482529 6.50291e-21)
(0.00207715 0.00424519 3.53208e-20)
(0.000896559 1.59318e-05 1.59697e-21)
(0.000719204 0.000128369 4.07853e-20)
(0.00110871 0.000159938 9.95584e-21)
(0.00108839 0.000254566 -7.37646e-24)
(0.000680191 0.000474308 9.68598e-21)
(0.000834604 0.000254891 2.57589e-20)
(0.00259563 0.00307002 -1.92522e-20)
(0.000347511 0.000937736 -2.0904e-20)
(0.000785239 0.00041266 2.53605e-20)
(0.000873095 0.000207593 -1.7281e-20)
(0.000476674 0.000392795 0)
(0.000667245 0.000465008 0)
(2.07462e-05 0.000247064 -1.36072e-20)
(-1.18913e-06 0.000208741 2.25429e-20)
(1.51691e-05 1.91282e-05 7.93983e-25)
(2.72922e-05 1.17062e-05 4.65706e-21)
(0.000888949 0.000111113 -6.60302e-21)
(0.000999087 0.000258147 7.58088e-21)
(0.000819962 0.00022469 0)
(0.00252451 6.73155e-05 -2.27132e-20)
(0.000340445 0.000235584 -3.76447e-20)
(1.96814e-05 0.000501134 -4.8291e-21)
(0.000804624 -0.000121495 1.48087e-20)
(8.22204e-05 0.000212921 0)
(0.00390017 0.00405695 6.5034e-22)
(0.00400194 0.00414822 2.51185e-22)
(0.00419073 0.00433214 -3.24854e-22)
(0.0010471 8.86643e-05 -1.15288e-20)
(0.000371611 0.00126262 0)
(4.06526e-05 -4.66798e-05 -4.9218e-21)
(0.000355102 0.000221098 1.14468e-20)
(0.00037541 0.000428238 -2.1451e-21)
(0.000909427 0.000344656 -3.75092e-20)
(0.00094017 2.5762e-05 3.58012e-22)
(0.000410746 0.000337371 -1.28471e-24)
(0.000903738 0.000236899 -1.13151e-20)
(0.000768887 0.000216948 0)
(1.92174e-05 4.52865e-05 -2.64933e-21)
(3.44376e-05 8.75622e-06 0)
(0.000610788 0.00474538 -2.3733e-20)
(-0.00119941 4.84397e-05 -2.20215e-21)
(0.000734501 4.02993e-05 -2.48407e-21)
(0.000850324 1.49549e-05 7.39808e-22)
(0.000484199 0.000114998 -5.15123e-21)
(0.000358765 0.000120255 -1.44983e-20)
(0.000673278 0.000378932 -2.21962e-20)
(3.40577e-05 8.55296e-05 -5.45027e-21)
(0.000740771 0.000435256 -7.07998e-21)
(1.61081e-05 -6.42851e-06 3.86327e-21)
(0.000288304 0.00471985 0)
(0.00254705 0.00377954 -1.72236e-20)
(0.00055921 0.000483493 1.11701e-21)
(0.00110277 0.000189048 -5.02762e-21)
(0.000196685 1.19701e-05 -7.50802e-21)
(0.00122081 0.000440947 -3.01995e-20)
(0.000358809 -0.000343877 0)
(0.00025949 0.000144799 0)
(0.000930732 5.36607e-05 -1.41098e-21)
(8.97566e-05 -7.73783e-05 4.13968e-21)
(0.00145382 0.000176618 -2.11667e-20)
(7.28177e-05 0.000425374 1.73631e-20)
(5.58169e-05 9.63313e-06 1.29038e-21)
(0.000110125 0.000124549 0)
(4.92351e-05 1.79006e-05 -5.25171e-21)
(0.000422334 0.000532079 5.82921e-21)
(5.82078e-06 6.29023e-05 -4.90139e-21)
(0.000318747 0.000100541 -1.39887e-20)
(7.87652e-05 0.000279237 -1.54245e-20)
(0.000245804 7.06104e-05 1.85504e-20)
(0.00085006 3.08564e-05 1.44286e-21)
(0.000478143 0.000626789 9.15357e-21)
(0.00132151 0.00153856 -2.37875e-21)
(0.00406421 0.0042196 1.27259e-24)
(0.00387646 0.00402682 0)
(0.00377271 0.00392045 -3.33618e-22)
(0.000425176 0.000178717 6.58178e-21)
(5.82384e-05 -1.71636e-07 2.64443e-21)
(3.44509e-05 2.06007e-05 1.82451e-20)
(0.00111904 0.000356299 -1.94916e-20)
(0.000939474 0.000472773 1.21242e-20)
(-0.00191527 0.00030257 0)
(0.00038183 0.000601506 -4.39835e-21)
(0.000405134 0.00054351 -1.68323e-20)
(1.05045e-05 -9.5088e-05 0)
(0.000553455 0.000589421 4.29635e-21)
(3.39532e-05 -3.28468e-05 -1.98576e-21)
(0.00106984 0.000123932 -7.9027e-21)
(0.000121281 0.000323861 3.19467e-20)
(0.000742739 0.000565681 -2.01435e-20)
(0.000448217 0.00045405 -8.72329e-21)
(0.00053209 0.000405489 -3.44529e-20)
(7.8835e-05 -0.000176849 -1.153e-21)
(0.000796343 0.000152737 -2.79426e-20)
(0.000565504 0.000337097 2.96098e-20)
(0.000350281 0.000314374 1.74624e-20)
(0.000452884 0.000537008 -1.16089e-20)
(0.000404105 0.000596421 2.16127e-20)
(0.000514908 0.000784973 0)
(2.92484e-05 -0.000212185 9.66867e-21)
(0.00433863 0.00434343 -1.50398e-22)
(0.00413413 0.0041519 2.17313e-20)
(0.0040384 0.00405223 5.85014e-21)
(0.00413873 0.00384782 2.3246e-20)
(0.00404475 0.00376132 2.40874e-22)
(0.00434722 0.00399881 4.46316e-21)
(0.00416303 0.00382518 -1.37482e-22)
(0.00413864 0.00385147 7.22416e-21)
(0.00406691 0.00372853 -9.02884e-21)
(0.00433196 0.00403439 0)
(0.00436072 0.00399772 7.82191e-21)
(0.00417 0.00382088 2.17475e-21)
(0.00416486 0.00381994 4.68087e-21)
(0.00435548 0.0039964 -1.51328e-21)
(0.00405524 0.00375891 0)
(0.00415161 0.00359681 0)
(0.00399843 0.00362329 1.00952e-20)
(0.00406297 0.00372891 -1.33749e-21)
(0.00412404 0.00292864 -2.88593e-20)
(0.00438599 0.00375964 0)
(0.000399214 0.000641185 4.26857e-21)
(0.000481475 0.000600626 0)
(0.000316922 -8.70148e-05 2.77937e-21)
(0.000948267 0.000252685 1.60792e-20)
(8.28565e-06 -6.42249e-05 0)
(0.000548699 0.000278 5.45444e-21)
(0.000596132 0.000325358 -1.60709e-20)
(0.000412647 2.84427e-05 0)
(0.000217136 -0.000103756 -2.71288e-21)
(2.32445e-05 -4.21417e-05 -1.16391e-21)
(0.00080422 0.000168731 1.00025e-20)
(5.75347e-05 -1.02203e-05 -4.57991e-26)
(3.26031e-05 -5.85624e-05 1.21944e-21)
(0.000610411 0.000281873 -3.00609e-21)
(0.000323608 -3.27063e-06 2.98802e-21)
(0.000598324 0.000234095 0)
(0.00063353 0.000272149 0)
(3.18437e-05 0.000386134 9.29729e-21)
(5.82358e-05 2.01599e-05 -1.75352e-21)
(9.67445e-05 7.59107e-05 0)
(0.000322345 5.92141e-05 1.26532e-20)
(0.000565505 0.000458151 4.36983e-20)
(6.48731e-05 0.000217142 1.63789e-20)
(0.000760338 0.000122489 0)
(4.9295e-05 0.000130291 2.25743e-20)
(0.000753599 0.000177889 -2.85878e-21)
(0.000692776 0.000187966 4.72378e-20)
(0.000281034 0.000188733 1.89668e-20)
(0.000845823 4.56838e-05 4.29413e-21)
(6.63296e-05 -1.53821e-05 -2.48014e-21)
(0.000315681 0.000235822 0)
(0.00108069 -0.000112328 1.36656e-20)
(0.000793397 0.000163069 0)
(0.000843642 0.000149976 -2.34681e-21)
(4.49863e-06 2.27723e-05 -1.5597e-20)
(6.80882e-06 -4.56979e-05 -7.40024e-23)
(-1.47856e-05 0.00029605 0)
(8.92332e-05 7.26887e-05 4.27543e-20)
(6.62278e-05 5.07551e-05 -4.5477e-21)
(0.000140936 -4.175e-05 1.23357e-21)
(0.000869603 0.000310944 0)
(5.68046e-06 -3.05644e-05 0)
(0.00084246 6.60676e-05 0)
(0.000845018 9.63936e-05 0)
(5.30583e-05 -1.9722e-05 -2.74313e-21)
(0.000872364 3.50817e-06 -6.23173e-21)
(2.29222e-05 -0.000194562 -2.29033e-21)
(-1.92799e-05 0.000303826 -2.30407e-20)
(-3.5868e-06 0.000176296 -1.99161e-20)
(5.09209e-06 4.87894e-05 4.82877e-21)
(1.35976e-06 0.000148276 2.02304e-20)
(0.000666618 -1.34104e-05 -7.31024e-21)
(2.27298e-05 -0.00011608 2.18671e-21)
(0.000779063 0.000236869 1.16019e-20)
(0.000355956 0.000146291 1.70279e-20)
(0.000605186 0.000226391 0)
(0.000543615 0.000507299 -4.40516e-21)
(0.000959933 0.00038593 1.01363e-20)
(3.99631e-05 2.0273e-05 1.63211e-20)
(0.000777838 0.00073872 4.38745e-21)
(3.59054e-06 3.27277e-05 7.81035e-21)
(3.70136e-06 0.000122764 0)
(0.000543743 0.000310284 1.20148e-20)
(0.000616803 9.51205e-05 1.06746e-21)
(4.96712e-05 -9.58773e-06 -1.08396e-20)
(0.00019764 -0.000185803 1.47735e-21)
(0.000915811 0.000328044 3.1988e-25)
(0.000479993 0.000490136 -7.97774e-26)
(0.000367741 0.000125936 -1.38492e-20)
(4.90649e-05 3.14551e-05 2.07735e-21)
(0.000298702 0.000278175 -9.13304e-21)
(0.000189607 -8.14991e-05 -2.60579e-21)
(0.000717337 -3.59529e-05 9.65994e-26)
(0.000395666 0.000622849 -1.03067e-21)
(5.06347e-05 -2.15843e-06 8.60842e-21)
(0.000296701 0.000433653 -2.16805e-20)
(0.000601342 0.000209055 3.69262e-20)
(6.38506e-05 1.06852e-05 -4.9281e-21)
(8.04341e-05 2.50909e-07 -3.08866e-22)
(0.000521567 0.000661035 -4.48788e-21)
(0.000633565 0.000433776 1.34222e-20)
(0.00102075 0.000136127 0)
(4.16971e-05 8.16933e-06 1.36474e-20)
(0.000397197 0.000222158 -1.02787e-20)
(0.0043427 0.00402555 -2.149e-20)
(0.00407047 0.00374105 -9.52522e-21)
(0.00416928 0.00383551 -8.81596e-21)
(0.00435455 0.00403101 -1.33486e-20)
(0.00433964 0.00403345 0)
(0.00283495 0.00290983 5.30136e-21)
(0.00283356 0.00290895 -2.6948e-23)
(0.00406925 0.00374822 -9.64186e-21)
(0.00434524 0.00402754 7.53726e-21)
(0.0041553 0.00384747 -1.09656e-20)
(0.00434591 0.00402545 -7.389e-21)
(0.00416713 0.0038418 9.00306e-21)
(0.00282439 0.00290224 0)
(0.00434474 0.00403136 0)
(0.00282107 0.00290301 -4.3032e-21)
(0.00434345 0.00403209 -6.68873e-21)
(0.00406874 0.00373552 -5.96889e-21)
(0.00434273 0.00402904 -1.75906e-20)
(0.00407077 0.00373634 0)
(0.00263958 0.00274133 -4.36287e-21)
(0.00439788 0.00400914 -3.64805e-20)
(0.00283962 0.00288623 1.92969e-20)
(0.0026918 0.00279535 -8.35283e-21)
(0.00283446 0.0029094 -1.52088e-20)
(0.00270184 0.00278444 -1.11768e-20)
(0.00283417 0.0029096 1.24711e-20)
(0.00283506 0.00289465 -1.34918e-20)
(0.00283779 0.00291039 -1.25706e-22)
(0.00282448 0.00290229 9.9927e-21)
(0.0026997 0.00278427 1.58562e-20)
(0.00282769 0.0029061 2.60581e-20)
(0.00434108 0.00403164 -8.21794e-21)
(0.00416533 0.00383056 -3.98754e-21)
(0.00445964 0.00399695 2.76476e-20)
(0.00415471 0.00384875 -1.4544e-22)
(0.00434557 0.00402929 7.72718e-21)
(0.00474557 0.00405096 -1.90811e-20)
(0.00435984 0.00401739 4.00569e-21)
(0.00416113 0.00383191 1.46344e-21)
(0.00283493 0.00291106 7.99015e-21)
(0.00290075 0.00296679 -1.86979e-20)
(0.0040574 0.00375909 0)
(0.0043523 0.00400727 -1.43585e-21)
(0.002823 0.0029175 2.99571e-21)
(0.00433982 0.00402822 -1.37406e-20)
(0.00408314 0.00375183 0)
(0.00426272 0.0038192 8.98713e-21)
(0.00436068 0.00400306 2.18888e-21)
(0.0041689 0.00382802 2.2733e-21)
(0.00407249 0.00373757 -2.62029e-21)
(0.00421873 0.00399871 1.98157e-20)
(0.00405277 0.00375549 1.23012e-20)
(0.00416947 0.00382726 -2.24347e-21)
(0.00405042 0.00375991 0)
(0.00414439 0.00391408 0)
(0.00416139 0.00394286 -1.66615e-20)
(0.00270514 0.00279509 3.07523e-21)
(0.00273585 0.00283144 -1.81906e-20)
(0.00414993 0.00389336 8.13535e-21)
(0.00406703 0.0037366 0)
(0.00415428 0.00385514 -1.30493e-20)
(0.00310735 0.0031263 -1.76933e-22)
(0.00415395 0.00385882 7.58837e-21)
(0.00283272 0.00290662 -8.3021e-21)
(0.00435997 0.00400387 -2.21797e-21)
(0.00264437 0.00275107 5.28794e-21)
(0.00405054 0.00376143 8.1285e-21)
(0.00435078 0.00402257 8.80284e-21)
(0.00432611 0.00388694 0)
(0.00271938 0.00278104 -3.08443e-20)
(0.00415297 0.00385052 1.43143e-20)
(0.00434048 0.00402744 7.06092e-21)
(0.00270404 0.00277767 1.55583e-22)
(0.0028269 0.00291808 -8.12712e-21)
(0.00268775 0.00278793 2.60807e-21)
(0.00282421 0.00289555 -7.00768e-21)
(0.00340568 0.00333955 -1.98366e-20)
(0.00434778 0.00400335 -2.43091e-21)
(0.00416677 0.00383591 0)
(0.00271129 0.00278504 5.72578e-21)
(0.00405168 0.00375989 0)
(0.00270849 0.00279515 -2.97498e-21)
(0.00264983 0.00272354 1.93323e-20)
(0.0043582 0.0040078 0)
(0.00406766 0.00374295 7.81131e-21)
(0.00405253 0.00375732 7.42744e-21)
(0.00436235 0.00401629 7.45229e-21)
(0.00280521 0.00291266 2.54757e-21)
(0.00271592 0.0027878 0)
(0.00281138 0.00291084 5.92663e-21)
(0.00292645 0.00292755 2.10551e-20)
(0.00299124 0.00297302 0)
(0.00415246 0.00385457 1.36622e-20)
(0.00406542 0.0037379 4.37789e-21)
(0.00280285 0.00291149 -1.76404e-21)
(0.00416868 0.00382778 -3.9727e-21)
(0.002649 0.002746 6.42732e-21)
(0.00268548 0.00278737 -5.27781e-21)
(0.0040531 0.00375496 -1.20251e-20)
(0.00265198 0.00269253 0)
(0.00263377 0.00272509 -1.5548e-20)
(0.00281455 0.00292649 1.74321e-21)
(0.00435969 0.00400346 -3.874e-21)
(0.00269577 0.00280244 1.78891e-21)
(0.00269542 0.00280138 0)
(0.00283547 0.00290419 8.54345e-21)
(0.00328925 0.00328704 0)
(0.00271404 0.00278144 -2.22433e-20)
(0.00282615 0.00292342 -2.90878e-21)
(0.00263834 0.00273192 1.4527e-25)
(0.0026371 0.00273796 -8.72837e-21)
(0.00407052 0.00373649 -8.91479e-21)
(0.00434049 0.00400229 -1.85066e-21)
(0.00330872 0.00356474 -1.04516e-20)
(0.00282969 0.00288047 -4.83607e-21)
(0.00267736 0.00277967 0)
(0.00265391 0.00270998 1.73546e-20)
(0.00480023 0.00399641 -1.94026e-20)
(0.00442411 0.00467233 1.00975e-20)
(0.00270256 0.00278244 0)
(0.00422806 0.00382013 8.5723e-21)
(0.00277184 0.002802 5.07235e-22)
(0.00405016 0.00375613 0)
(0.00283046 0.00290883 -1.55903e-20)
(0.00266149 0.00272603 -3.29747e-20)
(0.00406275 0.00373781 -1.74812e-21)
(0.00416725 0.00383252 7.82756e-21)
(0.00434261 0.00402747 5.80642e-21)
(0.00435847 0.00400696 5.52168e-21)
(0.00264881 0.00274469 -1.90718e-21)
(0.00264851 0.00274245 3.31605e-21)
(0.00264049 0.00270921 0)
(0.00264357 0.00274135 4.03864e-21)
(0.00406877 0.00374146 0)
(0.00415324 0.00385279 -4.63418e-24)
(0.00411248 0.00373864 0)
(0.00270902 0.00276677 1.61575e-20)
(0.00435848 0.00400684 7.63625e-21)
(0.00269569 0.00275517 0)
(0.00346954 0.0034714 1.0512e-20)
(0.00348797 0.00347665 -3.02115e-20)
(0.00282614 0.00292009 0)
(0.00282216 0.00293166 0)
(0.00271496 0.00278019 -7.25975e-21)
(0.00266116 0.00272656 -8.85305e-21)
(0.00406458 0.00373964 4.02678e-21)
(0.00424501 0.00417208 0)
(0.00416667 0.00383337 5.64943e-21)
(0.00432416 0.00399882 7.02968e-22)
(0.00270371 0.00280513 0)
(0.00413198 0.00382173 -2.49488e-21)
(0.00357493 0.00353616 7.59396e-23)
(0.00416347 0.00383785 7.05646e-21)
(0.00265764 0.00271896 -5.20514e-21)
(0.00271643 0.00278013 9.56515e-21)
(0.00434523 0.00403139 9.04474e-21)
(0.00415369 0.00385395 1.5439e-22)
(0.00415548 0.00385434 -4.65036e-21)
(0.00269356 0.00279032 3.76268e-21)
(0.00405025 0.00375946 5.36863e-21)
(0.00283209 0.002899 1.43926e-20)
(0.00405516 0.00376088 -1.02662e-20)
(0.00464002 0.00508676 0)
(0.00259875 0.0026347 -9.63549e-22)
(0.00265086 0.00271737 -6.75952e-21)
(0.00415159 0.00385151 -6.72678e-21)
(0.00416708 0.00384211 9.81735e-21)
(0.00270008 0.00276925 0)
(0.00517493 0.00444045 -1.94953e-20)
(0.00405112 0.00375745 -1.35503e-20)
(0.00283642 0.00290155 1.69486e-20)
(0.00265457 0.00272141 -8.64825e-21)
(0.00415332 0.00385889 1.54871e-20)
(0.00264907 0.00271662 0)
(0.00265218 0.00272314 1.45751e-20)
(0.0026478 0.00274281 1.18008e-20)
(0.00270615 0.00276547 0)
(0.00416535 0.00384106 6.96806e-21)
(0.00435893 0.0040129 -1.25301e-20)
(0.00434216 0.0040261 -5.18606e-21)
(0.00435049 0.00400852 1.4712e-21)
(0.00434218 0.00402735 1.12539e-20)
(0.00433542 0.00403372 -1.4424e-20)
(0.00283225 0.00290268 0)
(0.0026662 0.00273289 -1.98349e-20)
(0.00264742 0.0027054 5.27995e-21)
(0.00416042 0.00383193 -1.49745e-21)
(0.00273067 0.00282798 -2.59347e-20)
(0.00267856 0.0027837 1.92302e-21)
(0.00282508 0.00284854 -1.03589e-20)
(0.00281306 0.00290866 -7.96709e-21)
(0.00415349 0.00385006 6.01011e-21)
(0.0043597 0.00401476 3.27256e-21)
(0.00265395 0.00272267 -9.15195e-21)
(0.00405354 0.00376207 0)
(0.00405225 0.00376007 4.46361e-20)
(0.00406281 0.00373708 3.06226e-21)
(0.00281232 0.00292395 -2.10717e-21)
(0.00263492 0.0027367 -2.61444e-21)
(0.00264277 0.00274218 2.66897e-21)
(0.00283284 0.00290822 3.03595e-20)
(0.0040502 0.00376206 1.64525e-20)
(0.00282672 0.00292553 6.31753e-21)
(0.00271171 0.00278446 6.53942e-21)
(0.00282699 0.0029024 -3.001e-20)
(0.00266293 0.002724 8.40367e-21)
(0.00406886 0.00374169 3.18137e-21)
(0.00266137 0.00272542 2.78053e-20)
(0.00405442 0.00375893 -1.86481e-20)
(0.00277195 0.00283141 -8.10335e-21)
(0.00281246 0.00291055 0)
(0.00266352 0.00272926 2.85934e-20)
(0.00415491 0.0038482 -5.76758e-21)
(0.00269428 0.00278622 0)
(0.00264776 0.00272269 -6.16017e-21)
(0.00269462 0.00280119 4.74322e-24)
(0.00405784 0.00373398 0)
(0.00407092 0.00373717 -2.75483e-21)
(0.00279822 0.00291104 4.69423e-21)
(0.00434467 0.0040326 6.38235e-21)
(0.00407318 0.00373655 -5.20239e-21)
(0.00415418 0.0038544 6.6816e-21)
(0.00263265 0.00273577 -8.56724e-21)
(0.00405112 0.00376086 -1.54484e-20)
(0.00415391 0.0038775 -3.15548e-20)
(0.00415236 0.00386731 1.57274e-20)
(0.00269385 0.0027855 3.35428e-21)
(0.0028147 0.00291448 0)
(0.00405223 0.00375459 -2.81588e-20)
(0.00282738 0.00288616 0)
(0.00264288 0.00271789 6.84231e-21)
(0.00436752 0.0040174 8.89912e-21)
(0.00263359 0.002729 4.78932e-21)
(0.00270809 0.00278369 6.80548e-21)
(0.00297407 0.00302507 9.4021e-21)
(0.00282718 0.00290621 1.2689e-22)
(0.00263532 0.00273609 -8.05725e-21)
(0.00263708 0.00273918 -5.69247e-21)
(0.0027038 0.00279641 -7.07026e-21)
(0.00436152 0.00400483 -2.56317e-21)
(0.00269233 0.00279308 3.98922e-21)
(0.0028089 0.00277916 -8.21252e-21)
(0.00417054 0.00382992 -2.62787e-21)
(0.00434375 0.00403072 -1.21262e-20)
(0.00424975 0.00378229 0)
(0.00415425 0.00385164 1.45169e-20)
(0.00265448 0.0027212 1.41389e-20)
(0.00282589 0.00289961 3.4404e-20)
(0.00282999 0.00290127 -3.37597e-20)
(0.00402803 0.00373255 -3.47666e-21)
(0.00270803 0.00279478 -9.76805e-21)
(0.00419419 0.00397612 8.01679e-21)
(0.00406968 0.00374305 0)
(0.00271204 0.00278464 1.82228e-20)
(0.00279413 0.00290448 -6.93801e-22)
(0.00405361 0.00375856 0)
(0.00265811 0.00272461 3.82078e-25)
(0.0043401 0.00402751 -2.5443e-20)
(0.00439548 0.00383658 -9.5366e-21)
(0.00500611 0.0042258 9.65628e-21)
(0.00434069 0.00403175 0)
(0.00405108 0.00376001 8.26498e-21)
(0.0027175 0.00278984 6.4183e-21)
(0.00495603 0.00447516 0)
(0.00281393 0.00280537 0)
(0.00298725 0.00296713 -3.19023e-20)
(0.00266233 0.00272444 0)
(0.00416691 0.00374224 0)
(0.00265933 0.00272341 0)
(0.00265931 0.00272337 0)
(0.00263347 0.00272761 -1.78601e-21)
(0.00263182 0.00273451 2.02409e-21)
(0.00282731 0.00289598 1.78085e-20)
(0.00283616 0.00290961 2.33074e-20)
(0.00434229 0.00402655 -7.0205e-21)
(0.00264626 0.00274736 2.22471e-21)
(0.00431121 0.00399489 -1.79693e-22)
(0.00269675 0.00278939 8.79516e-21)
(0.00435815 0.00401975 4.14145e-21)
(0.00261101 0.00272269 -1.36002e-20)
(0.00416719 0.00382909 3.79615e-21)
(0.00406648 0.00375732 0)
(0.00497366 0.00418304 -9.6614e-21)
(0.00263653 0.0027332 0)
(0.00271145 0.00277831 7.60769e-21)
(0.00271781 0.00277973 -7.99209e-21)
(0.00281577 0.00290981 0)
(0.00276532 0.00275922 -1.56608e-22)
(0.00265205 0.00272421 6.26735e-21)
(0.00272157 0.00276382 8.23569e-21)
(0.00271705 0.0027713 -1.01578e-20)
(0.0028212 0.0029004 1.35531e-20)
(0.00268774 0.00321217 4.5004e-20)
(0.00412107 0.00381757 -5.59533e-23)
(0.00434508 0.00402726 -7.77812e-21)
(0.00274343 0.00275934 -2.51745e-20)
(0.00269584 0.00279941 1.01659e-21)
(0.00353264 0.00351041 -1.07387e-20)
(0.00264602 0.00269899 1.81559e-20)
(0.00434324 0.00402656 8.4386e-21)
(0.0026947 0.00277899 9.38397e-21)
(0.0028116 0.00290829 9.17577e-21)
(0.0028252 0.00287751 5.55674e-21)
(0.00285323 0.00292821 -9.39992e-21)
(0.00271552 0.0027862 0)
(0.00270937 0.00278458 1.39728e-20)
(0.00269194 0.00279514 4.39474e-21)
(0.00265374 0.00270626 2.82767e-20)
(0.00282697 0.0029227 0)
(0.00265847 0.00271153 -1.64191e-20)
(0.00416432 0.003852 0)
(0.00278348 0.00290759 -5.2123e-21)
(0.0029589 0.00295622 9.83133e-21)
(0.00416668 0.00382802 0)
(0.00269571 0.00279135 -3.95478e-24)
(0.00281362 0.00291784 -4.13223e-24)
(0.00273965 0.00278869 0)
(0.00316834 0.00309842 -9.72341e-21)
(0.00434601 0.00402785 -2.09898e-20)
(0.00269442 0.00278184 -1.2857e-23)
(0.00261932 0.00273121 0)
(0.00405118 0.00376127 7.78875e-21)
(0.00435847 0.00400441 -3.69438e-21)
(0.00264188 0.00271712 1.43241e-21)
(0.00282969 0.00290648 -8.03763e-21)
(0.00265543 0.00272215 0)
(0.00265258 0.00272374 -1.48983e-20)
(0.00284289 0.00291326 2.10597e-20)
(0.0041566 0.00382824 -3.66375e-21)
(0.00265902 0.00272626 -1.51506e-20)
(0.00281242 0.00290723 0)
(0.00415254 0.00382948 -9.91244e-22)
(0.00283255 0.00290551 -2.63513e-20)
(0.00416595 0.00383332 -3.75348e-21)
(0.00268182 0.00278698 -9.70324e-21)
(0.00405041 0.00376032 0)
(0.00263169 0.00272792 -6.14821e-21)
(0.00281701 0.00290525 1.39909e-22)
(0.00283231 0.00288039 5.07764e-21)
(0.00281341 0.00292439 3.88575e-21)
(0.00235285 0.00208643 0)
(0.0026496 0.00273 4.85098e-21)
(0.00272359 0.00277819 -1.62431e-20)
(0.00433961 0.00403043 3.36338e-20)
(0.00281046 0.00291833 4.28873e-21)
(0.00401376 0.0037261 8.65748e-22)
(0.00406528 0.00374285 -7.86082e-21)
(0.00515238 0.0048011 9.69309e-21)
(0.00284502 0.00291788 -8.85675e-21)
(0.00269968 0.00275193 -5.75435e-21)
(0.00435914 0.00401137 9.44284e-21)
(0.00281547 0.00286995 5.79774e-21)
(0.00414922 0.00382726 9.0346e-22)
(0.00278534 0.00290528 -3.10299e-23)
(0.00274839 0.00272445 -2.47034e-20)
(0.00269028 0.00278752 0)
(0.00434378 0.0040324 0)
(0.00404722 0.00375903 1.61354e-20)
(0.0028193 0.0029237 2.3213e-21)
(0.00406601 0.00373833 1.791e-21)
(0.0026923 0.00279241 6.09853e-21)
(0.00278727 0.00290955 0)
(0.00269674 0.0027808 -1.09662e-20)
(0.00405332 0.0037553 0)
(0.00281893 0.00287026 -1.08052e-20)
(0.00406721 0.00375941 -1.90946e-20)
(0.00270305 0.00275366 6.12896e-21)
(0.00264098 0.00272938 -5.66919e-21)
(0.00266495 0.0027854 -5.33476e-21)
(0.00456736 0.00388266 1.95519e-20)
(0.00405042 0.00376117 -1.68665e-20)
(0.00436053 0.00401486 0)
(0.00416559 0.00394976 1.41121e-20)
(0.0028257 0.0028719 -5.4853e-25)
(0.0026949 0.00278476 -5.30153e-21)
(0.00264678 0.00270038 5.64463e-21)
(0.00435981 0.00401652 0)
(0.00415211 0.00385302 0)
(0.00415426 0.0038486 -6.0199e-21)
(0.002825 0.00287815 1.15717e-20)
(0.00264461 0.00272377 -1.17173e-20)
(0.00283057 0.00290596 0)
(0.00415354 0.00385745 2.91799e-20)
(0.00264644 0.00272727 1.69626e-20)
(0.00281688 0.00290252 0)
(0.00456871 0.00400663 0)
(0.00262388 0.00273038 -1.00222e-20)
(0.00435877 0.00400608 -3.46904e-21)
(0.0027029 0.00276062 5.26371e-21)
(0.00282487 0.00287972 0)
(0.00262652 0.00272782 -2.40434e-21)
(0.00267131 0.00278958 6.67079e-21)
(0.00270081 0.0028 2.3772e-21)
(0.00416693 0.0038305 3.49178e-21)
(0.00405281 0.00376152 1.3189e-20)
(0.00267919 0.0027876 -9.36624e-21)
(0.00278367 0.00290214 -1.53174e-22)
(0.00435959 0.00402357 4.30818e-21)
(0.00270154 0.00276258 0)
(0.0026277 0.00273078 0)
(0.0043441 0.0040284 0)
(0.00180745 0.00168158 0)
(0.00434385 0.00400378 0)
(0.00265022 0.00273674 -3.52563e-21)
(0.00270356 0.00275797 1.30494e-20)
(0.00282585 0.00288492 -8.84673e-21)
(0.00407001 0.0037372 4.65498e-21)
(0.00264961 0.00270718 2.63397e-20)
(0.00261302 0.00271837 -3.8541e-21)
(0.00279089 0.0029117 0)
(0.00416848 0.00384125 -3.1881e-21)
(0.00269365 0.00275469 0)
(0.00261038 0.00272438 1.32441e-22)
(0.00270764 0.00278786 -8.89241e-21)
(0.00261362 0.00272195 1.05415e-20)
(0.00278989 0.0029119 4.39182e-21)
(0.00282012 0.00286929 -1.82379e-20)
(0.00278618 0.00290198 -3.15124e-23)
(0.00265138 0.00270251 -1.7595e-20)
(0.00282428 0.00283797 9.2406e-21)
(0.00261732 0.00272881 0)
(0.00264714 0.00269805 0)
(0.0026719 0.00278917 0)
(0.00130206 0.00174403 2.86181e-20)
(0.00281939 0.00287186 -9.22447e-24)
(0.00266586 0.00278544 5.74882e-21)
(0.00281745 0.0028722 -2.49608e-20)
(0.00266829 0.00278083 -3.05548e-23)
(0.00264241 0.00269347 -3.09843e-20)
(0.00273188 0.00272425 0)
(0.00416959 0.00383013 8.35407e-21)
(0.00260864 0.00272313 0)
(0.00264059 0.00269405 -1.62024e-20)
(0.00278952 0.00289413 0)
(0.00267669 0.00277612 1.04076e-20)
(0.00278441 0.00289877 3.51833e-21)
(0.00267705 0.00277624 7.20192e-21)
(0.00278937 0.00295462 8.77873e-22)
(0.00266807 0.00283313 -7.41891e-22)
(0.00282164 0.00287958 -7.84387e-21)
(0.00270697 0.00275388 -7.65431e-21)
(0.00280014 0.0030536 1.26567e-21)
(0.00281813 0.00287434 -1.54288e-20)
(0.00278437 0.00290786 5.61927e-21)
(0.00269695 0.00274936 6.38988e-21)
(0.00266852 0.00278749 0)
(0.00266951 0.00277573 6.43333e-21)
(0.00278174 0.00290462 -3.05484e-21)
(0.0026636 0.00278185 -3.12417e-21)
(0.00271035 0.00274054 -7.94241e-21)
(0.00264045 0.00269437 -1.68553e-20)
(0.00282097 0.00288184 -2.41387e-20)
(0.00274035 0.00270607 -8.07333e-21)
(0.00278191 0.0029384 5.66068e-21)
(0.00282155 0.00287503 -6.85552e-21)
(0.00264485 0.00269939 1.37986e-20)
(0.00269659 0.00275222 -1.42085e-20)
(0.00266608 0.00278728 0)
(0.00265662 0.00280954 -2.73072e-20)
(0.00405393 0.00373332 0)
(0.00279656 0.00289615 -7.94466e-21)
(0.0028074 0.00273065 -2.83176e-20)
(0.00279476 0.00289705 -4.27588e-21)
(0.00264873 0.00270119 1.62853e-20)
(0.0020894 0.00208801 3.40449e-20)
(0.00261977 0.00272163 1.22002e-20)
(0.00278432 0.00290927 0)
(0.00278881 0.00289845 -7.34112e-21)
(0.00272002 0.00277384 8.16384e-21)
(0.00282815 0.00288758 2.67228e-20)
(0.00264831 0.0027002 -1.56206e-20)
(0.00264511 0.00269607 0)
(0.0026778 0.00292965 2.07462e-21)
(0.00281953 0.0028792 2.65372e-20)
(0.0028305 0.00288043 0)
(0.00282998 0.00288505 -7.45801e-24)
(0.00264906 0.00264229 2.86935e-24)
(0.0026216 0.00271506 1.14392e-23)
(0.00281264 0.00287277 -8.12647e-21)
(0.00282365 0.00287491 -8.08545e-24)
(0.0026502 0.0027259 1.8089e-20)
(0.00265369 0.00268971 -1.96066e-20)
(0.00264693 0.0026977 -9.5227e-21)
(0.00263389 0.00272954 -9.72895e-21)
(0.00275249 0.00290248 1.57557e-23)
(0.0026419 0.00269529 -1.75244e-20)
(0.00261201 0.0027247 -5.17795e-21)
(0.00274655 0.00279751 -8.54203e-21)
(0.00406947 0.00373989 -3.30167e-21)
(0.00275576 0.00287136 -2.79058e-20)
(0.00279414 0.00293061 -9.75426e-22)
(0.00267413 0.00280812 -1.08658e-22)
(0.00264901 0.0027021 0)
(0.00264538 0.00269523 0)
(0.00261465 0.00272647 -2.33768e-21)
(0.0026188 0.0027207 -1.66571e-22)
(0.0026096 0.00272542 -2.83677e-21)
(0.00261165 0.00272523 -6.33979e-21)
(0.00260769 0.00272441 6.36944e-21)
(0.00404375 0.00373336 3.01756e-21)
(0.00265459 0.00270316 -1.82735e-20)
(3.05751e-05 2.29263e-05 -1.11994e-20)
(4.53397e-05 -1.6457e-05 5.53127e-21)
(9.2976e-05 0.000121677 1.55156e-21)
(0.000183468 -3.58736e-05 2.42003e-21)
(0.00100983 8.34693e-05 0)
(6.94265e-05 7.32254e-05 -1.00025e-21)
(0.000623148 0.000361534 4.15871e-20)
(5.86139e-05 0.00014576 0)
(0.000216252 -4.20812e-05 0)
(8.05057e-05 -1.78638e-05 -1.62418e-22)
(0.000610692 9.89952e-05 -1.59483e-20)
(0.00404023 0.00405533 -1.15307e-20)
(0.00403523 0.00404891 5.51866e-21)
(0.00433887 0.00434789 7.60419e-23)
(0.00415745 0.00381871 1.4394e-20)
(0.00405896 0.00372484 1.52409e-20)
(0.00413275 0.00414884 0)
(0.00433836 0.00434675 -5.29296e-21)
(0.0040288 0.00405799 -1.00178e-20)
(0.00413157 0.0041596 0)
(0.00414457 0.00415114 0)
(0.00405002 0.00376024 -1.32348e-20)
(0.00414995 0.00415469 -1.1994e-20)
(0.00404959 0.0037607 7.09897e-21)
(0.00401964 0.00407291 5.09116e-21)
(0.0043373 0.00434501 0)
(0.00414037 0.00415083 6.69186e-21)
(0.00404778 0.00405098 2.15203e-20)
(0.00414246 0.00414966 1.28293e-20)
(0.00433773 0.00434768 0)
(0.00433882 0.00434852 0)
(0.00414069 0.00415566 -2.03209e-20)
(0.00433305 0.00433947 6.02859e-21)
(0.00401621 0.00406997 0)
(0.00402185 0.00407263 0)
(0.00431063 0.00436312 0)
(0.0043125 0.00436091 -7.35557e-21)
(0.00412582 0.00417126 0)
(0.00402022 0.0040705 -3.63555e-21)
(0.00412472 0.00416852 -6.90859e-21)
(0.00431325 0.00436675 4.2705e-21)
(0.00433479 0.00434236 -6.14678e-21)
(0.00431293 0.0043669 1.59641e-20)
(0.0040213 0.00407025 0)
(0.00431375 0.00436387 -7.71351e-21)
(0.00431173 0.00436131 0)
(0.0043357 0.00434209 -9.82335e-21)
(0.00402144 0.00407031 3.65564e-21)
(0.00412318 0.00416685 -9.77482e-21)
(0.0043353 0.00403238 0)
(0.00404558 0.00405156 -1.50845e-20)
(0.00415403 0.00414958 -7.48602e-21)
(0.00431067 0.00436443 -1.24233e-20)
(0.00404534 0.00405169 -1.52254e-20)
(0.00430997 0.00436404 0)
(0.0040448 0.00405227 0)
(0.00433058 0.00433988 1.26884e-20)
(0.00433522 0.00403173 1.47686e-20)
(0.00412264 0.00416726 3.18364e-21)
(0.00433899 0.00403007 -6.7917e-21)
(0.00411922 0.00417466 5.83102e-21)
(0.00431097 0.00436968 5.69762e-21)
(0.00404466 0.00405207 -8.14927e-21)
(0.0040442 0.00405306 8.44991e-21)
(0.00401599 0.00407141 6.22206e-21)
(0.00412228 0.00417015 -6.05159e-21)
(0.00431215 0.0043666 -5.92367e-21)
(0.0040441 0.00405242 0)
(0.00404453 0.00405271 8.11556e-21)
(0.00401492 0.00407069 -6.5117e-21)
(0.00430816 0.00437064 -5.22587e-21)
(0.00415609 0.00414901 -1.56208e-20)
(0.00411679 0.00417566 -5.34822e-21)
(0.00420105 0.00411872 0)
(0.00416267 0.00414608 -7.89047e-21)
(0.00401563 0.0040753 -7.24525e-21)
(0.00433393 0.00434358 -1.48899e-20)
(0.00404393 0.00405311 -2.55509e-20)
(0.00417693 0.00413823 1.59515e-20)
(0.00404373 0.00405174 -8.96248e-21)
(0.00401382 0.00407468 1.08677e-20)
(0.00411654 0.0041759 0)
(0.00430775 0.00437042 0)
(0.00404342 0.00404971 1.82477e-20)
(0.00421875 0.004084 0)
(0.00430836 0.00437063 2.29377e-21)
(0.0041172 0.0041765 2.35419e-21)
(0.00401753 0.00407361 4.55536e-21)
(0.00433813 0.00435016 0)
(0.00419598 0.00400187 -1.54609e-20)
(0.00403543 0.00404607 0)
(0.00422492 0.00405005 1.70224e-20)
(0.00433254 0.00434458 -7.7086e-21)
(0.00401377 0.00407514 4.97386e-21)
(0.00433321 0.00434416 0)
(0.00421164 0.00402763 8.49282e-21)
(0.00433233 0.00433904 1.73476e-20)
(0.0043333 0.00434617 8.06779e-21)
(0.00418379 0.00375967 1.95483e-20)
(0.00404908 0.0037374 9.93802e-21)
(0.00404062 0.00404885 -9.20448e-21)
(0.00401649 0.00407362 -8.65462e-21)
(0.00414843 0.00369367 9.23084e-21)
(0.00433292 0.00433335 0)
(0.00411528 0.0041899 2.34043e-21)
(0.0040301 0.00370164 -2.03713e-20)
(0.00430497 0.00438369 2.26609e-21)
(0.00409341 0.00418574 2.61372e-21)
(0.00410606 0.00418589 1.10952e-21)
(0.00429529 0.00438082 -1.05727e-21)
(0.0043637 0.00389167 1.90614e-20)
(0.00428294 0.00437659 0)
(0.00425682 0.00437535 1.36344e-21)
(0.00434513 0.00391389 1.04363e-20)
(0.00406638 0.00418517 2.20552e-21)
(0.00430987 0.00408556 2.10685e-20)
(0.00505072 0.00408581 3.81815e-20)
(0.000812005 0.000589037 -9.07639e-21)
(-2.34877e-05 0.00107579 4.04954e-24)
(3.56563e-05 2.86645e-05 -9.30838e-21)
(5.15152e-05 4.54585e-06 -2.18486e-21)
(6.10143e-05 0.00025904 0)
(0.000117074 -2.79213e-05 -7.57986e-21)
(6.73217e-05 -1.75397e-06 3.19243e-22)
(0.000673692 0.000565186 -9.88396e-24)
(0.00265058 0.00270643 -1.94899e-20)
(0.00414884 0.00415797 5.8686e-21)
(0.00264933 0.00269509 0)
(0.002679 0.00278774 4.21517e-21)
(0.00279839 0.00290279 8.65674e-21)
(0.00268182 0.00278036 -3.75347e-21)
(0.00282606 0.00287964 2.18507e-20)
(0.00262245 0.00272625 0)
(0.00270618 0.00275575 7.44468e-21)
(0.00279431 0.00291185 -5.15785e-21)
(0.00267463 0.00278859 -1.56525e-22)
(0.00282646 0.0028847 -8.80717e-21)
(0.00412219 0.00418554 2.69278e-21)
(0.00401371 0.00408651 0)
(0.00261675 0.00272866 3.50045e-21)
(0.00431346 0.0043775 -1.22689e-21)
(0.002529 0.00224128 2.10966e-20)
(0.00263042 0.00286018 1.44723e-21)
(0.00250544 0.00244116 1.93644e-20)
(0.00235871 0.00189033 -5.25281e-23)
(0.00145245 0.00166761 1.85639e-20)
(8.87882e-05 1.89539e-05 0)
(0.00404865 0.00376075 3.22531e-20)
(0.00414009 0.00385325 0)
(0.00404174 0.00376542 -2.18617e-20)
(0.00416105 0.00382818 3.84904e-21)
(0.00416475 0.0038207 -8.43689e-21)
(0.00434794 0.00399576 0)
(0.00433268 0.00403566 -1.46067e-20)
(0.00406395 0.00373043 0)
(0.00413529 0.00385457 0)
(0.00435592 0.0039944 6.52746e-21)
(0.00416494 0.00381741 3.2886e-21)
(0.00433242 0.00403203 3.00536e-24)
(0.00416069 0.00382359 -1.25359e-21)
(0.00392701 0.0034611 -4.18082e-20)
(0.00435235 0.00399976 1.39328e-21)
(0.0040639 0.00372528 -1.52721e-21)
(0.00415592 0.00309792 -1.60425e-23)
(0.00406151 0.00373606 0)
(0.00436345 0.00343039 -1.59852e-22)
(0.00344157 0.00323316 -9.64119e-21)
(7.5439e-05 1.48829e-05 0)
(5.718e-05 -9.17908e-05 0)
(0.000153926 0.000179108 -2.52683e-21)
(0.000127712 2.95775e-05 4.88916e-21)
(6.40029e-05 -2.87353e-05 2.83089e-21)
(6.10382e-05 8.93767e-05 -2.38151e-20)
(0.000771077 0.000213995 2.361e-20)
(0.000773825 -0.000263357 3.07694e-20)
(5.59765e-05 5.76877e-05 5.89938e-22)
(0.000107986 2.31734e-05 0)
(0.000821701 0.000803299 4.88384e-21)
(0.000764552 0.000109785 -1.49991e-20)
(0.00022934 0.000192122 4.86517e-21)
(7.46758e-05 5.66774e-05 0)
(0.000158995 7.62105e-05 0)
(0.000639868 0.000357653 1.2681e-20)
(6.75847e-05 2.75254e-05 -6.01451e-22)
(0.000368742 0.000531852 1.27773e-20)
(0.000409979 0.000525751 3.84742e-20)
(0.000136696 6.17876e-05 0)
(0.000299837 -1.39139e-05 -1.06949e-20)
(5.64475e-05 3.76124e-05 3.03426e-22)
(3.46821e-05 6.78047e-05 -3.10867e-21)
(0.000466043 0.000639138 3.86807e-20)
(0.000549642 0.000154661 1.08034e-20)
(0.000363153 0.000485614 0)
(0.000887541 8.34944e-05 6.01262e-21)
(0.000630846 0.000561771 0)
(0.000193848 7.2016e-05 -1.80942e-20)
(0.000582451 0.000435283 -4.19342e-20)
(0.00013863 -3.70897e-06 -4.8863e-21)
(0.000650122 0.000169335 0)
(0.000364485 0.000564803 -3.34959e-20)
(0.00099995 0.000242545 -2.86488e-20)
(0.00053505 0.000469468 5.57808e-21)
(0.000224488 0.000225783 -2.12501e-20)
(3.76754e-05 8.7273e-05 1.24651e-21)
(0.000831656 3.59376e-06 0)
(9.61017e-05 -1.64218e-06 5.20701e-21)
(0.00027795 8.66754e-05 0)
(4.48196e-05 -8.56016e-05 8.01368e-21)
(7.90651e-05 3.45775e-05 4.65126e-21)
(0.000984965 0.000241195 1.26576e-21)
(0.000290065 5.93411e-05 2.18745e-21)
(0.000446592 0.000266123 -6.21678e-22)
(0.000131795 0.000205492 0)
(9.41509e-05 -2.36457e-05 -1.40978e-20)
(0.000579476 0.000183569 0)
(1.85181e-05 -2.9083e-05 -1.19054e-21)
(0.000514114 0.000254563 -2.36365e-20)
(4.05994e-05 3.7122e-05 1.28425e-21)
(4.67903e-05 4.63172e-05 0)
(0.000174197 5.70486e-06 0)
(0.000776769 0.0003147 3.1878e-20)
(0.000264858 0.000310128 -4.27935e-20)
(0.000682406 0.000292609 0)
(0.000653911 0.000216795 -3.81282e-20)
(0.000212965 0.00025027 1.46595e-20)
(0.00037233 0.00055322 -1.0295e-20)
(0.00105222 5.31194e-05 -5.47162e-21)
(0.000116298 -3.46178e-07 -3.07979e-22)
(0.000159891 0.000281297 5.53231e-21)
(0.000778233 0.000196272 -2.72331e-22)
(0.00028343 0.000369064 0)
(0.000242247 3.88873e-05 1.77401e-20)
(7.76289e-05 -3.24728e-05 -5.93524e-21)
(0.00262316 0.00221454 -1.9333e-20)
(0.00260539 0.00240818 3.12583e-20)
(0.00282054 0.00287291 -1.72817e-20)
(0.00269743 0.00274579 -1.47929e-20)
(0.00282033 0.00287099 4.8771e-24)
(0.00264502 0.00269016 -1.43917e-20)
(0.0026461 0.00269477 1.28208e-20)
(0.00400122 0.00381217 1.39149e-21)
(9.86499e-05 0.000349997 -1.86205e-20)
(0.000228958 0.000356309 2.09779e-20)
(0.000246897 0.000402268 0)
(0.000938063 0.000271693 1.71583e-20)
(0.000921233 7.89136e-05 -1.73732e-22)
(4.5684e-05 1.87752e-06 1.87163e-27)
(0.000307602 0.000245181 1.58406e-20)
(0.00269982 0.00274797 -1.22782e-20)
(0.000218049 0.000209518 -1.6373e-20)
(0.00431586 0.00437363 -2.86272e-21)
(0.00412558 0.00418137 -2.93537e-21)
(0.00433471 0.00403337 4.95149e-21)
(0.00432172 0.00403891 -1.88375e-20)
(0.00477967 0.00406716 1.90149e-20)
(0.00401632 0.0040852 2.87927e-21)
(0.00422745 0.00389018 -2.05012e-20)
(0.00233375 0.00206417 1.95026e-20)
(0.00261504 0.00272932 -1.68007e-21)
(0.00262269 0.00274592 -2.14723e-21)
(0.00399715 0.00408453 1.00466e-21)
(0.00262252 0.00280731 -9.35809e-21)
(0.00267109 0.00278393 -4.8762e-21)
(0.00279051 0.0029073 4.56133e-21)
(0.00464114 0.00413115 9.65671e-21)
(0.00278755 0.00291078 -3.98904e-21)
(0.00261022 0.00272654 2.01893e-21)
(0.0026689 0.00278864 -6.27623e-21)
(0.00430831 0.00437028 1.87182e-21)
(0.0041179 0.0041775 -1.92089e-21)
(0.00415545 0.00384393 2.97129e-22)
(0.00415203 0.00415438 -2.20003e-20)
(0.00404667 0.00405642 8.34297e-23)
(0.00434159 0.00434742 0)
(0.00267816 0.00278352 1.2375e-20)
(0.0041215 0.00417649 -7.89384e-21)
(0.00434081 0.00402265 5.25043e-21)
(0.00261494 0.00272909 9.08104e-21)
(0.00404726 0.00375821 -5.77091e-21)
(0.00405218 0.00375347 6.08127e-21)
(0.00401437 0.00407694 4.45304e-21)
(0.00415514 0.00385119 -1.06783e-20)
(0.00267105 0.00278627 0)
(0.00414715 0.00416096 -2.97707e-20)
(0.00280116 0.00290495 -4.60474e-21)
(0.00432638 0.00435143 -4.55361e-21)
(0.000433167 0.000404652 0)
(0.000329936 0.00039861 -2.90612e-20)
(0.000835798 0.000178468 -1.82733e-20)
(0.000157904 3.52524e-05 2.38088e-21)
(0.000294546 0.000599311 -1.22902e-20)
(0.000337631 0.000336309 0)
(4.50732e-05 5.18335e-06 -8.01636e-22)
(0.000752253 0.000971761 0)
(0.00068148 0.000590458 1.13485e-21)
(0.00434837 0.00399681 -4.43637e-21)
(0.00406581 0.00373033 0)
(0.00416313 0.00381852 8.69044e-21)
(0.0040458 0.00376113 -1.64258e-22)
(0.00416136 0.00382899 0)
(0.0040446 0.00376526 1.43838e-20)
(0.00406401 0.00372789 0)
(0.00413819 0.00385709 1.80611e-20)
(0.00433473 0.00403611 -1.42292e-20)
(0.00405735 0.00374072 0)
(0.0041673 0.00382118 1.89175e-21)
(0.00413978 0.00385568 0)
(0.00415077 0.00338957 -9.68304e-21)
(0.00402557 0.0037628 -7.26131e-22)
(0.00435825 0.00399797 -1.84425e-21)
(0.0043306 0.0040345 1.70021e-20)
(0.00396513 0.00351931 2.05237e-20)
(0.00441795 0.00357324 0)
(0.00416053 0.00382897 -3.74326e-21)
(0.00435189 0.00400473 2.424e-21)
(0.00394841 0.00290959 -1.89802e-20)
(0.000432849 0.000457598 -1.9371e-20)
(9.3753e-05 -4.46266e-05 5.58739e-21)
(0.000471839 0.000375276 -5.38157e-21)
(0.000923857 1.66789e-05 -1.10176e-21)
(0.000762005 0.000300824 -1.02102e-20)
(0.000897198 0.000291669 4.38881e-21)
(0.000168424 0.00021548 8.95609e-21)
(0.00403947 0.00375767 -4.82387e-23)
(0.00416295 0.00381584 4.5247e-21)
(0.00432521 0.00403074 6.00393e-23)
(0.00406692 0.00372859 3.85959e-21)
(0.000653933 0.000447593 -2.07684e-21)
(0.00093539 0.000550367 -1.38614e-20)
(0.000744258 -4.77839e-05 4.73709e-21)
(0.00107061 0.000616657 3.91202e-21)
(0.00080707 0.000395131 0)
(0.000283968 0.000549098 9.53743e-22)
(0.00105033 0.000378704 -2.41006e-21)
(0.0002643 0.000265954 2.2369e-20)
(5.88544e-06 -1.72421e-05 -8.49738e-22)
(0.000759139 0.000389888 0)
(0.00107078 0.000285066 -2.93269e-20)
(4.37945e-05 1.01577e-05 -3.53943e-20)
(0.000420528 0.000690179 -8.92386e-21)
(0.000323324 0.000528951 -9.57984e-21)
(0.00037731 9.61505e-05 0)
(0.000185112 5.93144e-05 -2.00547e-21)
(0.00108011 0.00031158 -1.2263e-21)
(4.04999e-05 3.14865e-06 1.17519e-20)
(9.63375e-05 4.33096e-05 -4.62441e-21)
(0.000116124 5.44287e-05 5.06055e-21)
(0.000383116 0.000414974 2.84954e-20)
(0.000853929 6.95848e-05 0)
(3.49418e-05 2.31227e-06 -3.48911e-20)
(0.000243762 0.00017281 -3.35591e-21)
(0.00073111 -0.00024125 -5.81018e-21)
(0.000688602 0.000397406 -1.31152e-20)
(0.00019264 0.000126604 4.18571e-21)
(3.13877e-05 1.11417e-05 0)
(0.000661873 0.00039099 -5.90728e-21)
(0.000191312 0.000176954 5.79982e-21)
(0.000122595 0.000366737 0)
(0.000502675 0.000307536 -1.95992e-20)
(4.16066e-05 -7.28972e-06 -1.28092e-20)
(0.000529353 -0.000131574 1.2193e-20)
(0.000713267 7.81621e-05 8.71748e-21)
(0.000700762 0.000388391 -9.13223e-22)
(0.000425849 -3.40531e-05 2.606e-21)
(0.00399804 0.00374313 -4.70331e-22)
(0.00429641 0.00400224 -5.43408e-22)
(0.00410687 0.00382811 0)
(0.00401932 0.0040728 -1.9141e-21)
(0.00434003 0.00435141 8.3624e-21)
(0.00412321 0.0041745 -9.38512e-21)
(0.00404216 0.0040548 -1.81459e-20)
(0.00507532 0.00428789 0)
(0.00435317 0.00396815 -9.12363e-21)
(0.0040347 0.00404223 1.89223e-20)
(0.00416984 0.00381914 0)
(0.00436026 0.00399547 -6.09693e-21)
(0.00406522 0.00372505 -4.68067e-21)
(0.00414339 0.00385036 2.16245e-20)
(0.00433949 0.00402878 -3.34214e-20)
(0.00434181 0.00400457 9.27893e-21)
(0.00414591 0.0038481 -1.71936e-20)
(0.00405362 0.0037311 0)
(0.00415389 0.00382394 0)
(0.000433441 0.00033974 6.15505e-21)
(0.00104148 8.69491e-05 2.28519e-20)
(0.000883727 0.000282899 2.81733e-20)
(0.000386396 0.000383627 2.45669e-20)
(0.000270195 0.000630986 0)
(0.000752148 0.000341775 -5.65332e-21)
(0.000542429 2.44456e-05 -1.60915e-20)
(0.000127839 9.20773e-05 0)
(0.000692558 0.000579544 2.28282e-21)
(3.96904e-05 2.25258e-06 1.24037e-20)
(0.000969805 0.000136461 -4.3771e-21)
(0.000783298 9.93768e-05 0)
(0.000786016 0.000228739 0)
(0.000174841 0.000289661 0)
(0.000306444 0.000592682 1.84198e-20)
(0.000834739 0.000326896 -2.56983e-21)
(0.000839091 0.000284232 -8.15842e-21)
(0.000883369 0.000258551 0)
(0.000883345 0.000342167 3.25168e-21)
(0.00429545 0.00386055 0)
(0.00447808 0.00394818 9.68461e-21)
(0.00262312 0.00273944 -3.78281e-21)
(0.00465831 0.00444541 1.88e-20)
(0.00402221 0.00407747 -1.69979e-21)
(0.00486772 0.00405825 -9.40646e-21)
(0.00397351 0.00408036 -1.53277e-21)
(0.00279234 0.0029098 1.15069e-22)
(0.00267313 0.00278686 3.69349e-21)
(0.00412173 0.00417678 -1.8786e-21)
(0.00431119 0.00436947 5.27229e-21)
(0.00433679 0.00434495 -1.70471e-20)
(0.0043384 0.00434329 -7.17354e-21)
(0.00401874 0.00407497 0)
(0.00415194 0.00415107 -1.45111e-20)
(0.0041259 0.00417317 0)
(0.00404776 0.0040521 -7.09637e-21)
(0.00411823 0.00418277 4.34049e-21)
(0.00404054 0.00404998 6.2269e-21)
(0.00431867 0.00436277 -4.26711e-21)
(0.00269752 0.00274417 5.85864e-21)
(0.0041022 0.00507712 0)
(0.00199799 0.00172702 0)
(0.00466467 0.00392512 0)
(0.00381958 0.00350194 1.04518e-20)
(0.00431811 0.00403634 -1.42304e-22)
(0.00431515 0.00437157 -3.22573e-21)
(0.0041542 0.00385114 -1.85967e-21)
(0.00412878 0.00385757 -8.09715e-22)
(0.00434506 0.00402938 -1.02506e-21)
(0.00412518 0.0041795 -3.30843e-21)
(0.00276774 0.00253773 0)
(0.00261679 0.00273014 2.65813e-21)
(0.00420116 0.00410839 2.74607e-20)
(0.00448825 0.00422391 -1.89615e-20)
(0.00434672 0.00401215 0)
(0.0026548 0.00256331 9.95141e-21)
(0.00406887 0.00401448 0)
(0.00279089 0.0029063 -1.49957e-21)
(0.00415405 0.00416402 -2.80912e-20)
(0.0025928 0.0026917 -9.43939e-21)
(0.00406754 0.00372916 0)
(0.00415587 0.00383589 -3.1542e-21)
(0.00267245 0.00278311 1.38498e-21)
(0.00412831 0.00396719 0)
(0.00262339 0.00277625 -1.78368e-21)
(0.00402067 0.00408149 1.68821e-21)
(0.00400805 0.00408615 -3.14031e-21)
(0.00330513 0.00328145 0)
(0.00434303 0.00402212 -8.77962e-21)
(0.00406682 0.00373014 1.4993e-22)
(0.00406909 0.00372781 0)
(0.00404249 0.00376008 9.57459e-21)
(0.00368504 0.00368503 7.07284e-21)
(0.00406507 0.00373546 0)
(0.00261444 0.00272832 0)
(0.00406966 0.0037265 0)
(0.00267364 0.00278935 5.71856e-21)
(0.00381557 0.00379266 -1.91287e-20)
(0.00279211 0.00291173 5.5742e-21)
(0.00283028 0.00287913 -1.66371e-20)
(0.00433527 0.00434276 3.61321e-20)
(0.00433172 0.0040263 8.09073e-21)
(0.0039542 0.00386646 1.75226e-20)
(0.00403909 0.00376166 0)
(0.00416759 0.00382324 -5.85449e-21)
(0.00435937 0.00399675 0)
(0.00416927 0.0038212 -2.35881e-21)
(0.00403962 0.00390136 0)
(0.00435933 0.00399635 5.17822e-21)
(0.00416972 0.00382181 5.338e-21)
(0.00404001 0.00376137 -8.90921e-21)
(0.00435737 0.00399614 -5.72291e-21)
(0.004063 0.00373464 0)
(0.00433647 0.0040263 1.5974e-20)
(0.00406787 0.00372986 -6.22141e-21)
(0.0040672 0.00373313 -7.01948e-21)
(0.0043585 0.0039957 0)
(0.00408329 0.00388527 -8.12473e-21)
(0.00404071 0.00376103 8.82738e-21)
(0.00406911 0.00372772 5.90918e-21)
(0.00433669 0.00402684 7.70934e-21)
(0.00406331 0.00373276 0)
(0.00410343 0.00386163 7.97993e-21)
(0.00416882 0.0038222 0)
(0.00404325 0.00376017 0)
(0.0041661 0.00382666 1.23073e-20)
(0.00435696 0.00399868 1.20579e-20)
(0.00412231 0.00385092 2.35878e-20)
(0.00406779 0.00373323 1.32664e-20)
(0.00433611 0.00403027 1.54501e-20)
(0.00413202 0.00384984 -7.66873e-21)
(0.00404338 0.00375957 8.51547e-21)
(0.00435664 0.00400121 6.2892e-21)
(0.00416384 0.00383057 -1.40285e-22)
(0.00416167 0.00383078 -3.54374e-21)
(0.00283415 0.00288036 1.51633e-22)
(0.00404225 0.00375997 -8.39293e-21)
(0.00435664 0.00400374 -3.56093e-21)
(0.00434141 0.0043516 0)
(0.00404252 0.00375981 -8.21472e-21)
(0.00416231 0.00383143 0)
(0.00404174 0.00376105 7.56665e-21)
(0.00270895 0.00275673 -2.1129e-20)
(0.00404411 0.00375954 -1.0113e-23)
(0.00404153 0.00376019 2.35793e-20)
(0.00435697 0.00400214 6.6862e-21)
(0.00404261 0.0037615 2.31613e-20)
(0.00265648 0.00270075 2.76118e-20)
(0.00404025 0.00405288 -2.58309e-20)
(0.00268131 0.0027834 3.86823e-21)
(0.00435516 0.00400527 1.08227e-20)
(0.00435125 0.00400634 0)
(0.00404444 0.00405945 -6.9816e-21)
(0.00414441 0.00385144 1.2921e-20)
(0.00411769 0.00418086 0)
(0.00414877 0.00384976 -6.66106e-21)
(0.00404029 0.00405839 6.6981e-21)
(0.00261903 0.00272897 0)
(0.0043378 0.00435248 0)
(0.00434743 0.00400498 1.56996e-20)
(0.00405127 0.00374964 -5.67056e-21)
(0.0041418 0.00385349 -2.59912e-20)
(0.00404392 0.00375623 5.80172e-21)
(0.00413817 0.00385575 1.24034e-20)
(0.0043473 0.00400049 -8.07133e-21)
(0.00270906 0.00275314 -1.15775e-20)
(0.00267354 0.00278788 -8.70015e-21)
(0.00432955 0.00403086 6.2378e-21)
(0.0026576 0.00270404 -6.1937e-21)
(0.00432675 0.00403188 -1.52524e-22)
(0.00433134 0.00403104 5.16658e-21)
(0.00406002 0.00372182 9.91403e-21)
(0.00432759 0.00403096 5.62345e-21)
(0.00432663 0.00403156 5.91239e-21)
(0.00279946 0.00290616 1.54208e-22)
(0.0043331 0.00402987 2.66315e-20)
(0.00433092 0.00402865 -1.52571e-22)
(0.00415565 0.00384205 -5.25433e-21)
(0.0043302 0.00402848 -5.58208e-21)
(0.00434022 0.00402163 -9.92646e-21)
(9.3828e-05 0.000480001 1.66053e-20)
(0.0011282 -2.16218e-05 0)
(0.00402188 0.00407362 -1.85591e-21)
(0.00433948 0.00435087 -8.52964e-21)
(0.00411956 0.00418185 -4.34315e-21)
(0.00404112 0.00405109 -1.27791e-20)
(3.50633e-05 -8.70571e-06 -1.19711e-20)
(0.000817689 8.35771e-05 -1.35283e-21)
(0.000382226 0.000508958 -1.23927e-20)
(0.000811315 0.000468202 8.98125e-22)
(0.000298379 0.000687594 0)
(0.00122796 0.000205671 -2.46286e-21)
(0.000525242 0.000302298 -4.37468e-21)
(0.000788626 0.000101004 -3.296e-21)
(0.000129163 0.000155309 -1.9653e-20)
(0.000288982 0.000384782 0)
(0.000691907 0.000521796 4.16813e-25)
(0.000232893 0.00038007 8.91461e-21)
(0.000829745 1.88065e-05 -1.45594e-21)
(0.00125783 0.00049485 1.6442e-20)
(0.000179974 -0.000126166 1.3401e-21)
(0.000516184 0.00042835 2.59991e-20)
(4.36991e-05 3.06845e-06 2.75246e-20)
(0.00413378 0.00414823 4.96977e-21)
(0.00403409 0.004048 -2.70746e-20)
(0.00413946 0.00415782 1.10442e-20)
(0.00422677 0.0036866 -1.73089e-20)
(0.00414472 0.00416135 1.37158e-20)
(0.00405426 0.00375283 9.92104e-21)
(0.00435048 0.0043176 0)
(0.00433047 0.00434133 -1.93982e-20)
(0.00433364 0.00434123 4.91587e-21)
(0.00430886 0.0043704 -6.7178e-21)
(0.00411773 0.00417746 4.39018e-21)
(0.00401466 0.00407832 9.49501e-21)
(0.00340839 0.00368387 1.01973e-20)
(0.000860078 0.000530333 0)
(0.00047735 6.47512e-05 3.01757e-21)
(0.000896461 0.000140834 0)
(2.09399e-05 9.80649e-07 0)
(4.50402e-05 -2.56656e-06 1.14574e-20)
(0.000664747 0.000340319 -4.01228e-21)
(2.92102e-05 4.63486e-06 4.04511e-20)
(0.000517585 0.000471099 2.30467e-21)
(0.00226246 0.00462545 5.89294e-21)
(3.95837e-05 -6.65739e-06 1.22804e-20)
(0.000818431 0.000204265 0)
(0.000402009 0.000480091 7.24173e-21)
(0.000185666 0.000136715 5.85284e-21)
(4.36698e-05 -1.13326e-06 -1.19686e-20)
(0.000167546 0.000546647 -1.74925e-20)
(0.000848345 8.82927e-05 -1.66837e-22)
(0.000196882 0.0005658 0)
(0.000245978 0.000760729 0)
(0.00406714 0.00372847 -4.17283e-21)
(0.00432744 0.00402913 8.35771e-21)
(0.00415954 0.00381176 9.42621e-21)
(0.00404165 0.00375713 -1.21085e-20)
(0.00407373 0.00341415 -9.35592e-21)
(0.00439527 0.00428702 -1.86711e-20)
(0.00404811 0.00375945 -4.69024e-20)
(0.00417521 0.00395507 2.91636e-21)
(0.00411696 0.00417799 -2.14413e-21)
(0.00430777 0.0043706 4.04452e-21)
(0.00415015 0.00416078 -7.15e-21)
(0.00433229 0.00434797 1.99231e-20)
(0.00401319 0.00407876 -4.45859e-21)
(0.00433148 0.00434292 -4.70702e-21)
(0.00414553 0.00416051 2.29332e-20)
(0.00403322 0.00404958 5.15572e-21)
(0.00413414 0.00415041 -4.89252e-21)
(0.000573038 0.000513677 6.48595e-21)
(0.000814202 5.01983e-05 0)
(0.000446495 0.00014671 1.82576e-24)
(0.00109099 0.000833151 -8.90145e-21)
(0.000998123 0.000372359 3.55599e-21)
(0.00466479 0.00471289 -9.13152e-21)
(0.00435027 0.00400467 9.1166e-21)
(0.00407657 0.00416283 1.10416e-20)
(0.00404229 0.00403499 0)
(0.00436 0.00399613 4.44855e-21)
(0.00416991 0.00381971 -2.19684e-21)
(0.0041476 0.00385031 -1.37168e-20)
(0.0043369 0.0040291 2.53161e-20)
(0.00415281 0.00383652 0)
(0.00405014 0.00374276 1.09188e-20)
(0.00406194 0.00372286 -1.66237e-22)
(0.00415279 0.00385047 1.5628e-22)
(0.00433841 0.0040164 0)
(0.000687622 0.00034775 0)
(0.000689972 9.0631e-05 6.08104e-21)
(0.00278109 0.00331444 -2.0405e-22)
(0.00259679 0.00285727 -8.79856e-22)
(0.00299812 0.00353744 -1.7381e-22)
(0.00286393 0.00339817 -1.83278e-22)
(0.00276556 0.00304257 -8.06313e-22)
(0.00264709 0.00292404 0)
(4.30727e-05 -3.84547e-06 -3.57249e-22)
(0.000179144 0.000105274 0)
(0.000286343 0.000608327 0)
(3.25491e-05 2.30827e-06 -4.63145e-20)
(0.000180596 0.000393251 3.64019e-20)
(0.000639587 0.000389936 -3.00175e-20)
(5.69517e-05 0.000881952 6.63073e-21)
(3.94369e-05 3.8239e-06 1.55856e-25)
(0.000705322 0.000501464 -4.15042e-21)
(4.33255e-06 0.000100416 -9.75453e-21)
(2.16995e-05 3.17762e-05 -8.00691e-21)
(0.000903783 0.000190843 -6.49583e-21)
(7.81984e-05 0.000654472 1.25601e-21)
(0.000744446 0.000334005 6.85073e-21)
(0.000360463 0.000308836 3.10064e-23)
(0.000708931 0.000477027 9.78717e-21)
(0.00111423 0.000141525 0)
(0.000104032 0.000478794 -7.31427e-21)
(0.000106664 -0.000128011 -1.19082e-21)
(0.000109378 0.000106092 -2.99011e-20)
(8.85231e-05 0.000126466 0)
(2.25578e-05 5.51105e-05 2.71786e-21)
(0.00423169 0.00435871 5.0244e-23)
(0.00404059 0.00417103 1.22172e-22)
(0.00080251 1.91691e-05 -4.24765e-21)
(0.00330363 0.00329913 -1.96132e-20)
(3.485e-05 -1.20857e-05 5.46801e-21)
(0.000454898 0.000155214 -1.57436e-20)
(0.00263458 0.00285162 3.55276e-20)
(2.29504e-05 -2.58794e-06 -6.31437e-21)
(0.000114524 0.000220194 -1.89842e-20)
(0.00429672 0.00408498 -1.30145e-21)
(0.00410759 0.00390463 -7.11784e-22)
(0.000212577 0.000132975 2.49085e-20)
(0.000141303 0.000135836 1.24587e-20)
(0.00168574 0.00050238 0)
(4.53427e-05 0.000119612 -2.83734e-21)
(0.00110748 0.000454086 0)
(0.000124012 0.000746429 0)
(0.000634015 0.000515945 2.18748e-21)
(3.7597e-05 5.06404e-06 -3.6588e-20)
(0.000257044 0.000488883 2.33606e-20)
(0.000426306 -0.000249094 3.16241e-20)
(0.000922576 -3.51438e-05 -4.80669e-20)
(3.98121e-05 4.60462e-06 -1.29088e-20)
(0.000107899 -5.83456e-05 1.03649e-20)
(0.000129897 0.000274804 0)
(0.00394924 0.00407028 5.98191e-22)
(0.000677736 0.000355731 -5.37456e-22)
(0.000948387 0.000401198 -1.31573e-20)
(0.000537944 0.000132293 -3.85137e-21)
(0.00062505 0.000385949 1.70518e-21)
(0.000162561 0.000344674 -5.15112e-20)
(0.00120636 0.000314373 1.60039e-20)
(1.46002e-05 -0.000391648 9.91103e-21)
(0.000136378 0.000143938 0)
(0.000580962 -6.12096e-05 -5.14272e-21)
(2.76278e-05 4.44585e-05 -2.76232e-21)
(0.000556118 0.000136632 2.63378e-20)
(5.08449e-05 -4.07854e-05 0)
(0.000848751 0.000112061 5.35991e-21)
(0.000228036 0.000443909 0)
(4.04522e-05 1.33381e-05 9.25733e-21)
(0.000521377 4.75061e-05 1.89411e-24)
(0.000321632 0.000519693 -1.1872e-20)
(0.0013495 0.000204936 0)
(0.000766438 0.000124799 -4.88055e-21)
(0.000993169 0.000424578 5.92232e-21)
(0.00289271 0.00296117 6.19908e-22)
(0.00295283 0.00304931 0)
(0.00310245 0.00320093 -1.02256e-21)
(6.65938e-05 -7.44817e-05 0)
(0.000859362 0.000169955 5.90146e-21)
(0.00396632 0.00422927 -3.17331e-20)
(0.000854189 0.000105541 8.76053e-22)
(2.89728e-05 0.000400511 -5.60714e-24)
(0.00143181 0.000807595 3.55936e-20)
(0.000697804 0.00027027 1.67721e-20)
(2.50666e-05 0.00053456 -7.60984e-21)
(0.000568093 0.000433451 -9.29216e-21)
(4.51131e-06 4.5775e-06 0)
(0.000635073 0.000480949 -4.6785e-21)
(2.6346e-05 -1.22241e-05 2.56695e-20)
(0.00350637 0.00366207 -3.332e-20)
(2.61812e-05 6.9704e-05 5.07946e-21)
(0.000235778 0.00053855 -1.0874e-23)
(0.000835447 1.88204e-05 3.88699e-21)
(0.000367598 0.00135199 -3.56046e-22)
(0.000134043 9.208e-05 0)
(0.000636268 0.000719356 -4.87176e-21)
(1.88312e-05 3.02982e-05 2.44367e-20)
(0.000604326 0.00104235 1.54129e-20)
(0.000144691 0.000568963 2.97637e-21)
(2.28105e-05 -1.21722e-05 -3.63678e-20)
(0.00014764 0.000462864 0)
(-0.000580009 0.000373984 -1.30747e-21)
(2.22918e-05 -1.37001e-06 1.51305e-20)
(0.000657726 0.00141069 2.99426e-21)
(9.23614e-05 0.000599685 1.12988e-21)
(0.00020067 0.000428509 -1.53862e-20)
(0.000811669 0.000526823 1.45488e-20)
(0.000455507 0.000210437 6.59707e-21)
(0.00201602 0.00263981 -1.43412e-20)
(0.000655299 0.000295256 3.95486e-21)
(1.78922e-05 2.83182e-05 6.57649e-21)
(0.000150293 0.000298418 -4.56734e-21)
(0.000476511 0.00108198 -9.65523e-21)
(4.38098e-05 0.000619449 0)
(0.000238926 0.000508894 0)
(2.00354e-05 9.15975e-06 -6.7812e-26)
(0.000848352 5.30135e-05 -4.03719e-21)
(0.000457602 0.000324619 -1.17911e-20)
(0.000700881 0.000414919 1.35505e-20)
(0.000861896 4.4401e-05 2.89607e-21)
(0.00146048 -0.00025344 0)
(0.000855686 0.000257627 3.00347e-22)
(0.00377431 0.00453575 1.04592e-20)
(3.77588e-05 0.000106281 -1.01564e-20)
(5.4821e-05 0.000157492 -1.04298e-20)
(0.000148545 0.000424011 0)
(-0.000430344 -0.000225372 0)
(0.000138173 0.000379601 2.21881e-20)
(0.000795058 0.000158589 -1.96237e-20)
(0.00198156 0.00247627 7.87074e-23)
(0.000343067 0.000568784 1.46623e-20)
(0.00104735 0.00179712 0)
(0.000324094 0.000566791 -3.23946e-20)
(0.0031489 0.00313924 2.24251e-20)
(0.000670216 0.000475394 1.11657e-20)
(0.00246066 0.00182529 0)
(0.000661116 0.000134927 -1.62143e-20)
(1.71755e-05 -1.47603e-05 -7.07283e-21)
(0.00113236 0.00080251 2.00736e-20)
(0.000686041 0.0002918 0)
(0.000674215 0.00045288 0)
(0.000767995 0.000266133 -1.49673e-20)
(0.00415801 0.00399916 1.37443e-21)
(0.00396367 0.00382569 -5.32184e-22)
(0.00385443 0.00374032 -8.25428e-22)
(0.00102648 0.000539062 -6.02689e-21)
(4.00245e-06 1.35424e-05 0)
(4.42277e-05 9.9795e-05 0)
(0.00129759 0.00271796 -1.67892e-21)
(5.13948e-05 -5.06462e-05 -6.61523e-21)
(0.00410314 0.00435022 1.03013e-20)
(0.000119823 0.000247304 9.20103e-21)
(2.87524e-05 -2.59034e-05 6.11499e-21)
(0.000517346 0.000282065 1.22488e-20)
(0.00113201 0.000468232 1.16663e-20)
(0.000926256 0.0021305 6.50246e-21)
(0.00346203 0.0047097 -2.84176e-20)
(0.000876163 0.000169641 -1.25321e-20)
(0.000162266 0.000696978 0)
(0.00245907 0.00202273 -1.53896e-20)
(0.000517744 0.000504528 -4.57305e-21)
(0.000864728 0.000143566 -1.41335e-21)
(0.000549285 0.000427256 1.12825e-20)
(0.000445479 0.000245778 -1.36955e-21)
(3.04674e-05 5.40654e-05 2.46289e-21)
(0.00083303 -7.91519e-05 0)
(0.000214582 0.000769194 3.30284e-21)
(0.000901945 0.000409502 0)
(3.48685e-05 -3.00248e-06 4.09431e-20)
(0.000532813 0.000245605 -1.02844e-20)
(7.14363e-05 -5.73263e-05 8.72222e-21)
(0.00013735 -0.000168694 1.29692e-21)
(0.000680634 3.30651e-05 0)
(3.81099e-05 -2.23635e-05 -1.07144e-20)
(0.00065017 0.000445811 -2.28253e-21)
(0.000579587 0.000481015 1.19704e-20)
(0.00300237 0.00372428 8.2289e-21)
(0.000407645 8.37029e-05 3.26887e-21)
(0.00112662 4.28269e-05 0)
(0.000132859 -8.21814e-05 -5.01162e-21)
(0.000596846 0.000426996 -4.48767e-21)
(0.00102566 0.000213648 8.18394e-21)
(0.000164202 0.000347003 2.08785e-20)
(6.45069e-06 8.09325e-05 9.82861e-21)
(0.000480931 0.000616072 1.45723e-20)
(0.00109245 7.98061e-05 -2.70522e-21)
(0.00105023 4.07695e-05 7.04903e-21)
(0.00105665 9.44008e-05 0)
(0.000353943 -4.20746e-05 1.65943e-24)
(0.000544821 0.000167585 0)
(0.000152173 0.000678135 -1.50524e-21)
(0.000852815 5.74892e-05 0)
(0.000380944 -0.000172862 -1.08565e-20)
(-8.76465e-06 0.000432802 -7.15245e-21)
(0.000816568 0.00016809 0)
(3.32149e-05 0.000745395 -1.30818e-21)
(0.000910634 9.48967e-05 -2.80202e-21)
(0.00391844 0.00372949 -8.02568e-22)
(0.00227923 0.00268664 -1.16322e-20)
(-0.000328465 0.000693854 -1.75466e-20)
(5.53183e-05 0.00020121 -2.48672e-20)
(0.000919359 0.000325678 -1.95974e-20)
(0.000684695 0.000497794 -6.01025e-21)
(6.59179e-05 0.000374075 -4.40522e-21)
(0.000859953 0.00027604 1.89704e-20)
(0.000868918 0.000246653 7.99867e-21)
(0.000410158 -0.000178946 0)
(0.00402958 0.00382333 0)
(0.00421505 0.00399965 1.44772e-21)
(0.000382664 0.000761368 -4.85141e-23)
(0.000604012 9.97951e-06 4.02986e-21)
(0.000719575 0.000109464 -3.06997e-20)
(0.00109255 0.000101036 -7.77918e-22)
(0.000722669 0.000291481 0)
(0.00281512 0.00229248 2.97437e-21)
(4.43821e-05 -3.04297e-05 1.39352e-21)
(1.32781e-05 1.19109e-05 2.62315e-21)
(0.00389013 0.00405039 -1.24024e-21)
(0.000702856 0.000334871 3.93318e-21)
(0.0011034 0.00013755 4.44501e-21)
(0.00397891 0.00415019 1.22322e-21)
(0.00417061 0.00433987 6.45857e-22)
(0.00102941 1.5285e-05 -3.27744e-25)
(0.000956142 0.00108703 9.9445e-21)
(0.000484653 0.000852646 -1.20169e-20)
(1.25105e-05 3.35948e-06 0)
(0.00351532 0.00418542 1.73686e-23)
(0.00123376 0.00285236 9.35332e-21)
(0.0025125 0.00240803 0)
(0.00263102 0.00252233 -3.52712e-22)
(0.00246852 0.00237156 -6.40715e-22)
(-0.000242562 0.00211697 3.09127e-22)
(2.47489e-05 1.57939e-05 -1.17338e-20)
(0.000898567 0.000140358 0)
(0.00180189 0.00178117 3.7629e-20)
(0.0011754 0.00269019 0)
(0.00211465 0.00234343 2.44058e-20)
(0.00284884 0.00252941 -1.03204e-20)
(-0.000371021 0.00342079 -1.32335e-20)
(0.000721037 -0.000665695 -4.70174e-20)
(0.000769622 0.000153319 4.09012e-20)
(0.00269079 0.00434201 -1.55056e-20)
(0.000305365 0.000758094 -2.14498e-21)
(0.000673884 0.000471092 0)
(0.00178915 0.00109014 -1.75496e-20)
(8.38709e-05 0.000165833 0)
(0.00261884 0.00234259 2.57884e-20)
(0.00131039 0.00110826 -1.60266e-20)
(0.00358063 0.00509343 0)
(0.000766422 0.000913181 1.70237e-20)
(0.000147912 -0.000364962 -1.52608e-21)
(0.00414691 0.00430641 1.46245e-22)
(0.00396022 0.00411874 4.23914e-22)
(0.000611625 0.000482273 -8.37062e-21)
(0.000984903 0.000519584 -8.76399e-21)
(0.000587352 0.000628638 -3.22993e-20)
(0.00248717 0.00332562 1.01595e-20)
(0.00272617 0.00394637 7.81745e-22)
(6.23827e-05 0.000163198 0)
(0.0038638 0.004021 3.9034e-22)
(0.00248345 0.00145763 5.68554e-20)
(0.00214107 0.00197768 0)
(8.52629e-05 0.00019444 1.35735e-20)
(0.000102507 0.000206158 0)
(0.000853131 0.00177808 -3.85414e-20)
(0.000657361 0.000468759 2.3495e-21)
(0.00279808 0.00200341 -3.1e-20)
(0.00110079 0.000262684 0)
(0.00232934 0.00115484 1.80343e-20)
(0.00308855 0.00566896 0)
(0.0036356 0.00513329 -9.45119e-21)
(0.00261307 0.00262986 1.18066e-22)
(0.00275092 0.00276093 1.12957e-22)
(0.00254413 0.00256512 -2.03841e-22)
(0.000634135 0.000455637 0)
(0.000634741 0.000481419 5.08813e-21)
(0.00315837 0.00444983 7.41564e-21)
(0.00266565 0.00270597 1.48994e-20)
(0.00257949 0.00398535 2.01465e-20)
(0.00249381 0.00488849 2.66028e-20)
(0.00144144 0.00432202 0)
(0.00201867 0.00335479 9.76407e-21)
(0.000597856 0.00175456 1.98729e-20)
(0.0035361 0.00405885 -2.78762e-22)
(0.00364648 0.00413071 0)
(0.00383359 0.00428719 -5.38757e-25)
(0.00237885 0.00280069 1.69493e-22)
(0.00250306 0.00289243 0)
(0.00270091 0.00305693 0)
(0.000133451 0.00328724 -1.02295e-20)
(0.00327539 0.00353564 8.87439e-22)
(0.00334728 0.00361284 2.49248e-22)
(0.00184155 0.000196623 4.67969e-21)
(0.00348755 0.0037707 2.84489e-22)
(0.0018536 0.00226569 -8.37669e-22)
(0.00249009 0.00272756 4.83145e-22)
(0.00192142 0.00232524 -4.31324e-22)
(0.00256131 0.00278903 4.55181e-22)
(0.00205235 0.00245244 -4.54953e-22)
(0.00270412 0.00292119 4.51401e-22)
)
;

boundaryField
{
    back
    {
        type            empty;
    }
    front
    {
        type            empty;
    }
    ingreso
    {
        type            fixedValue;
        value           uniform (0.000970309 0 0);
    }
    salida
    {
        type            zeroGradient;
    }
    defaultFaces
    {
        type            noSlip;
    }
}


// ************************************************************************* //
