/*--------------------------------*- C++ -*----------------------------------*\
  =========                 |
  \\      /  F ield         | OpenFOAM: The Open Source CFD Toolbox
   \\    /   O peration     | Website:  https://openfoam.org
    \\  /    A nd           | Version:  8
     \\/     M anipulation  |
\*---------------------------------------------------------------------------*/
FoamFile
{
    version     2.0;
    format      ascii;
    class       volVectorField;
    location    "6.2";
    object      U;
}
// * * * * * * * * * * * * * * * * * * * * * * * * * * * * * * * * * * * * * //

dimensions      [0 1 -1 0 0 0 0];

internalField   nonuniform List<vector> 
1642
(
(4.43606e-06 -5.22849e-06 1.20714e-26)
(0.00205678 0.00505237 9.89429e-21)
(0.00232839 0.00485358 5.73025e-21)
(0.00220803 0.00377009 3.12554e-20)
(0.000876691 1.40561e-05 1.43527e-21)
(0.000708715 0.000134232 3.6686e-20)
(0.00106919 0.000161212 8.94581e-21)
(0.00105928 0.000240305 -3.92241e-24)
(0.000688882 0.00047388 8.70801e-21)
(0.000847765 0.000244184 2.3147e-20)
(0.00268175 0.00314249 -1.71802e-20)
(0.000337319 0.000936926 -1.87996e-20)
(0.000774485 0.000381276 2.28213e-20)
(0.000882999 0.000195261 -1.5529e-20)
(0.000483142 0.000397131 0)
(0.000695704 0.00050516 0)
(2.27544e-05 0.000244922 -1.22436e-20)
(1.67344e-07 0.000207657 2.02833e-20)
(1.49447e-05 1.95e-05 4.85572e-25)
(2.73361e-05 1.13117e-05 4.18986e-21)
(0.000899864 0.000137327 -5.93587e-21)
(0.000973592 0.000250437 6.81295e-21)
(0.000869271 0.000187817 0)
(0.00232776 6.57045e-05 -2.02363e-20)
(0.000342184 0.000239975 -3.38714e-20)
(3.4741e-05 0.000510265 -4.34522e-21)
(0.000825696 -9.72411e-05 1.33134e-20)
(0.000115901 0.000225898 0)
(0.00415394 0.00433221 5.07838e-22)
(0.00421374 0.00438361 1.91016e-22)
(0.00437545 0.00454496 -2.28951e-22)
(0.00101953 8.91152e-05 -1.03771e-20)
(0.000332291 0.00121668 0)
(4.13254e-05 -4.54327e-05 -4.42783e-21)
(0.000361895 0.000218748 1.02989e-20)
(0.000394395 0.000435191 -1.93003e-21)
(0.000898054 0.000399407 -3.37481e-20)
(0.000936862 2.93094e-05 3.21767e-22)
(0.000412605 0.000324894 -8.91574e-25)
(0.000906679 0.000249485 -1.01655e-20)
(0.00082292 0.000190112 0)
(1.87483e-05 4.52315e-05 -2.38357e-21)
(3.43852e-05 8.48335e-06 0)
(0.00079211 0.00498818 -2.09911e-20)
(-0.00155886 5.27739e-06 -1.98094e-21)
(0.000752056 3.68249e-05 -2.23375e-21)
(0.00085709 1.69169e-05 6.6444e-22)
(0.000486785 0.000108979 -4.63453e-21)
(0.000357396 0.000122778 -1.30435e-20)
(0.000673944 0.000393039 -1.99718e-20)
(3.33809e-05 8.55821e-05 -4.90338e-21)
(0.000746017 0.000412687 -6.36707e-21)
(1.56307e-05 -6.0656e-06 3.4755e-21)
(0.000205141 0.00468831 0)
(0.00251968 0.00377099 -1.53495e-20)
(0.000565926 0.000485562 1.00459e-21)
(0.00106466 0.000192915 -4.52167e-21)
(0.000195567 1.08869e-05 -6.75547e-21)
(0.00121827 0.000409751 -2.70723e-20)
(0.000356105 -0.000343041 0)
(0.000268107 0.000143388 0)
(0.000929039 5.66666e-05 -1.26921e-21)
(9.07355e-05 -7.24339e-05 3.72365e-21)
(0.00140238 0.000175595 -1.89914e-20)
(7.4993e-05 0.00042328 1.5622e-20)
(5.58042e-05 9.73801e-06 1.1609e-21)
(0.000110139 0.000125599 0)
(4.89853e-05 1.76216e-05 -4.72491e-21)
(0.000440175 0.000531275 5.2427e-21)
(6.15904e-06 6.13393e-05 -4.40993e-21)
(0.000315803 9.68145e-05 -1.25876e-20)
(7.46864e-05 0.000279991 -1.38767e-20)
(0.000249667 7.16536e-05 1.66881e-20)
(0.000878334 3.55376e-05 1.29544e-21)
(0.000474516 0.000622992 8.23419e-21)
(0.00130357 0.00156899 -2.14438e-21)
(0.00424559 0.00441938 7.41177e-25)
(0.00408018 0.00426278 0)
(0.004012 0.00420935 -2.63564e-22)
(0.000430838 0.000181583 5.92097e-21)
(5.80277e-05 -1.20155e-07 2.37915e-21)
(3.45588e-05 2.03803e-05 1.64149e-20)
(0.00110682 0.000371713 -1.75585e-20)
(0.000963063 0.000456554 1.08973e-20)
(-0.0020449 0.000351432 0)
(0.000440261 0.000632015 -3.95898e-21)
(0.000415722 0.000534006 -1.514e-20)
(8.74444e-06 -9.50115e-05 0)
(0.000557649 0.000593412 3.86427e-21)
(3.32655e-05 -3.24819e-05 -1.78641e-21)
(0.00103927 0.00012383 -7.11404e-21)
(0.000123235 0.000328336 2.87427e-20)
(0.000747615 0.000566834 -1.81398e-20)
(0.000454808 0.000465416 -7.84563e-21)
(0.000541449 0.000398858 -3.09944e-20)
(7.08285e-05 -0.000185225 -1.03701e-21)
(0.000792162 0.00016124 -2.51232e-20)
(0.000574532 0.000336878 2.66342e-20)
(0.000353915 0.000318864 1.57073e-20)
(0.000455661 0.00052961 -1.04426e-20)
(0.000413868 0.000613924 1.94391e-20)
(0.000509663 0.000773077 0)
(2.30699e-05 -0.000187909 8.69571e-21)
(0.00473953 0.00465964 -1.28717e-22)
(0.00456144 0.00448944 1.80206e-20)
(0.00449356 0.00442591 4.92755e-21)
(0.00428505 0.00405168 1.94097e-20)
(0.004232 0.004001 2.08117e-22)
(0.00445393 0.0041999 3.68125e-21)
(0.00429558 0.00403457 -1.20218e-22)
(0.00427936 0.00404891 6.11183e-21)
(0.00424124 0.00397877 -7.47173e-21)
(0.00445141 0.00420994 0)
(0.00446264 0.00419225 6.11759e-21)
(0.00430187 0.00403846 1.73894e-21)
(0.00430142 0.00403781 3.62662e-21)
(0.00446205 0.00419201 -1.15377e-21)
(0.00423428 0.00401295 0)
(0.00426337 0.0032816 0)
(0.00407952 0.00358614 8.56778e-21)
(0.00424201 0.00398832 -1.01936e-21)
(0.00357815 0.00303213 -2.38619e-20)
(0.00422094 0.00328343 0)
(0.000403224 0.000628501 3.84168e-21)
(0.000528658 0.000592885 0)
(0.000315993 -8.62799e-05 2.50019e-21)
(0.000950454 0.000228742 1.44418e-20)
(7.62557e-06 -5.9764e-05 0)
(0.00055492 0.000280145 4.90668e-21)
(0.000605218 0.000325652 -1.44554e-20)
(0.000416926 2.18314e-05 0)
(0.000213287 -0.000108705 -2.44041e-21)
(2.24959e-05 -4.2842e-05 -1.04711e-21)
(0.000778106 0.00011587 9.00274e-21)
(5.70957e-05 -1.03604e-05 -8.70175e-26)
(3.30327e-05 -5.69515e-05 1.09705e-21)
(0.000617226 0.000276471 -2.70367e-21)
(0.000316825 -4.97475e-06 2.68929e-21)
(0.000618752 0.000216591 0)
(0.00070123 0.000378159 0)
(2.47792e-05 0.000386816 8.36389e-21)
(5.84317e-05 1.98456e-05 -1.57766e-21)
(9.68041e-05 7.50335e-05 0)
(0.00033361 6.01678e-05 1.13861e-20)
(0.000599446 0.000451308 3.93149e-20)
(6.60015e-05 0.00022086 1.4735e-20)
(0.000815879 0.000105535 0)
(4.81762e-05 0.00013106 2.03085e-20)
(0.000827984 0.000151217 -2.5673e-21)
(0.000704607 0.000181322 4.24717e-20)
(0.000280912 0.000186473 1.70636e-20)
(0.000850646 4.6758e-05 3.86076e-21)
(6.58526e-05 -1.62119e-05 -2.23122e-21)
(0.000318847 0.00023653 0)
(0.00105374 -9.44435e-05 1.22612e-20)
(0.00084331 0.000147106 0)
(0.000883688 0.000117748 -2.10889e-21)
(4.68487e-06 2.2281e-05 -1.40327e-20)
(6.33076e-06 -4.48964e-05 -6.65674e-23)
(-1.3511e-05 0.000295537 0)
(8.81499e-05 7.51539e-05 3.8466e-20)
(6.57076e-05 5.04098e-05 -4.0915e-21)
(0.000137694 -4.52917e-05 1.10984e-21)
(0.000902692 0.000224973 0)
(5.28937e-06 -2.93092e-05 0)
(0.000850632 6.55972e-05 0)
(0.000889172 7.68476e-05 0)
(5.26071e-05 -1.9182e-05 -2.4679e-21)
(0.000870417 8.29057e-06 -5.60071e-21)
(1.82886e-05 -0.000187855 -2.06031e-21)
(-1.40944e-05 0.000301058 -2.07315e-20)
(-2.18446e-06 0.000173791 -1.79188e-20)
(5.25595e-06 4.76373e-05 4.3446e-21)
(2.37628e-06 0.000146034 1.82016e-20)
(0.000675793 -1.40545e-05 -6.57519e-21)
(2.0529e-05 -0.000106534 1.96708e-21)
(0.000795006 0.000232425 1.04312e-20)
(0.000355691 0.000141811 1.53192e-20)
(0.000604351 0.00022442 0)
(0.000547844 0.000455334 -3.96401e-21)
(0.000972777 0.000369405 9.10491e-21)
(3.95796e-05 2.0269e-05 1.46838e-20)
(0.000764297 0.000804761 3.94735e-21)
(4.12761e-06 3.22501e-05 7.02705e-21)
(4.64901e-06 0.000120527 0)
(0.000547357 0.000311522 1.08127e-20)
(0.000623295 8.42797e-05 9.60036e-22)
(4.96426e-05 -9.6817e-06 -9.75169e-21)
(0.000198403 -0.000191013 1.32983e-21)
(0.000922045 0.000341633 1.81843e-24)
(0.000470966 0.000483604 1.3511e-25)
(0.000377111 0.000126705 -1.2458e-20)
(4.87779e-05 3.15568e-05 1.86896e-21)
(0.000304568 0.000277899 -8.21443e-21)
(0.000188574 -8.16308e-05 -2.34392e-21)
(0.000719844 -3.6581e-05 1.58939e-24)
(0.000401143 0.000623062 -9.27033e-22)
(5.03733e-05 -2.38667e-06 7.74454e-21)
(0.000298884 0.000428253 -1.95055e-20)
(0.000599844 0.000213505 3.32051e-20)
(6.33471e-05 1.02925e-05 -4.43368e-21)
(8.06017e-05 1.12086e-06 -2.77879e-22)
(0.000528296 0.000676551 -4.03728e-21)
(0.000627509 0.000436486 1.20772e-20)
(0.0010322 0.000132352 0)
(4.21101e-05 8.19867e-06 1.22785e-20)
(0.000399743 0.000219345 -9.24737e-21)
(0.0044626 0.00421171 -1.80602e-20)
(0.0042465 0.00400036 -7.88835e-21)
(0.00430361 0.00405629 -7.28966e-21)
(0.0044593 0.00421416 -1.09556e-20)
(0.00445708 0.00421685 0)
(0.00245814 0.00247472 4.4159e-21)
(0.00245772 0.00247306 -2.32223e-23)
(0.00424297 0.0039977 -8.04963e-21)
(0.00446079 0.00421367 6.3269e-21)
(0.00429873 0.00405448 -9.20913e-21)
(0.00446134 0.00421424 -6.19446e-21)
(0.00430176 0.00405383 7.50857e-21)
(0.00244582 0.00246542 0)
(0.00446015 0.00421675 0)
(0.00245532 0.00245879 -3.55234e-21)
(0.00445944 0.00421209 -5.58016e-21)
(0.0042528 0.00399409 -4.87807e-21)
(0.00446156 0.00421833 -1.45248e-20)
(0.00424969 0.00400243 0)
(0.00235956 0.00237417 -3.63046e-21)
(0.00482634 0.00421857 -3.0529e-20)
(0.00246261 0.00245249 1.60155e-20)
(0.00237054 0.00238705 -6.9313e-21)
(0.00245786 0.00247217 -1.28191e-20)
(0.00236902 0.00238825 -9.35471e-21)
(0.00245616 0.00247175 1.04485e-20)
(0.00246197 0.00245811 -1.11671e-20)
(0.00246084 0.00247462 -1.08455e-22)
(0.00244503 0.00246384 8.3447e-21)
(0.00236138 0.00238212 1.3293e-20)
(0.0024522 0.00246844 2.19317e-20)
(0.00444843 0.00421608 -6.93084e-21)
(0.00430554 0.00405706 -3.33566e-21)
(0.00510819 0.00429811 2.31605e-20)
(0.00430244 0.0040569 -1.28484e-22)
(0.00445928 0.00421862 6.5239e-21)
(0.00558581 0.00463645 -1.59682e-20)
(0.00446711 0.00421667 3.2715e-21)
(0.00429965 0.00404756 1.13651e-21)
(0.00245536 0.00246999 6.70497e-21)
(0.00280258 0.00270517 -1.56512e-20)
(0.00428141 0.00399617 0)
(0.00446103 0.00419981 -1.0863e-21)
(0.00245049 0.00247732 2.27937e-21)
(0.00445847 0.00421067 -1.1532e-20)
(0.00442302 0.00402502 0)
(0.00486607 0.00420331 7.55679e-21)
(0.00446606 0.00420238 1.74353e-21)
(0.00430561 0.00405156 1.83451e-21)
(0.00425237 0.00399738 -2.12549e-21)
(0.00443446 0.00422069 1.69993e-20)
(0.00424065 0.0040035 1.03414e-20)
(0.00430449 0.00404978 -1.81031e-21)
(0.00423749 0.00400885 0)
(0.00431469 0.00414615 0)
(0.00431175 0.0041478 -1.41379e-20)
(0.00237249 0.00239911 2.38307e-21)
(0.00259542 0.00253447 -1.54454e-20)
(0.00432833 0.00414214 6.92275e-21)
(0.0042512 0.00400063 0)
(0.00430096 0.00406279 -1.09091e-20)
(0.00347139 0.00323565 -2.31065e-22)
(0.00431673 0.00407702 6.43079e-21)
(0.00244255 0.00246439 -6.99607e-21)
(0.00446687 0.00420465 -1.76684e-21)
(0.00236217 0.00238806 4.29063e-21)
(0.00424227 0.00400867 6.86623e-21)
(0.00450772 0.00419144 7.35406e-21)
(0.00465528 0.00428865 0)
(0.00240643 0.00240045 -2.62991e-20)
(0.00430271 0.00406421 1.21679e-20)
(0.00445871 0.00421142 5.90675e-21)
(0.00237332 0.00238462 1.34821e-22)
(0.00246827 0.00247007 -6.69315e-21)
(0.00236197 0.00238612 2.11302e-21)
(0.00244825 0.0024621 -5.88588e-21)
(0.00346152 0.00329518 -1.71496e-20)
(0.0044559 0.00420263 -1.80114e-21)
(0.00430776 0.00405279 0)
(0.00237607 0.00239482 4.79619e-21)
(0.0042376 0.00400155 0)
(0.00237776 0.00240096 -2.43477e-21)
(0.00235326 0.00236982 1.62918e-20)
(0.00446961 0.00420671 0)
(0.00425383 0.004 6.45208e-21)
(0.00424274 0.0040047 6.26648e-21)
(0.00447238 0.00421718 6.11006e-21)
(0.00244092 0.00246652 2.03888e-21)
(0.00238051 0.00239564 0)
(0.00243548 0.0024654 4.37388e-21)
(0.00287679 0.0027791 1.79648e-20)
(0.00288458 0.00283425 0)
(0.0043009 0.00406418 1.15631e-20)
(0.00425162 0.00399682 3.51101e-21)
(0.00243555 0.00246556 -1.36489e-21)
(0.00430475 0.00405056 -3.15767e-21)
(0.00236351 0.00238683 5.27346e-21)
(0.00235705 0.00238626 -4.13949e-21)
(0.00424054 0.00400234 -1.01059e-20)
(0.0023221 0.00222366 0)
(0.00234279 0.00237016 -1.28658e-20)
(0.00245024 0.00247512 1.34973e-21)
(0.00446634 0.00420382 -3.03415e-21)
(0.0023708 0.00239557 1.40766e-21)
(0.0023767 0.00239315 0)
(0.0024203 0.00244303 7.18127e-21)
(0.00369269 0.00348343 0)
(0.00238574 0.00239084 -1.8851e-20)
(0.00245886 0.00248182 -2.35421e-21)
(0.00234958 0.00237363 3.33083e-25)
(0.00234929 0.00237701 -6.97709e-21)
(0.00424652 0.00400075 -7.37428e-21)
(0.00443475 0.0042061 -1.31918e-21)
(0.003047 0.00329821 -9.08775e-21)
(0.00245234 0.00244637 -4.01115e-21)
(0.00234157 0.00236192 0)
(0.00235682 0.00235297 1.45668e-20)
(0.00531151 0.00465742 -1.6401e-20)
(0.00434875 0.00477383 8.83979e-21)
(0.00236816 0.00238858 0)
(0.00461533 0.00407889 7.33324e-21)
(0.00240022 0.00229659 3.21001e-22)
(0.00424065 0.00400322 0)
(0.00245285 0.00246821 -1.30899e-20)
(0.00236343 0.00237624 -2.7942e-20)
(0.00424338 0.00399495 -1.37312e-21)
(0.00430533 0.00405427 6.31977e-21)
(0.00446255 0.00421679 4.8274e-21)
(0.00446915 0.00420842 4.44568e-21)
(0.00235996 0.00238705 -1.50944e-21)
(0.00235712 0.00238474 2.59162e-21)
(0.00234451 0.00235575 0)
(0.00236067 0.00238222 3.35059e-21)
(0.00425363 0.00399607 0)
(0.00429294 0.00406122 -5.88185e-24)
(0.00451788 0.0040712 0)
(0.00237836 0.002368 1.35598e-20)
(0.00446718 0.0042073 6.09945e-21)
(0.00254445 0.00250477 0)
(0.00336191 0.00339731 9.18087e-21)
(0.00375297 0.00357403 -2.62044e-20)
(0.00246737 0.00247825 0)
(0.00246116 0.00248171 0)
(0.00238375 0.0023911 -6.1466e-21)
(0.00235389 0.00237127 -7.49481e-21)
(0.00424876 0.00399673 3.20399e-21)
(0.00435442 0.00436011 0)
(0.00430738 0.00405497 4.60131e-21)
(0.00440839 0.00419261 4.76954e-22)
(0.00238124 0.00240062 0)
(0.00424857 0.00403768 -1.77866e-21)
(0.00363237 0.00362146 2.85599e-23)
(0.00430714 0.00405476 5.79666e-21)
(0.00236474 0.00236748 -4.35555e-21)
(0.00238235 0.00238642 7.99028e-21)
(0.00445749 0.0042149 7.50141e-21)
(0.00429858 0.00405931 1.3475e-22)
(0.00429869 0.00405821 -3.917e-21)
(0.00236685 0.00238953 3.11665e-21)
(0.00423818 0.00400432 4.50457e-21)
(0.00245478 0.00246682 1.20471e-20)
(0.004239 0.00400403 -8.60402e-21)
(0.00416441 0.00502525 0)
(0.00230452 0.00220625 -6.19459e-22)
(0.0023547 0.00236841 -5.70405e-21)
(0.00430098 0.00406436 -5.73272e-21)
(0.00430727 0.00405537 7.96288e-21)
(0.00236452 0.00237616 0)
(0.00532634 0.00504273 -1.64653e-20)
(0.00424107 0.00400185 -1.12904e-20)
(0.00242361 0.00244861 1.41535e-20)
(0.00235502 0.0023693 -7.33297e-21)
(0.00432838 0.00409141 1.31318e-20)
(0.00235216 0.00236671 0)
(0.00235453 0.00236975 1.23562e-20)
(0.00235982 0.00238787 9.64374e-21)
(0.0023694 0.00237037 0)
(0.00430729 0.00405533 5.70313e-21)
(0.00447018 0.00421112 -1.01867e-20)
(0.00446101 0.00421026 -4.34664e-21)
(0.00446339 0.0042042 1.11305e-21)
(0.00446175 0.00421595 9.40105e-21)
(0.00445151 0.00421476 -1.19935e-20)
(0.00245443 0.00246688 0)
(0.00244802 0.00243838 -1.68186e-20)
(0.00235136 0.00235129 4.41627e-21)
(0.00430282 0.00405124 -1.1631e-21)
(0.00247282 0.00246911 -2.20336e-20)
(0.00234444 0.00237016 1.39826e-21)
(0.00279659 0.00269418 -8.8323e-21)
(0.00245379 0.00246049 -6.55504e-21)
(0.00430082 0.00406342 5.03075e-21)
(0.00447212 0.00421393 2.66445e-21)
(0.0023441 0.00236244 -7.7607e-21)
(0.00424009 0.00400277 0)
(0.00424325 0.00400514 3.78463e-20)
(0.00424299 0.00399483 2.36781e-21)
(0.00244161 0.00246779 -1.52803e-21)
(0.00234804 0.0023765 -2.11845e-21)
(0.00234976 0.0023772 2.03784e-21)
(0.002455 0.00247055 2.54142e-20)
(0.00424181 0.00400872 1.38423e-20)
(0.00246314 0.00248306 5.13358e-21)
(0.00237252 0.0023891 5.51863e-21)
(0.00244984 0.00246564 -2.52509e-20)
(0.00236067 0.00237399 7.14796e-21)
(0.00425212 0.00399858 2.61023e-21)
(0.002355 0.00236871 2.36845e-20)
(0.00425143 0.00399888 -1.58123e-20)
(0.0024567 0.00246354 -6.90326e-21)
(0.00243751 0.00246638 0)
(0.00239918 0.00240096 2.42383e-20)
(0.00430058 0.00405411 -4.88412e-21)
(0.00235875 0.00238602 0)
(0.00234918 0.00236769 -5.17554e-21)
(0.00236913 0.00239409 3.87053e-24)
(0.00423483 0.0039936 0)
(0.00425279 0.00399713 -2.25362e-21)
(0.00242602 0.00245049 3.33122e-21)
(0.00445944 0.00421509 5.37691e-21)
(0.00425185 0.003996 -4.20404e-21)
(0.00430154 0.00406257 5.59054e-21)
(0.00235163 0.00237038 -7.11863e-21)
(0.00424257 0.00400621 -1.31126e-20)
(0.00433962 0.00412955 -2.68392e-20)
(0.00433669 0.00411184 1.33558e-20)
(0.00236754 0.00238785 2.75934e-21)
(0.00245079 0.00247047 0)
(0.00424163 0.00400435 -2.36619e-20)
(0.00286365 0.00268541 0)
(0.00234794 0.00236456 5.77055e-21)
(0.00462483 0.00418984 7.46233e-21)
(0.00234931 0.00236318 3.99629e-21)
(0.00237541 0.00238988 5.73785e-21)
(0.00309603 0.00291224 7.87462e-21)
(0.00244947 0.00246702 1.0947e-22)
(0.00235205 0.00237412 -6.68346e-21)
(0.00235089 0.00237626 -4.63429e-21)
(0.00237828 0.00239783 -5.83707e-21)
(0.00446744 0.00420525 -2.0426e-21)
(0.00236878 0.00238988 3.31435e-21)
(0.00243189 0.00241334 -7.02577e-21)
(0.00430575 0.00405238 -2.11729e-21)
(0.00446087 0.00421837 -1.01397e-20)
(0.00465815 0.00421305 0)
(0.00430546 0.00406571 1.22983e-20)
(0.00235753 0.00237069 1.1971e-20)
(0.00245275 0.00246571 2.88779e-20)
(0.00242723 0.00245357 -2.83242e-20)
(0.0041911 0.00398454 -2.50467e-21)
(0.00238191 0.00240199 -8.02889e-21)
(0.00433479 0.00416594 6.8351e-21)
(0.00425342 0.00399917 0)
(0.00237518 0.00239332 1.52867e-20)
(0.00241984 0.00243932 -4.66524e-22)
(0.0042408 0.00400325 0)
(0.00236301 0.00237413 -1.15892e-24)
(0.00443772 0.00420586 -2.14405e-20)
(0.00511135 0.00428473 -8.03126e-21)
(0.00514157 0.00478535 8.19108e-21)
(0.00445865 0.00421204 0)
(0.00424138 0.00400879 7.01304e-21)
(0.00238068 0.00239567 5.4156e-21)
(0.00479637 0.00481695 0)
(0.002445 0.00244355 0)
(0.00291313 0.00282069 -2.75211e-20)
(0.0023636 0.0023751 0)
(0.00459983 0.00413722 0)
(0.00235408 0.0023704 0)
(0.00236102 0.00237332 0)
(0.00234033 0.00236978 -1.40232e-21)
(0.00233671 0.00236231 1.49263e-21)
(0.00245618 0.00245781 1.4722e-20)
(0.0024597 0.0024737 1.94597e-20)
(0.00445974 0.00421145 -5.87409e-21)
(0.00235884 0.00238756 1.78381e-21)
(0.00438977 0.00418165 -1.33087e-22)
(0.00237141 0.00238627 7.31061e-21)
(0.00446111 0.00421496 3.39104e-21)
(0.00232132 0.00235755 -1.11822e-20)
(0.0043036 0.00405027 2.97905e-21)
(0.00424387 0.00400139 0)
(0.0055891 0.00488751 -8.10927e-21)
(0.00234188 0.00236642 0)
(0.00238823 0.00239133 6.44686e-21)
(0.00241714 0.00240071 -6.82988e-21)
(0.00245066 0.00246741 0)
(0.00242989 0.002402 -1.27092e-22)
(0.0023538 0.00237023 5.27677e-21)
(0.0024302 0.00239848 7.02002e-21)
(0.00238091 0.00237726 -8.5082e-21)
(0.00244763 0.00246341 1.13681e-20)
(0.00259339 0.00295119 3.94454e-20)
(0.00423082 0.00402921 -3.97081e-23)
(0.00446008 0.00421811 -6.54637e-21)
(0.00243749 0.00240381 -2.13957e-20)
(0.00236436 0.00238995 7.45873e-22)
(0.00320951 0.00340141 -9.40113e-21)
(0.00234433 0.00234244 1.52562e-20)
(0.00445239 0.00420029 7.12854e-21)
(0.00236202 0.00238649 7.68789e-21)
(0.00244266 0.00246691 7.43486e-21)
(0.00244631 0.00244034 4.63474e-21)
(0.00258807 0.00255993 -7.82922e-21)
(0.00237888 0.00239326 0)
(0.0023798 0.00239137 1.18106e-20)
(0.00236455 0.00238913 3.51519e-21)
(0.00237075 0.00235851 2.40762e-20)
(0.0024623 0.00248055 0)
(0.00236141 0.00235876 -1.37601e-20)
(0.0043029 0.00405685 0)
(0.00241628 0.00245715 -4.17965e-21)
(0.003159 0.00291503 8.33812e-21)
(0.00430478 0.00405707 0)
(0.0023692 0.00238959 -2.28014e-24)
(0.00244935 0.00247034 -2.79771e-24)
(0.00265842 0.00258343 0)
(0.00339966 0.00316034 -8.24461e-21)
(0.00455873 0.00433718 -1.78954e-20)
(0.00236469 0.00237194 -9.14361e-24)
(0.0023331 0.00236868 0)
(0.00424343 0.00400774 6.56791e-21)
(0.00446528 0.00420356 -2.85922e-21)
(0.00234906 0.00235522 1.00416e-21)
(0.00244624 0.00246493 -6.77396e-21)
(0.00235643 0.00237153 0)
(0.00235542 0.00237105 -1.26004e-20)
(0.00271657 0.00275042 1.83121e-20)
(0.00429418 0.00405002 -2.7659e-21)
(0.00236198 0.00237559 -1.28132e-20)
(0.00243894 0.00245813 0)
(0.00428385 0.00405143 -7.36454e-22)
(0.00242702 0.00244556 -2.22057e-20)
(0.00430683 0.00405414 -3.11197e-21)
(0.00235365 0.00237832 -8.09604e-21)
(0.00423548 0.00400636 0)
(0.00233771 0.00236558 -4.75531e-21)
(0.00244577 0.00245018 1.13469e-22)
(0.00245473 0.00244301 4.22035e-21)
(0.00244817 0.00247358 3.04637e-21)
(0.00186632 0.00193668 0)
(0.00236069 0.00237389 4.05199e-21)
(0.00243398 0.0024044 -1.38389e-20)
(0.00444028 0.00421203 2.83309e-20)
(0.00244352 0.002469 3.38315e-21)
(0.00417557 0.00397497 6.15605e-22)
(0.00425146 0.00400163 -6.51889e-21)
(0.00480343 0.00507243 8.28576e-21)
(0.00248296 0.00248602 -7.41179e-21)
(0.00236582 0.00235501 -4.8377e-21)
(0.00446991 0.00420874 7.66119e-21)
(0.00243533 0.00243246 4.84036e-21)
(0.00427463 0.00405198 6.54364e-22)
(0.0024174 0.00245499 -2.68736e-23)
(0.00244395 0.00251859 -2.10496e-20)
(0.00235772 0.00237972 0)
(0.00445477 0.00421912 0)
(0.00423265 0.00400412 1.35189e-20)
(0.00245464 0.00248059 1.84784e-21)
(0.00424932 0.00399476 1.40678e-21)
(0.00236069 0.0023881 4.59013e-21)
(0.00241985 0.00246007 0)
(0.00236133 0.00238204 -9.20355e-21)
(0.0042415 0.00400412 0)
(0.00244021 0.00243195 -8.99882e-21)
(0.00433995 0.00400165 -1.61893e-20)
(0.00235805 0.00235807 5.16339e-21)
(0.00234178 0.00236647 -4.73707e-21)
(0.00233825 0.00237803 -4.32928e-21)
(0.0052872 0.00447513 1.64702e-20)
(0.0042414 0.00400821 -1.41703e-20)
(0.00447232 0.00421448 0)
(0.00449559 0.00419335 1.20094e-20)
(0.00244749 0.00243599 -4.86499e-25)
(0.00235766 0.00237968 -4.444e-21)
(0.00234895 0.00234554 4.73175e-21)
(0.00446869 0.00421766 0)
(0.00430001 0.00406373 0)
(0.00430116 0.00406027 -5.09764e-21)
(0.00244373 0.00244103 9.66416e-21)
(0.00234571 0.0023684 -9.83974e-21)
(0.00245215 0.00247071 0)
(0.00430886 0.00407139 2.47388e-20)
(0.00234652 0.00236958 1.42344e-20)
(0.00243873 0.00245831 0)
(0.00539424 0.00443217 0)
(0.00233908 0.00236683 -8.35506e-21)
(0.00446592 0.00420225 -2.66153e-21)
(0.00236967 0.00236229 4.41069e-21)
(0.00244548 0.00243861 0)
(0.00233294 0.00235886 -1.80751e-21)
(0.00234408 0.00238404 5.34445e-21)
(0.00237524 0.00240011 1.91678e-21)
(0.00430468 0.00404891 2.71461e-21)
(0.00424044 0.0040021 1.09569e-20)
(0.00235459 0.00238061 -7.80816e-21)
(0.00241498 0.0024517 -1.31865e-22)
(0.00446094 0.00421366 3.50861e-21)
(0.00236601 0.00236237 0)
(0.00233826 0.00236477 0)
(0.00446031 0.00421302 0)
(0.00122859 0.001386 0)
(0.0044465 0.0042033 0)
(0.00235903 0.00238503 -2.90701e-21)
(0.00236143 0.00236051 1.10093e-20)
(0.00248986 0.00246983 -7.58377e-21)
(0.00425084 0.00399637 3.77887e-21)
(0.00235387 0.00235131 2.22176e-20)
(0.0023221 0.00235787 -3.18802e-21)
(0.00242071 0.00247746 0)
(0.00430773 0.00405382 -2.59322e-21)
(0.00235639 0.00235469 0)
(0.00231821 0.00236163 1.14718e-22)
(0.00237881 0.00239104 -7.41632e-21)
(0.00232489 0.00235883 8.68413e-21)
(0.00242333 0.00246266 3.47406e-21)
(0.00246657 0.00237838 -1.55661e-20)
(0.00241838 0.00245165 -2.70699e-23)
(0.0023535 0.00235382 -1.49271e-20)
(0.00238845 0.00218954 7.82404e-21)
(0.00233378 0.00236664 0)
(0.00234677 0.00234367 0)
(0.0023401 0.00239824 0)
(0.00106947 0.00193398 2.42479e-20)
(0.00243471 0.0024326 -8.1307e-24)
(0.00234133 0.0023782 4.68881e-21)
(0.00244576 0.00244587 -2.10518e-20)
(0.00234273 0.00237528 -2.75396e-23)
(0.00233946 0.00233937 -2.62027e-20)
(0.00237384 0.00237993 0)
(0.0043045 0.00405665 6.85041e-21)
(0.00231825 0.00235908 0)
(0.00233827 0.00233908 -1.3715e-20)
(0.00241821 0.00244942 0)
(0.00234256 0.00237595 8.54373e-21)
(0.00241737 0.00244911 2.87473e-21)
(0.00234116 0.00237594 5.92265e-21)
(0.00242192 0.00253016 5.95476e-22)
(0.00234129 0.00244982 -4.94249e-22)
(0.00244331 0.00243863 -6.60478e-21)
(0.0023706 0.00234058 -6.45483e-21)
(0.00244957 0.00267254 7.73402e-22)
(0.00243664 0.00243217 -1.29833e-20)
(0.00241848 0.00245758 4.53177e-21)
(0.00235209 0.00235337 5.38592e-21)
(0.00234115 0.00238116 0)
(0.00234036 0.0023732 5.28006e-21)
(0.00241534 0.0024546 -2.47592e-21)
(0.00233952 0.00237497 -2.55958e-21)
(0.00236642 0.00234356 -6.72606e-21)
(0.00233905 0.00233925 -1.42791e-20)
(0.0024494 0.00244565 -2.03443e-20)
(0.00238218 0.00242826 -6.88604e-21)
(0.00250472 0.00271962 4.90182e-21)
(0.00244319 0.00244009 -5.75433e-21)
(0.0023492 0.00234526 1.16391e-20)
(0.0023573 0.00235338 -1.20128e-20)
(0.0023393 0.0023806 0)
(0.0022824 0.00228141 -2.34467e-20)
(0.00422869 0.00399422 0)
(0.00242244 0.00245287 -6.53528e-21)
(0.00218639 0.00188018 -2.38894e-20)
(0.00242343 0.00245259 -3.52964e-21)
(0.00234712 0.00234724 1.37915e-20)
(0.00189322 0.00218603 2.91512e-20)
(0.00232242 0.00236111 1.00756e-20)
(0.00241799 0.00245906 0)
(0.0024199 0.00244984 -6.00412e-21)
(0.00243032 0.00239006 7.00128e-21)
(0.0024538 0.00245002 2.24193e-20)
(0.00234591 0.00234592 -1.32165e-20)
(0.00235891 0.00231452 0)
(0.00236788 0.00258802 1.35123e-21)
(0.00244303 0.00243931 2.22473e-20)
(0.00244441 0.00244124 0)
(0.00244948 0.0024456 -7.8543e-24)
(0.0022565 0.00209942 -9.97967e-24)
(0.00231705 0.00233833 8.0122e-24)
(0.00243765 0.00243294 -6.84879e-21)
(0.00243769 0.00243452 -8.43457e-24)
(0.00235245 0.00237111 1.51908e-20)
(0.00233807 0.00224096 -1.67089e-20)
(0.00235792 0.00235849 -8.10421e-21)
(0.00234383 0.00237212 -7.9794e-21)
(0.0024859 0.00253944 1.89073e-23)
(0.00234248 0.00234225 -1.48591e-20)
(0.00232066 0.00236144 -4.19262e-21)
(0.00252421 0.00262926 -7.31125e-21)
(0.00425328 0.00399681 -2.70889e-21)
(0.00256249 0.00272634 -2.39045e-20)
(0.00242655 0.00250127 -6.81098e-22)
(0.00234635 0.00242159 -9.43674e-23)
(0.00234931 0.00234839 0)
(0.00234711 0.00234976 0)
(0.00232107 0.00236406 -1.87868e-21)
(0.0023235 0.00236128 -1.43545e-22)
(0.00232093 0.00235976 -2.31001e-21)
(0.00232215 0.00235902 -5.19384e-21)
(0.00231921 0.00235799 5.2184e-21)
(0.00421152 0.00399325 2.21871e-21)
(0.00236055 0.00236386 -1.55251e-20)
(3.04664e-05 2.27227e-05 -1.0076e-20)
(4.5182e-05 -1.64275e-05 4.97609e-21)
(9.23944e-05 0.000120096 1.39596e-21)
(0.00018664 -3.62031e-05 2.17684e-21)
(0.000986127 9.21234e-05 0)
(6.90045e-05 7.23232e-05 -8.99922e-22)
(0.000623754 0.00037127 3.74122e-20)
(5.9055e-05 0.000146857 0)
(0.000214033 -4.59096e-05 0)
(7.99456e-05 -1.70542e-05 -1.46123e-22)
(0.000628295 0.000107858 -1.43444e-20)
(0.00449439 0.00442748 -9.80046e-21)
(0.00449222 0.00442615 4.61531e-21)
(0.00473906 0.00466046 6.65946e-23)
(0.00429414 0.00404652 1.19415e-20)
(0.00423822 0.00399185 1.26558e-20)
(0.00455992 0.00449141 0)
(0.00473984 0.00466022 -4.39978e-21)
(0.0044859 0.00442924 -8.34691e-21)
(0.00455199 0.00449325 0)
(0.00456344 0.00449256 0)
(0.00423105 0.00400636 -1.11524e-20)
(0.00456416 0.00449123 -1.00171e-20)
(0.00423411 0.0040051 5.99061e-21)
(0.00448619 0.00442927 4.20732e-21)
(0.00473626 0.00466051 0)
(0.00456525 0.00449202 5.6502e-21)
(0.00449814 0.00442722 1.81282e-20)
(0.00456311 0.00449283 1.07566e-20)
(0.00473614 0.00466069 0)
(0.0047368 0.00466083 0)
(0.00456634 0.00449062 -1.71851e-20)
(0.00473835 0.00466412 5.02669e-21)
(0.0044818 0.00443813 0)
(0.00447975 0.00443968 0)
(0.00472535 0.00467492 0)
(0.00472649 0.00467074 -6.07647e-21)
(0.00454767 0.00450414 0)
(0.00448146 0.0044388 -3.01683e-21)
(0.00454773 0.00450317 -5.66827e-21)
(0.00473303 0.0046636 3.50979e-21)
(0.0047364 0.00466225 -5.13854e-21)
(0.00473204 0.00466366 1.31812e-20)
(0.00447785 0.0044399 0)
(0.00472974 0.004666 -6.35835e-21)
(0.00472548 0.00467438 0)
(0.00473782 0.00466014 -8.1164e-21)
(0.00447849 0.00444005 3.02325e-21)
(0.00454844 0.00450151 -8.01557e-21)
(0.0044523 0.00421317 0)
(0.00449754 0.00442732 -1.26968e-20)
(0.00459497 0.00447099 -6.34156e-21)
(0.00472309 0.00467452 -1.00948e-20)
(0.00449755 0.00442673 -1.29366e-20)
(0.00472467 0.00467465 0)
(0.0044972 0.004427 0)
(0.00473886 0.00466501 1.05561e-20)
(0.00444566 0.00420879 1.24249e-20)
(0.00454848 0.0045017 2.60567e-21)
(0.00444831 0.00421411 -5.68273e-21)
(0.00454991 0.0045008 4.72995e-21)
(0.00472328 0.00467359 4.56829e-21)
(0.0044965 0.00442646 -6.95006e-21)
(0.00449391 0.00442638 7.22617e-21)
(0.00447978 0.00443968 5.08417e-21)
(0.00454944 0.00450181 -4.93685e-21)
(0.00472313 0.00467444 -4.73953e-21)
(0.00448983 0.00442739 0)
(0.00449582 0.00442657 6.88566e-21)
(0.00448122 0.00443855 -5.33446e-21)
(0.00472288 0.00467347 -4.17888e-21)
(0.00460868 0.00445923 -1.32014e-20)
(0.00454918 0.00450037 -4.32482e-21)
(0.00456624 0.00443032 0)
(0.00461391 0.00445025 -6.66577e-21)
(0.00448023 0.00443889 -5.81727e-21)
(0.00473967 0.00466303 -1.25269e-20)
(0.00449202 0.00442611 -2.17943e-20)
(0.00460213 0.00443977 1.35616e-20)
(0.00448924 0.00442857 -7.54632e-21)
(0.00447943 0.00443863 8.85125e-21)
(0.00454748 0.00450076 0)
(0.0047221 0.00467399 0)
(0.00449011 0.00442693 1.54874e-20)
(0.00452467 0.00441613 0)
(0.00472205 0.00467582 1.81784e-21)
(0.00454629 0.0045026 1.88936e-21)
(0.00448053 0.00443955 3.62915e-21)
(0.00472887 0.00466795 0)
(0.00454618 0.00425788 -1.33252e-20)
(0.0045229 0.00438947 0)
(0.00450289 0.00438443 1.455e-20)
(0.00473559 0.00466522 -6.51491e-21)
(0.00447916 0.00443879 4.01781e-21)
(0.00473863 0.00466504 0)
(0.00450989 0.0043307 7.33137e-21)
(0.00477593 0.00461734 1.46189e-20)
(0.00473192 0.00466568 6.81363e-21)
(0.00431279 0.00378078 1.67762e-20)
(0.00416683 0.00376126 8.46898e-21)
(0.00449903 0.00441535 -7.82221e-21)
(0.00448009 0.00443916 -7.02119e-21)
(0.00426698 0.00347079 7.91929e-21)
(0.00484938 0.00454512 0)
(0.00453671 0.00451343 1.73958e-21)
(0.0041358 0.00365116 -1.72974e-20)
(0.00471179 0.00468624 1.64627e-21)
(0.00451014 0.00452401 1.86055e-21)
(0.00452571 0.00451855 8.10117e-22)
(0.00470127 0.00469093 -7.57387e-22)
(0.00439464 0.00347224 1.5949e-20)
(0.0046853 0.0046964 0)
(0.00465287 0.00469506 9.06322e-22)
(0.00461209 0.00447095 8.8924e-21)
(0.00447786 0.00452294 1.50066e-21)
(0.00439196 0.00451232 1.8041e-20)
(0.00490445 0.00467873 3.17208e-20)
(0.000802765 0.00058413 -8.15487e-21)
(-3.77015e-05 0.0011287 4.33543e-24)
(3.56303e-05 2.83808e-05 -8.37457e-21)
(5.11072e-05 4.51359e-06 -1.96559e-21)
(6.28533e-05 0.000260032 0)
(0.000118204 -2.56748e-05 -6.81927e-21)
(6.72623e-05 -2.53667e-06 2.87215e-22)
(0.000704074 0.000619326 -8.53378e-24)
(0.0023539 0.00235138 -1.64089e-20)
(0.0045627 0.00449108 4.89303e-21)
(0.00234773 0.00234338 0)
(0.00235136 0.00238363 3.51101e-21)
(0.00243146 0.00245599 7.142e-21)
(0.00234505 0.00238068 -3.10646e-21)
(0.00244675 0.00244012 1.83944e-20)
(0.00232621 0.00236466 0)
(0.00237128 0.00234318 6.27043e-21)
(0.00242377 0.00246338 -3.96033e-21)
(0.00234324 0.00238467 -1.35346e-22)
(0.00248153 0.00248522 -7.51561e-21)
(0.00454122 0.00451056 2.04874e-21)
(0.0044716 0.00444962 0)
(0.00232413 0.00236842 2.72981e-21)
(0.00471623 0.0046837 -9.04371e-22)
(0.00191349 0.00182372 1.76989e-20)
(0.00234848 0.00256264 9.60254e-22)
(0.001667 0.00144388 1.60154e-20)
(0.00137045 0.00120014 -2.47506e-23)
(0.0010449 0.00171537 1.58056e-20)
(8.7624e-05 1.79517e-05 0)
(0.00422983 0.00400602 2.70366e-20)
(0.00428477 0.00405142 0)
(0.00422724 0.00400385 -1.84432e-20)
(0.00429453 0.00403442 3.18882e-21)
(0.00429591 0.00403442 -6.95592e-21)
(0.00445209 0.00419473 0)
(0.00444569 0.00421188 -1.23221e-20)
(0.00423859 0.00397763 0)
(0.00425245 0.00404788 0)
(0.00446017 0.00419011 5.02855e-21)
(0.0042985 0.00403529 2.5638e-21)
(0.00444029 0.00421404 1.44555e-24)
(0.00429595 0.00404046 -9.41082e-22)
(0.0038057 0.00367823 -3.52194e-20)
(0.00445791 0.00419475 1.04344e-21)
(0.0042434 0.00398325 -1.18415e-21)
(0.0038827 0.00299913 6.15543e-23)
(0.00424109 0.00399286 0)
(0.00354367 0.0033575 -2.86541e-22)
(0.00304109 0.00347953 -8.40552e-21)
(7.57281e-05 1.51611e-05 0)
(5.53186e-05 -8.7649e-05 0)
(0.000154313 0.000179369 -2.27321e-21)
(0.000125746 2.81448e-05 4.39857e-21)
(6.38124e-05 -2.94181e-05 2.54676e-21)
(6.31409e-05 9.00833e-05 -2.14252e-20)
(0.000774293 0.000206945 2.12291e-20)
(0.000798923 -0.000201681 2.76584e-20)
(5.63261e-05 5.77903e-05 5.30779e-22)
(0.000108975 2.35385e-05 0)
(0.000831035 0.000828543 4.40133e-21)
(0.000767253 0.000108165 -1.34834e-20)
(0.00023334 0.000193881 4.37702e-21)
(7.50168e-05 5.68988e-05 0)
(0.000158039 7.5998e-05 0)
(0.000637179 0.0003658 1.14062e-20)
(6.79086e-05 2.75193e-05 -5.41124e-22)
(0.000380609 0.00053544 1.1493e-20)
(0.00042062 0.000533755 3.46064e-20)
(0.00013811 6.13849e-05 0)
(0.000306698 -1.96468e-05 -9.62014e-21)
(5.60076e-05 3.74855e-05 2.72994e-22)
(3.47687e-05 6.77334e-05 -2.79703e-21)
(0.000469482 0.000648794 3.47869e-20)
(0.000559682 0.000151179 9.73409e-21)
(0.000380801 0.000485043 0)
(0.000899482 0.000112997 5.39351e-21)
(0.000641393 0.000566902 0)
(0.00019711 6.9713e-05 -1.62776e-20)
(0.000598394 0.000434484 -3.77272e-20)
(0.000136434 -5.5724e-06 -4.39599e-21)
(0.000653669 0.000181334 0)
(0.000385461 0.000576174 -3.01226e-20)
(0.000994384 0.000260941 -2.57418e-20)
(0.000505429 0.000484901 5.02313e-21)
(0.000231104 0.000228032 -1.91196e-20)
(3.7745e-05 8.73871e-05 1.12148e-21)
(0.000816886 4.08067e-06 0)
(9.54887e-05 -3.57192e-06 4.68417e-21)
(0.000278475 9.32292e-05 0)
(4.13621e-05 -8.8948e-05 7.20891e-21)
(7.89955e-05 3.37836e-05 4.18467e-21)
(0.000998989 0.000229237 1.13712e-21)
(0.00028754 5.26452e-05 1.96786e-21)
(0.000532817 0.000311503 -5.58303e-22)
(0.00013294 0.000207427 0)
(9.32218e-05 -2.65195e-05 -1.26824e-20)
(0.00059136 0.000191442 0)
(1.80916e-05 -2.85391e-05 -1.07105e-21)
(0.00052872 0.000251198 -2.12587e-20)
(4.07314e-05 3.67937e-05 1.1555e-21)
(4.66618e-05 4.59952e-05 0)
(0.000177418 4.90669e-06 0)
(0.000789572 0.000298542 2.8656e-20)
(0.000267768 0.000306113 -3.84975e-20)
(0.000688975 0.00028842 0)
(0.000667094 0.000217313 -3.42945e-20)
(0.000213921 0.000250917 1.319e-20)
(0.000386478 0.000573392 -9.26389e-21)
(0.00102334 5.419e-05 -4.92653e-21)
(0.000117887 5.04732e-07 -2.77075e-22)
(0.000162601 0.000283029 4.97708e-21)
(0.000790295 0.000204152 -2.44831e-22)
(0.000285533 0.000369455 0)
(0.000245834 3.92358e-05 1.59597e-20)
(7.63186e-05 -3.13755e-05 -5.33973e-21)
(0.00158707 0.00126777 -1.56919e-20)
(0.0020017 0.00183155 2.62595e-20)
(0.0024622 0.00247346 -1.45372e-20)
(0.00235884 0.0023444 -1.25086e-20)
(0.00243947 0.00243642 4.57324e-24)
(0.00234276 0.00234048 -1.21569e-20)
(0.00234161 0.00234473 1.0779e-20)
(0.00418874 0.00408043 8.9082e-22)
(0.000100497 0.000355715 -1.67544e-20)
(0.000235694 0.000366602 1.88744e-20)
(0.000242368 0.000403686 0)
(0.000928681 0.000251014 1.54169e-20)
(0.000919793 8.26422e-05 -1.5615e-22)
(4.53764e-05 1.7453e-06 2.15294e-27)
(0.00032344 0.00024809 1.42531e-20)
(0.0023578 0.00235546 -1.03479e-20)
(0.00021852 0.000211567 -1.47304e-20)
(0.00471889 0.00468136 -2.16481e-21)
(0.00454328 0.00450832 -2.26586e-21)
(0.00445002 0.00421512 4.11916e-21)
(0.00506399 0.00421416 -1.58602e-20)
(0.00486028 0.0047571 1.57349e-20)
(0.00447474 0.00444686 2.20375e-21)
(0.00474753 0.00432492 -1.73684e-20)
(0.00134281 0.00127297 1.59443e-20)
(0.00232345 0.00237039 -1.30415e-21)
(0.00232925 0.00239894 -1.56783e-21)
(0.00444661 0.00445906 7.34434e-22)
(0.00217782 0.00206721 -8.06351e-21)
(0.00233891 0.00238251 -3.784e-21)
(0.00241926 0.00246199 3.47721e-21)
(0.00534241 0.00432939 7.93921e-21)
(0.00242089 0.00245997 -3.12447e-21)
(0.00231834 0.00236304 1.60185e-21)
(0.0023414 0.00238189 -4.99953e-21)
(0.00472336 0.00467636 1.46795e-21)
(0.00454743 0.00450324 -1.52584e-21)
(0.00429708 0.0040499 2.58212e-22)
(0.00457363 0.0044873 -1.86365e-20)
(0.00449484 0.00442684 7.20013e-23)
(0.00473566 0.00466134 0)
(0.00234405 0.00238057 1.02815e-20)
(0.00455003 0.00450242 -6.57716e-21)
(0.0044584 0.00420438 4.39547e-21)
(0.00232747 0.00236546 7.56241e-21)
(0.00423226 0.00400392 -4.84238e-21)
(0.00423979 0.00399881 5.11039e-21)
(0.00448497 0.00443474 3.7253e-21)
(0.00428997 0.00406255 -8.9868e-21)
(0.0023501 0.00237979 0)
(0.00456054 0.00448982 -2.49097e-20)
(0.00243294 0.00245334 -3.81037e-21)
(0.00473409 0.00466445 -3.75126e-21)
(0.000432828 0.000418296 0)
(0.000336196 0.000400022 -2.61435e-20)
(0.000832909 0.000203089 -1.6425e-20)
(0.00016067 3.49713e-05 2.14212e-21)
(0.000312369 0.000570673 -1.10527e-20)
(0.000341764 0.00034298 0)
(4.51678e-05 5.1265e-06 -7.21204e-22)
(0.000742104 0.000940676 0)
(0.000723078 0.00060158 1.02038e-21)
(0.00445172 0.00419847 -3.65441e-21)
(0.00423884 0.00397868 0)
(0.00429493 0.00403924 7.27712e-21)
(0.00423246 0.00400434 -1.41692e-22)
(0.00429454 0.00403529 0)
(0.0042318 0.00400332 1.21316e-20)
(0.00424235 0.00398372 0)
(0.00428222 0.00405274 1.52019e-20)
(0.00445142 0.00421155 -1.19967e-20)
(0.00423531 0.00399693 0)
(0.00430086 0.00403828 1.49333e-21)
(0.00427211 0.00405037 0)
(0.0041 0.00305704 -7.98352e-21)
(0.0041928 0.0040302 -4.82333e-22)
(0.00446136 0.00419242 -1.43339e-21)
(0.00444922 0.0042339 1.43667e-20)
(0.00398 0.0035962 1.72918e-20)
(0.00393118 0.00324398 0)
(0.00429531 0.00404424 -2.80582e-21)
(0.00445695 0.00419896 1.77305e-21)
(0.00327254 0.00325825 -1.60375e-20)
(0.000435841 0.000450679 -1.74261e-20)
(9.34745e-05 -4.88063e-05 5.02616e-21)
(0.000478511 0.000368669 -4.84128e-21)
(0.000901357 1.68779e-05 -9.90103e-22)
(0.000768318 0.000311541 -9.18093e-21)
(0.000922397 0.000282834 3.94635e-21)
(0.000171256 0.000215972 8.05684e-21)
(0.00423089 0.00399908 -4.26164e-23)
(0.00429571 0.00404154 3.80075e-21)
(0.00444459 0.00423031 4.03825e-23)
(0.00424332 0.00398158 3.05369e-21)
(0.000675506 0.000381021 -1.87049e-21)
(0.000947663 0.000515501 -1.24853e-20)
(0.000753459 -3.19613e-05 4.26083e-21)
(0.000995625 0.000510946 3.52844e-21)
(0.000811374 0.000396664 0)
(0.000303078 0.000564571 8.57877e-22)
(0.00105326 0.000395832 -2.16512e-21)
(0.000264075 0.000277533 2.01231e-20)
(5.56706e-06 -1.67474e-05 -7.64434e-22)
(0.000764817 0.000378024 0)
(0.00104957 0.000265174 -2.63338e-20)
(4.31473e-05 1.04652e-05 -3.18436e-20)
(0.000416999 0.00072748 -8.03084e-21)
(0.000325509 0.000535402 -8.62193e-21)
(0.00037152 7.25828e-05 0)
(0.000182426 5.80937e-05 -1.80436e-21)
(0.00108075 0.000306592 -1.10172e-21)
(3.94468e-05 2.79502e-06 1.05728e-20)
(9.70012e-05 4.31603e-05 -4.16048e-21)
(0.000115711 5.42819e-05 4.55286e-21)
(0.000381827 0.000419978 2.56318e-20)
(0.000881581 6.86118e-05 0)
(3.40272e-05 1.93045e-06 -3.13898e-20)
(0.000245729 0.000168484 -3.0193e-21)
(0.000735864 -0.000226795 -5.22374e-21)
(0.000686371 0.000398525 -1.17985e-20)
(0.000197218 0.000125492 3.76581e-21)
(3.13192e-05 1.12747e-05 0)
(0.000677086 0.000403186 -5.31158e-21)
(0.000192587 0.000178486 5.21826e-21)
(0.00012014 0.000369675 0)
(0.000509079 0.000314514 -1.76347e-20)
(4.13555e-05 -7.33719e-06 -1.1524e-20)
(0.000559573 -0.000143343 1.09693e-20)
(0.000729669 6.77438e-05 7.83875e-21)
(0.000709406 0.000386678 -8.2114e-22)
(0.000431684 -3.92248e-05 2.3448e-21)
(0.00418569 0.00395497 -3.31584e-22)
(0.0044014 0.00416026 -3.58228e-22)
(0.00424153 0.00400951 0)
(0.00447986 0.0044406 -1.51113e-21)
(0.00472726 0.00467101 7.00864e-21)
(0.00455175 0.0044931 -7.77327e-21)
(0.00449473 0.00442927 -1.528e-20)
(0.00446663 0.00486318 0)
(0.00444806 0.00373353 -7.7538e-21)
(0.00456276 0.00434704 1.60955e-20)
(0.00430215 0.00403769 0)
(0.0044631 0.00419075 -4.80364e-21)
(0.00424158 0.00397908 -3.8775e-21)
(0.00428249 0.00405287 1.81625e-20)
(0.00444566 0.00421445 -2.80669e-20)
(0.00445479 0.00419794 7.66953e-21)
(0.00428778 0.00405778 -1.44463e-20)
(0.00423902 0.00399129 0)
(0.00429432 0.0040453 0)
(0.000440454 0.000341236 5.53679e-21)
(0.00101383 8.7735e-05 2.05651e-20)
(0.000927507 0.000266861 2.52956e-20)
(0.000396834 0.000385065 2.21019e-20)
(0.000280166 0.00063795 0)
(0.000754301 0.000332614 -5.08503e-21)
(0.000543486 1.09852e-05 -1.44765e-20)
(0.000128646 9.09224e-05 0)
(0.000713412 0.000557139 2.05391e-21)
(3.85254e-05 1.83006e-06 1.11591e-20)
(0.000981698 0.000155178 -3.93264e-21)
(0.000770883 8.31989e-05 0)
(0.000806812 0.000239348 0)
(0.00018172 0.000291073 0)
(0.000316826 0.000604362 1.65749e-20)
(0.000842325 0.000319832 -2.31011e-21)
(0.000836104 0.000272346 -7.33315e-21)
(0.0008956 0.00025477 0)
(0.000893141 0.00034134 2.92298e-21)
(0.00473351 0.00440411 0)
(0.00513796 0.0043204 8.1355e-21)
(0.00233085 0.00239018 -2.84779e-21)
(0.00448704 0.00503084 1.58924e-20)
(0.00447858 0.00444338 -1.32731e-21)
(0.0052613 0.0044897 -7.77115e-21)
(0.00441367 0.00446021 -1.0792e-21)
(0.00242318 0.00247111 9.78298e-23)
(0.00234256 0.00239155 2.77827e-21)
(0.00454755 0.0045052 -1.48124e-21)
(0.00472355 0.00467837 4.08605e-21)
(0.00473854 0.0046574 -1.4376e-20)
(0.00473808 0.00466079 -6.04297e-21)
(0.00448265 0.00443833 0)
(0.0045844 0.00448124 -1.2296e-20)
(0.00454899 0.00450431 0)
(0.00449702 0.00442772 -5.99778e-21)
(0.00455424 0.00449428 3.60948e-21)
(0.00449728 0.0044297 5.26591e-21)
(0.0047339 0.00466443 -3.47865e-21)
(0.00235514 0.00235382 4.93211e-21)
(0.0039879 0.00535041 0)
(0.00110718 0.00133467 0)
(0.00508711 0.00452287 0)
(0.00359376 0.00381721 8.8235e-21)
(0.00440733 0.00424099 -1.16573e-22)
(0.00472153 0.00468033 -2.4655e-21)
(0.00428709 0.00406775 -1.31091e-21)
(0.0042479 0.00408527 -5.62659e-22)
(0.00444779 0.00422253 -7.22397e-22)
(0.00454527 0.00450689 -2.57048e-21)
(0.00191934 0.00155074 0)
(0.00232536 0.00237443 2.00955e-21)
(0.00490505 0.00422394 2.32429e-20)
(0.00528311 0.00428592 -1.57876e-20)
(0.00445064 0.00420674 0)
(0.00215499 0.00195935 8.43001e-21)
(0.004666 0.00426468 0)
(0.0024215 0.00246347 -1.14177e-21)
(0.0047845 0.00428675 -2.39311e-20)
(0.00195039 0.00171919 -8.01283e-21)
(0.00424239 0.00397976 0)
(0.00428956 0.00405218 -2.29532e-21)
(0.00234215 0.00238438 1.05527e-21)
(0.00471192 0.00427307 0)
(0.00232944 0.00243417 -1.24911e-21)
(0.00447753 0.00444466 1.31415e-21)
(0.00446234 0.00445382 -2.30944e-21)
(0.00331094 0.00302645 0)
(0.00444726 0.00413613 -7.45417e-21)
(0.00424323 0.00398069 1.29709e-22)
(0.00424181 0.00398165 0)
(0.00422103 0.00399681 8.15097e-21)
(0.00375585 0.00372858 6.12273e-21)
(0.00424101 0.00398208 0)
(0.00232372 0.00236599 0)
(0.00424144 0.00398098 0)
(0.00234432 0.00238444 4.50525e-21)
(0.00384726 0.00385672 -1.6406e-20)
(0.00242427 0.00246279 4.31916e-21)
(0.00246127 0.00247004 -1.39895e-20)
(0.00473931 0.00466122 3.04457e-20)
(0.00444097 0.00422213 6.83861e-21)
(0.00395177 0.00391907 1.50024e-20)
(0.00422584 0.00400944 0)
(0.00429693 0.00403904 -4.74286e-21)
(0.00446141 0.00419009 0)
(0.0042998 0.00403789 -1.8919e-21)
(0.00402642 0.00396741 0)
(0.00446096 0.00418976 4.15111e-21)
(0.00429907 0.00403785 4.30675e-21)
(0.0042293 0.00401114 -7.66509e-21)
(0.00445841 0.00419069 -4.60763e-21)
(0.00424011 0.00398004 0)
(0.00444103 0.00421759 1.35544e-20)
(0.00424085 0.00398151 -5.09239e-21)
(0.00424118 0.00398142 -5.76107e-21)
(0.0044596 0.00419031 0)
(0.00409791 0.00400088 -6.90196e-21)
(0.00422671 0.00400796 7.489e-21)
(0.00424114 0.00398255 4.81188e-21)
(0.00444155 0.00421162 6.53697e-21)
(0.0042403 0.00397936 0)
(0.00415798 0.00401908 6.77878e-21)
(0.00429783 0.00403905 0)
(0.00422714 0.004007 0)
(0.00429642 0.00403873 1.00218e-20)
(0.00445686 0.00419045 9.72708e-21)
(0.00420494 0.00403286 1.99897e-20)
(0.00424228 0.00398218 1.08964e-20)
(0.00444421 0.00421048 1.30011e-20)
(0.00423722 0.00403974 -6.49645e-21)
(0.00422832 0.00400272 7.21692e-21)
(0.00445564 0.00419023 5.10241e-21)
(0.00429605 0.00403792 -1.21822e-22)
(0.00429567 0.0040363 -2.91838e-21)
(0.00245417 0.00245189 1.30025e-22)
(0.00422441 0.00400376 -7.11306e-21)
(0.00445271 0.0041891 -2.88967e-21)
(0.00473582 0.0046612 0)
(0.00422572 0.00400099 -6.95786e-21)
(0.00429578 0.00403646 0)
(0.00422751 0.00400029 6.39791e-21)
(0.00236753 0.00236287 -1.78706e-20)
(0.00422933 0.00400142 -9.45903e-24)
(0.00422562 0.004 1.99522e-20)
(0.00445402 0.00418976 5.45806e-21)
(0.00422876 0.00400186 1.95904e-20)
(0.00235597 0.00235253 2.3303e-20)
(0.00449789 0.0044275 -2.17536e-20)
(0.00234591 0.00238142 3.20584e-21)
(0.00445232 0.00418704 8.7306e-21)
(0.00445268 0.00418612 0)
(0.00449532 0.00442558 -5.82104e-21)
(0.00427972 0.00405403 1.09483e-20)
(0.00455244 0.00449772 0)
(0.00428085 0.00405554 -5.65474e-21)
(0.00449583 0.00442592 5.62032e-21)
(0.00232821 0.00236528 0)
(0.00473648 0.0046618 0)
(0.00445306 0.00418641 1.29088e-20)
(0.00424043 0.00399504 -4.76399e-21)
(0.00428511 0.0040536 -2.18894e-20)
(0.00422894 0.00400233 4.88838e-21)
(0.00428251 0.00405201 1.04534e-20)
(0.004454 0.00419056 -6.65206e-21)
(0.00236994 0.00236398 -9.73984e-21)
(0.00235191 0.0023817 -7.25663e-21)
(0.00444406 0.00421173 5.21833e-21)
(0.00235187 0.00235437 -5.2096e-21)
(0.00444427 0.00420928 -1.32178e-22)
(0.0044432 0.00421104 4.31918e-21)
(0.00423805 0.00398869 8.28083e-21)
(0.00444269 0.00420678 4.70232e-21)
(0.00444442 0.00420747 4.98986e-21)
(0.00243472 0.00245542 1.31573e-22)
(0.00444434 0.00421043 2.22928e-20)
(0.00444402 0.00420686 -1.31148e-22)
(0.00429678 0.0040487 -4.39894e-21)
(0.00443986 0.00420736 -4.65626e-21)
(0.00445796 0.00420195 -8.30579e-21)
(8.69846e-05 0.000475946 1.49391e-20)
(0.001118 -1.33688e-05 0)
(0.00447838 0.0044423 -1.46676e-21)
(0.00472712 0.00467146 -7.14499e-21)
(0.004553 0.00449266 -3.57468e-21)
(0.00449476 0.0044304 -1.07615e-20)
(3.47986e-05 -8.41308e-06 -1.07696e-20)
(0.000823135 8.30449e-05 -1.21576e-21)
(0.000388435 0.000511392 -1.11465e-20)
(0.000812238 0.000480187 8.06569e-22)
(0.000297495 0.000692707 0)
(0.00124023 0.000204593 -2.21294e-21)
(0.000564718 0.000265615 -3.94038e-21)
(0.000799667 0.000107106 -2.96283e-21)
(0.000131945 0.000156008 -1.76826e-20)
(0.000290651 0.000399919 0)
(0.000702717 0.000501602 -1.52247e-25)
(0.000234513 0.000373126 8.01972e-21)
(0.000840957 1.87749e-05 -1.3075e-21)
(0.00129536 0.000531219 1.47433e-20)
(0.000184894 -0.000125577 1.20538e-21)
(0.000521546 0.000429679 2.33902e-20)
(4.34496e-05 3.1151e-06 2.47628e-20)
(0.00455778 0.0044919 4.20263e-21)
(0.00449049 0.00442667 -2.28427e-20)
(0.00456191 0.00448881 9.21376e-21)
(0.00434437 0.00375563 -1.48401e-20)
(0.00456686 0.00448989 1.16121e-20)
(0.00418839 0.00387357 8.45198e-21)
(0.00497424 0.0044372 0)
(0.00473932 0.00466446 -1.61974e-20)
(0.00473632 0.00466104 4.08715e-21)
(0.00472255 0.00467536 -5.27746e-21)
(0.00454661 0.00450224 3.48192e-21)
(0.00448769 0.00442924 7.83042e-21)
(0.00306035 0.00401396 8.72834e-21)
(0.000891931 0.000491289 0)
(0.000482774 6.48986e-05 2.71503e-21)
(0.000894244 0.000145025 0)
(2.03246e-05 9.29858e-07 0)
(4.48374e-05 -2.82522e-06 1.03079e-20)
(0.000670014 0.000340183 -3.60919e-21)
(2.86416e-05 4.04088e-06 3.63935e-20)
(0.000527048 0.000468891 2.07354e-21)
(0.00231141 0.0047744 5.02998e-21)
(3.93364e-05 -6.3328e-06 1.10478e-20)
(0.00081819 0.000212676 0)
(0.000423047 0.000482491 6.51291e-21)
(0.000186195 0.000136824 5.26613e-21)
(4.33172e-05 -1.03317e-06 -1.07676e-20)
(0.000171446 0.000553877 -1.57361e-20)
(0.000892112 7.19618e-05 -1.50006e-22)
(0.000196995 0.000578164 0)
(0.000285883 0.000784929 0)
(0.00424363 0.00397796 -3.3636e-21)
(0.00444459 0.00422999 7.04791e-21)
(0.00429372 0.00404249 7.87297e-21)
(0.00423354 0.00400134 -1.02111e-20)
(0.00322569 0.00362669 -7.92217e-21)
(0.00514959 0.00432241 -1.56007e-20)
(0.00420553 0.0039556 -3.99254e-20)
(0.00458249 0.00418477 2.506e-21)
(0.00454651 0.00450266 -1.71511e-21)
(0.00472248 0.00467564 3.1869e-21)
(0.00456821 0.00448933 -6.05033e-21)
(0.00473863 0.0046636 1.66985e-20)
(0.00448709 0.00443024 -3.69556e-21)
(0.00473401 0.00466334 -3.9224e-21)
(0.00456114 0.00448853 1.92235e-20)
(0.00448758 0.00442732 4.3635e-21)
(0.00455436 0.00449238 -4.14048e-21)
(0.000581352 0.000502435 5.83469e-21)
(0.000863267 3.79452e-05 0)
(0.000450115 0.000145497 1.27335e-24)
(0.00114227 0.000817038 -8.00652e-21)
(0.000993163 0.00034439 3.19503e-21)
(0.00408468 0.00508546 -7.78804e-21)
(0.00445057 0.00397797 7.74933e-21)
(0.00462205 0.00441501 9.45345e-21)
(0.00461252 0.00429742 0)
(0.0044621 0.00419077 3.5454e-21)
(0.00430095 0.00403794 -1.77072e-21)
(0.00428117 0.00405369 -1.15167e-20)
(0.00444377 0.0042134 2.13159e-20)
(0.00429557 0.00404703 0)
(0.00424042 0.0039929 9.14095e-21)
(0.00424091 0.00398488 -1.43687e-22)
(0.0042854 0.00406188 1.35383e-22)
(0.00445612 0.00419968 0)
(0.000666438 0.000387921 0)
(0.000714341 5.20973e-05 5.46716e-21)
(0.00265771 0.00317041 -1.35954e-22)
(0.00223358 0.00255414 -4.0555e-22)
(0.00281525 0.00333652 -1.08165e-22)
(0.00271337 0.00322474 -1.20307e-22)
(0.0023228 0.00266077 -3.49367e-22)
(0.00224955 0.00257889 0)
(4.30519e-05 -3.58284e-06 -3.21404e-22)
(0.00018028 0.000104833 0)
(0.000296513 0.000640225 0)
(3.17936e-05 2.10211e-06 -4.16686e-20)
(0.000185548 0.000401574 3.27471e-20)
(0.000641305 0.000381708 -2.7008e-20)
(7.98618e-05 0.000872801 5.9618e-21)
(3.82536e-05 3.44003e-06 1.97333e-25)
(0.000726378 0.000520976 -3.73216e-21)
(4.8677e-06 9.84454e-05 -8.77634e-21)
(2.17223e-05 3.2178e-05 -7.20401e-21)
(0.000892619 0.000207968 -5.83911e-21)
(7.78612e-05 0.000651446 1.12979e-21)
(0.000749164 0.000332004 6.16097e-21)
(0.000393033 0.000195977 3.00061e-23)
(0.000715639 0.000456563 8.80552e-21)
(0.00110799 0.000154691 0)
(0.000101476 0.000481996 -6.58105e-21)
(0.000102304 -0.00013104 -1.07109e-21)
(0.000110464 0.000105952 -2.69028e-20)
(8.99771e-05 0.000126788 0)
(2.2055e-05 5.47522e-05 2.44524e-21)
(0.0046026 0.00469591 1.13201e-23)
(0.00443149 0.00452321 8.21781e-23)
(0.000808034 2.6705e-05 -3.81842e-21)
(0.00331959 0.00333828 -1.72827e-20)
(3.45802e-05 -1.23402e-05 4.9192e-21)
(0.000467621 0.000157669 -1.41598e-20)
(0.00255288 0.00268217 3.11899e-20)
(2.22907e-05 -2.9923e-06 -5.68059e-21)
(0.00011404 0.000222852 -1.70801e-20)
(0.0044034 0.00429202 -8.05156e-22)
(0.00424319 0.00413531 -4.57944e-22)
(0.000236578 5.01769e-05 2.23857e-20)
(0.000142992 0.000134675 1.12093e-20)
(0.00168896 0.000471391 0)
(4.54762e-05 0.000120171 -2.55274e-21)
(0.00109986 0.000425679 0)
(8.18165e-05 0.000736425 0)
(0.000634661 0.000522685 1.9676e-21)
(3.67941e-05 4.73014e-06 -3.29177e-20)
(0.000266233 0.000490096 2.10106e-20)
(0.000439504 -0.000263228 2.84745e-20)
(0.000893636 -4.18252e-05 -4.32092e-20)
(3.96193e-05 4.85177e-06 -1.16136e-20)
(0.000107582 -5.53848e-05 9.3259e-21)
(0.000129807 0.000275785 0)
(0.00437 0.00445663 4.228e-22)
(0.000682426 0.000360285 -4.83417e-22)
(0.00094553 0.00040297 -1.18239e-20)
(0.000545788 0.000133166 -3.46393e-21)
(0.000640237 0.000385289 1.53412e-21)
(0.00016333 0.000350167 -4.63355e-20)
(0.00120959 0.000274827 1.43637e-20)
(4.1841e-05 -0.000374407 8.9239e-21)
(0.000135088 0.000146515 0)
(0.000584017 -5.55287e-05 -4.62815e-21)
(2.77978e-05 4.45221e-05 -2.4853e-21)
(0.000556889 0.000146285 2.36899e-20)
(5.07988e-05 -4.09784e-05 0)
(0.000853824 0.000111013 4.81897e-21)
(0.000245841 0.000449771 0)
(4.03191e-05 1.25959e-05 8.32877e-21)
(0.000533027 4.38461e-05 9.54099e-25)
(0.000321305 0.000521386 -1.06804e-20)
(0.00133734 0.000195885 0)
(0.000766861 0.00011887 -4.38811e-21)
(0.00100321 0.000451035 5.3221e-21)
(0.00273726 0.00272901 4.52646e-22)
(0.00274841 0.00275326 0)
(0.00284736 0.0028502 -8.02957e-22)
(6.94446e-05 -7.75553e-05 0)
(0.000862465 0.000160137 5.30427e-21)
(0.00403002 0.00432407 -2.76203e-20)
(0.000880871 0.000103492 7.87541e-22)
(2.92458e-05 0.000398419 -1.61813e-24)
(0.0014274 0.000677067 3.17668e-20)
(0.000707072 0.000271392 1.5084e-20)
(2.51754e-05 0.000533645 -6.84549e-21)
(0.000584339 0.000424813 -8.35901e-21)
(4.43918e-06 4.41399e-06 0)
(0.000641097 0.00047047 -4.21001e-21)
(2.59534e-05 -1.19811e-05 2.30929e-20)
(0.00333624 0.00387275 -2.85637e-20)
(2.52671e-05 6.97805e-05 4.56977e-21)
(0.000241779 0.000543802 -7.76677e-24)
(0.000874311 2.19617e-05 3.4942e-21)
(0.000405111 0.00135504 -3.13285e-22)
(0.000135166 9.2241e-05 0)
(0.000710742 0.000831095 -4.37048e-21)
(1.78605e-05 3.00916e-05 2.19856e-20)
(0.000633828 0.00109225 1.38593e-20)
(0.000139226 0.000568692 2.67827e-21)
(2.27877e-05 -1.1483e-05 -3.27173e-20)
(0.000146667 0.000462815 0)
(-0.000786845 0.000244486 -1.17608e-21)
(2.17527e-05 -7.57442e-07 1.36127e-20)
(0.000677174 0.00149862 2.69253e-21)
(0.000102723 0.000610051 1.01634e-21)
(0.000211341 0.000430691 -1.38418e-20)
(0.000933239 0.000550612 1.30631e-20)
(0.000457512 0.000223111 5.93456e-21)
(0.00204967 0.00276523 -1.2353e-20)
(0.000661292 0.000298026 3.55709e-21)
(1.75857e-05 2.78373e-05 5.91748e-21)
(0.000152684 0.000302935 -4.10897e-21)
(0.000491292 0.00112268 -8.69496e-21)
(4.53529e-05 0.000580911 0)
(0.000240807 0.000513691 0)
(1.98615e-05 8.79074e-06 -6.65404e-26)
(0.000893928 5.20617e-05 -3.62856e-21)
(0.000463638 0.00032436 -1.06079e-20)
(0.000671679 0.000416442 1.22065e-20)
(0.000866437 4.60604e-05 2.60263e-21)
(0.00149064 -0.000275571 0)
(0.000857118 0.000243841 2.69966e-22)
(0.00385086 0.00469015 9.09219e-21)
(3.65631e-05 0.000106394 -9.13701e-21)
(5.39942e-05 0.000157568 -9.38288e-21)
(0.000149776 0.000442832 0)
(-0.000561127 -0.000256917 0)
(0.000142865 0.00039023 1.9958e-20)
(0.000815024 0.000159741 -1.76504e-20)
(0.00199221 0.00239285 3.01594e-23)
(0.000347254 0.00058409 1.31741e-20)
(0.0010012 0.00203713 0)
(0.000303316 0.000596867 -2.91304e-20)
(0.0028302 0.00286626 1.97194e-20)
(0.000735133 0.000560785 9.98514e-21)
(0.00228776 0.00170134 0)
(0.000680367 0.000131793 -1.45888e-20)
(1.70218e-05 -1.46479e-05 -6.36299e-21)
(0.00117354 0.000829767 1.80765e-20)
(0.000690994 0.0002952 0)
(0.000687676 0.000467579 0)
(0.000770158 0.000269902 -1.34603e-20)
(0.0043226 0.00408982 1.0345e-21)
(0.0041574 0.00394278 -3.87108e-22)
(0.00410279 0.0038972 -6.94833e-22)
(0.00104963 0.000524537 -5.42025e-21)
(3.96296e-06 1.3156e-05 0)
(4.47191e-05 9.99926e-05 0)
(0.00119916 0.00260727 -1.52759e-21)
(4.7926e-05 -5.07334e-05 -5.95068e-21)
(0.00413901 0.00457374 8.87713e-21)
(0.000122429 0.000248278 8.27842e-21)
(2.84338e-05 -2.56484e-05 5.50114e-21)
(0.00052004 0.000284194 1.10198e-20)
(0.00113144 0.000425427 1.04589e-20)
(0.00113233 0.00212359 5.84718e-21)
(0.00367673 0.00457528 -2.49138e-20)
(0.000906021 0.000165166 -1.12556e-20)
(0.00017293 0.000704723 0)
(0.00244496 0.0019815 -1.36579e-20)
(0.000525424 0.000509809 -4.11408e-21)
(0.000887296 0.00013702 -1.27068e-21)
(0.000564154 0.000438078 1.01494e-20)
(0.0004476 0.000243023 -1.23216e-21)
(3.04758e-05 5.42014e-05 2.21602e-21)
(0.000887786 -6.6919e-05 0)
(0.000223953 0.000771908 2.96958e-21)
(0.000911402 0.000401046 0)
(3.32035e-05 -3.19349e-06 3.68342e-20)
(0.000536128 0.00023477 -9.25279e-21)
(6.77435e-05 -5.54086e-05 7.84734e-21)
(0.000129281 -0.000173844 1.16646e-21)
(0.000689403 5.22806e-05 0)
(3.78032e-05 -2.23107e-05 -9.63895e-21)
(0.000652026 0.000453511 -2.05474e-21)
(0.000576122 0.000475851 1.07698e-20)
(0.00311947 0.0038305 7.08218e-21)
(0.000411597 8.34557e-05 2.94104e-21)
(0.00108081 7.85127e-05 0)
(0.000128409 -8.72398e-05 -4.50912e-21)
(0.000605195 0.000390897 -4.03674e-21)
(0.00103229 0.000224865 7.35701e-21)
(0.000163901 0.000351095 1.87801e-20)
(6.85331e-06 7.92497e-05 8.84298e-21)
(0.000497339 0.000615835 1.31085e-20)
(0.00103755 8.10633e-05 -2.4311e-21)
(0.00102145 4.56351e-05 6.34546e-21)
(0.00104923 8.52692e-05 0)
(0.000359975 -4.39575e-05 3.82885e-25)
(0.000549478 0.000164396 0)
(0.000150512 0.000688964 -1.35441e-21)
(0.00089631 4.92542e-05 0)
(0.00037081 -0.000185193 -9.77427e-21)
(-4.0224e-05 0.000384078 -6.42052e-21)
(0.000837501 0.000177663 0)
(3.90205e-05 0.000750843 -1.17588e-21)
(0.000910975 0.000101745 -2.51977e-21)
(0.00398741 0.00396321 -4.91474e-22)
(0.00221395 0.00256306 -1.01933e-20)
(-0.00039863 0.000702263 -1.57307e-20)
(5.40436e-05 0.000201763 -2.23714e-20)
(0.000910286 0.00031861 -1.76157e-20)
(0.000676712 0.000487012 -5.40526e-21)
(-0.000116279 0.000452787 -3.95818e-21)
(0.000895594 0.000269008 1.70513e-20)
(0.000875592 0.000235329 7.19057e-21)
(0.000418398 -0.000201464 0)
(0.00403966 0.00402718 0)
(0.00418908 0.00418218 6.7653e-22)
(0.000397691 0.000808972 -2.6483e-23)
(0.000615186 8.21762e-06 3.62492e-21)
(0.000729273 0.000110943 -2.76008e-20)
(0.00109698 9.19463e-05 -6.98307e-22)
(0.000727812 0.000280995 0)
(0.00290557 0.00242229 2.6578e-21)
(4.37038e-05 -3.04746e-05 1.25362e-21)
(1.31344e-05 1.15798e-05 2.36004e-21)
(0.00432013 0.00440611 -8.81477e-22)
(0.000710667 0.000335188 3.53779e-21)
(0.0010731 0.00010438 3.99402e-21)
(0.00438398 0.00446947 8.49158e-22)
(0.00455548 0.00464164 4.29683e-22)
(0.00098932 1.68527e-05 -9.45594e-25)
(0.000992334 0.00103372 8.92811e-21)
(0.000467638 0.000844717 -1.08098e-20)
(1.20753e-05 3.37888e-06 0)
(0.00354515 0.00424451 4.26829e-23)
(0.00123952 0.00281079 8.33095e-21)
(0.00224711 0.00195319 0)
(0.00232862 0.00201969 -2.13995e-22)
(0.00224405 0.00196188 -3.01403e-22)
(-0.000137348 0.0022216 2.78232e-22)
(2.45335e-05 1.54497e-05 -1.05568e-20)
(0.000902002 0.000140571 0)
(0.00182592 0.00175811 3.34041e-20)
(0.000920886 0.00261985 0)
(0.00209501 0.00211949 2.14281e-20)
(0.00267269 0.00226863 -9.12044e-21)
(-0.000150275 0.00371005 -1.18657e-20)
(0.000695057 -0.000627012 -4.23188e-20)
(0.000773897 0.000159605 3.67787e-20)
(0.0027319 0.0044493 -1.32263e-20)
(0.000302714 0.000754087 -1.92924e-21)
(0.000666617 0.000446789 0)
(0.00186902 0.00109765 -1.5691e-20)
(8.53152e-05 0.000167836 0)
(0.00280178 0.00231012 2.28911e-20)
(0.00134017 0.00113922 -1.43913e-20)
(0.00332886 0.00488931 0)
(0.000769049 0.000945443 1.53153e-20)
(0.00011912 -0.000373083 -1.37374e-21)
(0.00435831 0.00459118 5.65171e-23)
(0.00419725 0.0044237 2.38877e-22)
(0.000616795 0.000475865 -7.53044e-21)
(0.000977362 0.000537161 -7.8786e-21)
(0.000601502 0.000617105 -2.90584e-20)
(0.00279421 0.00336491 8.8555e-21)
(0.0028661 0.0043445 7.98337e-22)
(6.27791e-05 0.000164297 0)
(0.00413192 0.00436248 2.19088e-22)
(0.0022808 0.00152707 5.10464e-20)
(0.00218598 0.00193737 0)
(8.52325e-05 0.000194447 1.22122e-20)
(0.000103938 0.000203525 0)
(0.000902889 0.00171697 -3.46483e-20)
(0.000655936 0.000468886 2.11451e-21)
(0.00271142 0.00191173 -2.74886e-20)
(0.00110063 0.000241312 0)
(0.00232183 0.00114458 1.61779e-20)
(0.0032705 0.00568807 0)
(0.00341911 0.0052181 -8.23536e-21)
(0.0024496 0.00242392 1.07951e-22)
(0.00255188 0.00251929 1.03393e-22)
(0.00241809 0.00239727 -1.94152e-22)
(0.000644315 0.000485288 0)
(0.000653285 0.000499411 4.57749e-21)
(0.00319124 0.00459258 6.52244e-21)
(0.00280698 0.00276196 1.3296e-20)
(0.00271517 0.00391583 1.78646e-20)
(0.00237556 0.00450656 2.35702e-20)
(0.00149476 0.00419049 0)
(0.00209428 0.00355522 8.32871e-21)
(0.000627916 0.00187779 1.78608e-20)
(0.00369166 0.00406544 -4.44795e-23)
(0.00374936 0.00410547 0)
(0.00389364 0.00423987 -3.13939e-25)
(0.00286183 0.00287333 1.98849e-22)
(0.00292697 0.00291857 0)
(0.00306854 0.00304127 0)
(0.000157242 0.00341545 -9.17289e-21)
(0.00313814 0.00360342 2.12124e-22)
(0.00317325 0.00364348 5.36988e-23)
(0.00190782 0.000176825 4.21594e-21)
(0.00328983 0.00377607 5.47756e-23)
(0.00175345 0.00212935 -1.00802e-21)
(0.00236434 0.00256706 3.7854e-22)
(0.00178081 0.00215424 -5.22699e-22)
(0.002396 0.0025937 3.46805e-22)
(0.00187051 0.00224712 -5.5268e-22)
(0.00250115 0.00269295 3.29976e-22)
)
;

boundaryField
{
    back
    {
        type            empty;
    }
    front
    {
        type            empty;
    }
    ingreso
    {
        type            fixedValue;
        value           uniform (0.000970309 0 0);
    }
    salida
    {
        type            zeroGradient;
    }
    defaultFaces
    {
        type            noSlip;
    }
}


// ************************************************************************* //
